trial b/dMass b/dRadius b/dEcc b/dOrbPeriod star/dMass star/dAge star/dXUVEngleMidLateA star/dXUVEngleMidLateB star/dXUVEngleMidLateC star/dXUVEngleMidLateD vpl/dStopTime 
rand_000 -1.668806 -1.127299 0.013813 -1.628932 0.192243 6302425.517976 -0.278188 -3.381814 -1.324957 0.372816 6590151548.326312 
rand_001 -1.667547 -1.195379 0.009772 -1.628889 0.196265 5246956.478017 -0.037884 -2.793408 -1.755810 0.200349 7127473387.724565 
rand_002 -1.700943 -1.121828 0.004480 -1.628946 0.196000 5952006.796616 -0.282055 -3.076103 -1.862493 0.275946 7136734127.763909 
rand_003 -1.646657 -1.136744 0.007167 -1.628882 0.190925 6166786.194069 -0.188268 -3.100107 -1.261039 0.335758 7801833721.957959 
rand_004 -1.637690 -1.141304 0.004438 -1.628926 0.190709 4889829.445051 -0.095063 -3.267202 -1.262981 0.199011 7021068285.631773 
rand_005 -1.692457 -1.146221 0.005036 -1.628931 0.196101 3843364.444389 -0.310400 -3.145787 -1.894205 0.382675 7760365740.817616 
rand_006 -1.649967 -1.118657 0.001674 -1.628876 0.194489 3688646.382414 -0.255423 -2.864307 -1.953872 0.322658 6982922399.590832 
rand_007 -1.656904 -1.138895 0.000842 -1.628928 0.195232 3328765.688334 -0.148967 -3.038326 -1.445500 0.206233 6645080746.653192 
rand_008 -1.666364 -1.122494 0.000313 -1.628953 0.194081 4187900.876223 -0.125631 -2.750844 -1.629419 0.310374 7204139167.517652 
rand_009 -1.683197 -1.137072 0.001918 -1.628946 0.184833 6054082.897872 -0.121525 -2.852428 -2.421495 0.324753 6949046396.236608 
rand_010 -1.629471 -1.129489 0.007602 -1.628949 0.183776 5915129.908322 -0.244513 -2.868655 -1.381706 0.299178 6886846123.891215 
rand_011 -1.641794 -1.115233 0.006226 -1.628926 0.195624 4479230.302304 -0.152502 -2.406349 -1.390179 0.218773 6573956139.940924 
rand_012 -1.674537 -1.141306 0.005426 -1.628938 0.199891 6087603.834813 -0.020601 -2.704790 -1.762956 0.294792 7490363061.366670 
rand_013 -1.653262 -1.135942 0.002715 -1.628972 0.197099 5102156.216679 -0.250401 -2.610185 -1.867812 0.396926 6955564305.920357 
rand_014 -1.657855 -1.127315 0.004609 -1.628906 0.186801 5000585.286874 -0.203420 -3.326485 -1.368716 0.248190 6740254666.312772 
rand_015 -1.661772 -1.141415 0.010998 -1.628978 0.185956 6767878.589463 -0.202858 -2.985785 -1.011588 0.224559 7275349305.773143 
rand_016 -1.665324 -1.140793 0.011281 -1.628951 0.202743 5337181.318435 -0.113317 -2.669029 -1.844821 0.311413 7422110251.776203 
rand_017 -1.694216 -1.114577 0.003740 -1.628969 0.199511 5734957.786995 -0.133921 -2.795992 -2.218167 0.341596 6455704132.975954 
rand_018 -1.679858 -1.126215 0.002427 -1.628887 0.188564 5668260.398494 -0.103180 -2.973501 -1.337027 0.200485 6922907794.818083 
rand_019 -1.623539 -1.130616 0.002255 -1.628907 0.196835 6653217.588711 -0.103171 -2.844644 -1.920599 0.313712 7502654966.394677 
rand_020 -1.669501 -1.132201 0.008669 -1.628939 0.199993 5409427.170557 -0.140442 -3.111268 -1.844733 0.321370 7379707311.693527 
rand_021 -1.688946 -1.162652 0.001119 -1.628931 0.200108 4967104.341774 -0.239368 -2.645937 -1.702965 0.283453 6907151262.580521 
rand_022 -1.670379 -1.103062 0.012763 -1.628958 0.195218 4914910.433857 -0.193638 -3.574425 -1.504548 0.274272 6680232822.737466 
rand_023 -1.668351 -1.111264 0.002458 -1.628933 0.183254 3983354.809949 -0.117196 -2.965554 -2.295094 0.375213 6486185630.798290 
rand_024 -1.620519 -1.160760 0.001348 -1.628974 0.187832 5724722.677803 -0.089828 -2.294379 -1.389087 0.103381 6644933467.817860 
rand_025 -1.651881 -1.135417 0.005937 -1.628900 0.189346 4717501.982643 -0.216889 -2.733420 -1.959129 0.362604 8090306992.831998 
rand_026 -1.630055 -1.140457 0.007944 -1.628917 0.201439 5513570.896069 -0.163579 -3.404366 -1.512485 0.229587 8010567127.036957 
rand_027 -1.712341 -1.103769 0.000321 -1.628917 0.197595 5975722.806934 0.027438 -2.901468 -1.312573 0.080513 7880930561.096268 
rand_028 -1.645186 -1.134166 0.007093 -1.628907 0.193589 6114129.722752 -0.091506 -3.296560 -1.575712 0.270639 7087152873.209558 
rand_029 -1.646081 -1.115753 0.003690 -1.629021 0.195135 6542946.809497 -0.141822 -2.921793 -2.344463 0.381217 7138764903.421619 
rand_030 -1.655350 -1.101500 0.004133 -1.628929 0.191783 5425631.896280 -0.152304 -3.346701 -1.421525 0.242235 6741679929.611851 
rand_031 -1.659520 -1.141943 0.003232 -1.628937 0.201146 6400791.462110 -0.121428 -3.132249 -1.723549 0.231354 7990912657.335970 
rand_032 -1.600450 -1.106571 0.001394 -1.628965 0.197058 5093905.464155 -0.180743 -2.958167 -1.573428 0.195179 6625863596.014513 
rand_033 -1.641959 -1.152770 0.003915 -1.628916 0.187669 6446002.193261 -0.058107 -3.348763 -1.505690 0.236070 6839983917.841607 
rand_034 -1.672698 -1.142886 0.006125 -1.628900 0.198057 3183770.166873 -0.123434 -3.103608 -1.397103 0.335659 6676969775.129219 
rand_035 -1.706137 -1.105198 0.004031 -1.628955 0.184828 4728887.607660 -0.179927 -2.687832 -1.641457 0.361509 7359281244.761108 
rand_036 -1.651757 -1.123324 0.006983 -1.628982 0.187870 4806533.325667 -0.199226 -3.482502 -1.423603 0.399246 8527965012.584694 
rand_037 -1.665815 -1.142367 0.004728 -1.628927 0.191926 5941169.921207 -0.183882 -2.499456 -2.198504 0.347102 7157938337.971974 
rand_038 -1.620697 -1.112152 0.006199 -1.628930 0.197221 3545155.491020 -0.144609 -2.587575 -1.669721 0.270912 7585816627.421490 
rand_039 -1.675226 -1.116540 0.001987 -1.628949 0.188309 6947458.502120 -0.233269 -2.776404 -1.394635 0.304026 6735044446.485171 
rand_040 -1.652773 -1.147154 0.004695 -1.628913 0.191116 6284828.448453 -0.236085 -2.749841 -1.789098 0.249783 6891454512.518396 
rand_041 -1.612550 -1.146640 0.008638 -1.628909 0.189131 5966353.921577 -0.141965 -3.226590 -1.493632 0.248027 6971736341.083032 
rand_042 -1.654084 -1.106844 0.005558 -1.628951 0.194869 4686239.985754 -0.169947 -3.044082 -1.224080 0.316334 6937350080.246134 
rand_043 -1.647404 -1.135541 0.005169 -1.628953 0.198513 3139429.941609 -0.164985 -3.243537 -1.467893 0.246186 6730017036.985707 
rand_044 -1.642598 -1.096271 0.001309 -1.628919 0.192887 5710320.757617 -0.174851 -2.461692 -1.000202 0.081216 7315875294.819788 
rand_045 -1.656857 -1.150712 0.007030 -1.628952 0.197203 4969595.507124 -0.184654 -3.072414 -1.892722 0.339645 7081598443.161816 
rand_046 -1.664584 -1.111928 0.014317 -1.628913 0.193421 3328786.108727 -0.202418 -2.764405 -1.762582 0.333826 7325691419.578601 
rand_047 -1.644761 -1.168022 0.002186 -1.628935 0.204308 5644104.222040 -0.039186 -2.711459 -1.861239 0.221663 6757438239.085310 
rand_048 -1.630748 -1.130360 0.000317 -1.628933 0.190336 6101295.715872 -0.055265 -2.778788 -1.694091 0.211915 7445835530.990802 
rand_049 -1.654194 -1.135883 0.008166 -1.628983 0.189593 5598892.672487 -0.124265 -3.167483 -2.040606 0.340634 6964384303.456838 
rand_050 -1.658699 -1.127008 0.003034 -1.628884 0.193170 3706703.525123 -0.218721 -2.910052 -1.387709 0.362091 6600817836.700891 
rand_051 -1.622081 -1.153264 0.003008 -1.628922 0.197026 6379469.770139 -0.110910 -2.676499 -1.321149 0.223262 8325736655.613282 
rand_052 -1.663457 -1.148748 0.003851 -1.628942 0.193325 3722274.043759 -0.132646 -2.914398 -0.937845 0.233396 7858613022.049655 
rand_053 -1.644282 -1.111876 0.008586 -1.628904 0.187208 5673980.876276 -0.194988 -3.206804 -1.468060 0.258114 7034135973.236273 
rand_054 -1.655224 -1.159346 0.002888 -1.628955 0.189678 5115173.988384 -0.315243 -3.470227 -1.687797 0.445195 7419707507.765325 
rand_055 -1.628618 -1.121837 0.004270 -1.628920 0.196451 4310031.636924 -0.093124 -3.464518 -1.711768 0.276954 7837457900.561835 
rand_056 -1.659513 -1.108311 0.005325 -1.628916 0.195634 3910824.345440 -0.221896 -2.949359 -1.777163 0.313203 6792832559.153406 
rand_057 -1.653609 -1.110856 0.017140 -1.628948 0.190067 4429785.702810 -0.205897 -2.806016 -1.870339 0.290663 7230408067.940470 
rand_058 -1.688698 -1.146436 0.000185 -1.628957 0.195945 4042125.799855 -0.134584 -2.603010 -1.706061 0.284416 7348151614.887495 
rand_059 -1.654476 -1.151607 0.006345 -1.628969 0.199461 5582722.354551 -0.271874 -2.797808 -1.590056 0.271466 6769351452.510562 
rand_060 -1.667514 -1.149454 0.006919 -1.628953 0.193226 3906690.763319 -0.135425 -3.300628 -1.700700 0.290341 7524015028.077320 
rand_061 -1.680031 -1.147809 0.005234 -1.628880 0.194718 6963398.734477 -0.104589 -3.194071 -1.506157 0.261703 6355140720.512159 
rand_062 -1.660882 -1.126445 0.006005 -1.628991 0.194183 6008424.069402 -0.098674 -2.814629 -1.247371 0.246651 7960249719.560412 
rand_063 -1.627590 -1.117838 0.001407 -1.628907 0.202625 4423716.027260 -0.158215 -2.610147 -2.263380 0.298815 6859814076.846192 
rand_064 -1.672606 -1.141308 0.005590 -1.628937 0.189918 5488189.426274 -0.158408 -2.887012 -1.920944 0.368850 6733875745.240005 
rand_065 -1.641493 -1.122496 0.004234 -1.628888 0.198502 4961254.683947 -0.179403 -3.368579 -1.616770 0.331634 7325094189.187593 
rand_066 -1.673461 -1.111821 0.009657 -1.628915 0.203980 5472534.710554 -0.133650 -2.722906 -1.683014 0.177404 6790714704.808209 
rand_067 -1.685995 -1.113608 0.002547 -1.628939 0.202765 4674128.185085 -0.196361 -2.687544 -1.668545 0.186907 6748608728.224519 
rand_068 -1.648414 -1.150326 0.001783 -1.628873 0.187799 4835910.695640 -0.111078 -2.717224 -2.026705 0.326855 7763149033.697069 
rand_069 -1.640851 -1.119294 0.004920 -1.628938 0.201076 3395987.836739 -0.124360 -2.959486 -2.056098 0.336852 6716623695.688413 
rand_070 -1.637476 -1.140529 0.008031 -1.628936 0.193847 3622102.814238 -0.106273 -2.781500 -1.894046 0.334190 7128274661.172596 
rand_071 -1.629193 -1.099434 0.003228 -1.628917 0.198622 3371051.872188 -0.134339 -2.921960 -1.972705 0.288960 7068693040.861300 
rand_072 -1.646131 -1.135526 0.007888 -1.628921 0.196850 5489676.005163 0.013571 -2.773991 -1.648506 0.169452 7949942338.100267 
rand_073 -1.668538 -1.116055 0.001583 -1.628904 0.197729 4558307.137641 -0.186189 -2.828027 -1.782681 0.315954 7653221766.164289 
rand_074 -1.697452 -1.141477 0.004002 -1.628953 0.189884 5496782.890487 -0.048782 -2.673364 -2.100421 0.303661 7571321287.720727 
rand_075 -1.667034 -1.164907 0.003136 -1.628945 0.198149 3546200.525604 -0.191004 -3.121934 -1.244585 0.300625 7349707565.083203 
rand_076 -1.622837 -1.140767 0.007926 -1.628953 0.194013 5084774.460747 -0.216044 -2.812458 -1.467035 0.317585 6900406144.903507 
rand_077 -1.677808 -1.139842 0.005464 -1.628956 0.190503 6550266.636586 -0.185615 -2.624552 -1.253155 0.212796 7009588974.406719 
rand_078 -1.675406 -1.090075 0.008938 -1.628936 0.192102 5356821.628577 -0.204721 -3.286131 -1.372764 0.349292 6537252520.836406 
rand_079 -1.685596 -1.156529 0.008882 -1.628918 0.196619 4992657.739913 -0.161207 -2.798682 -1.112049 0.174856 7289941955.019779 
rand_080 -1.660255 -1.097111 0.000502 -1.628886 0.194885 7352822.859461 -0.084502 -2.993443 -1.485875 0.188687 6654386112.912376 
rand_081 -1.636303 -1.129401 0.006676 -1.628892 0.198575 5483404.216585 -0.140039 -2.964495 -2.016665 0.261703 7017780150.278421 
rand_082 -1.598650 -1.135395 0.010968 -1.628917 0.194167 4759416.332394 -0.123288 -2.989436 -2.095739 0.337649 7601257116.557941 
rand_083 -1.702147 -1.162297 0.005541 -1.628968 0.191561 5953635.303504 -0.041592 -3.157967 -1.414815 0.267591 7382001261.396367 
rand_084 -1.689232 -1.152839 0.008253 -1.628938 0.192105 6631271.161025 -0.116894 -2.359928 -2.349622 0.363750 6920848775.516309 
rand_085 -1.620976 -1.140643 0.003075 -1.628923 0.185377 5059907.834905 -0.159140 -2.592291 -1.593900 0.283177 6809775515.421298 
rand_086 -1.659905 -1.147796 0.002444 -1.628888 0.186997 4882306.249974 -0.373076 -2.700360 -1.767747 0.389683 6592944591.837568 
rand_087 -1.668427 -1.150620 0.000211 -1.628927 0.201861 4704642.024685 -0.229020 -2.671372 -2.090467 0.309712 7264950609.797711 
rand_088 -1.706365 -1.149714 0.003068 -1.628905 0.192423 4800347.014231 -0.089381 -2.665527 -2.357577 0.336013 7026985585.117228 
rand_089 -1.640743 -1.117788 0.011455 -1.628923 0.198354 3765692.324940 -0.180025 -2.594093 -1.687009 0.287880 7415386702.798805 
rand_090 -1.666393 -1.143315 0.010267 -1.628925 0.202948 5502002.094078 -0.220383 -3.480493 -1.314864 0.245823 6863645261.912664 
rand_091 -1.647349 -1.133835 0.000262 -1.628905 0.188000 5144703.518575 -0.129528 -3.197549 -1.470869 0.313820 7371893857.415345 
rand_092 -1.673509 -1.158027 0.000758 -1.628902 0.192864 5022778.362727 -0.109685 -2.519050 -1.779060 0.199319 7223312302.316258 
rand_093 -1.672262 -1.095127 0.004344 -1.628937 0.189868 6186027.440359 -0.119404 -3.059961 -1.522359 0.181897 7550150060.499435 
rand_094 -1.657982 -1.116143 0.003973 -1.628973 0.191593 4568785.612579 -0.161746 -2.588837 -2.134779 0.246784 7161316727.857807 
rand_095 -1.658873 -1.152742 0.003812 -1.628940 0.194192 3933222.609173 -0.113485 -2.891364 -1.626870 0.231954 7159512889.012013 
rand_096 -1.667662 -1.115178 0.001883 -1.628939 0.188044 4187042.459005 -0.216684 -2.984305 -1.504249 0.230516 7124098966.281302 
rand_097 -1.657319 -1.151327 0.005050 -1.628950 0.186559 5858120.033919 -0.164553 -3.642314 -1.403907 0.392700 6700985330.131172 
rand_098 -1.638597 -1.123035 0.001714 -1.628953 0.196592 4562675.849938 -0.271349 -3.053486 -1.073216 0.230098 6825984477.105867 
rand_099 -1.696863 -1.130229 0.005720 -1.628933 0.194960 4593579.878398 -0.218227 -3.558383 -1.320325 0.326970 7076908095.173771 
rand_100 -1.680183 -1.103573 0.007270 -1.628954 0.196647 4675026.493097 -0.145049 -2.793503 -1.642886 0.292236 7387413507.816041 
rand_101 -1.660024 -1.149916 0.009429 -1.628938 0.196383 3706157.214982 -0.181769 -3.022109 -1.615511 0.275369 6812085731.637326 
rand_102 -1.652112 -1.167231 0.004801 -1.628905 0.190726 5136767.295784 -0.149911 -3.286422 -1.611074 0.219375 7065562926.118551 
rand_103 -1.656677 -1.146379 0.011059 -1.628935 0.192051 4161119.633890 -0.220123 -3.164467 -1.147991 0.220112 6753950257.389658 
rand_104 -1.664064 -1.134426 0.008598 -1.628905 0.187803 3900808.054020 -0.087290 -2.690190 -1.346637 0.203718 7095200944.384115 
rand_105 -1.658659 -1.131898 0.005103 -1.628903 0.188755 5744365.067294 -0.116712 -3.312116 -1.978085 0.361912 7122664169.049592 
rand_106 -1.669582 -1.117810 0.001776 -1.628917 0.197632 6864903.631117 -0.100331 -2.673883 -1.339102 0.214982 7196698320.404921 
rand_107 -1.620366 -1.152995 0.007019 -1.628931 0.198914 2191675.218982 -0.190509 -2.884887 -1.675947 0.333117 7399273318.808549 
rand_108 -1.641984 -1.147162 0.002819 -1.628894 0.194810 4421876.173076 -0.120066 -3.463848 -1.948221 0.334270 7442121134.188608 
rand_109 -1.688884 -1.119926 0.000111 -1.628929 0.192586 5148176.308987 -0.105831 -2.853854 -2.149374 0.322000 6833384874.473981 
rand_110 -1.657432 -1.105572 0.006693 -1.628958 0.196228 5373309.195751 -0.176279 -2.964596 -1.726691 0.266071 7048511588.856403 
rand_111 -1.616684 -1.118074 0.004567 -1.628881 0.196842 5811118.100540 -0.126751 -2.647324 -2.354781 0.337600 7366828164.132641 
rand_112 -1.674639 -1.160877 0.002605 -1.628961 0.190702 4231900.660866 -0.262183 -2.512669 -1.348269 0.328495 6591073045.698688 
rand_113 -1.643355 -1.119765 0.001379 -1.628941 0.190838 4976692.114782 -0.136116 -2.969000 -1.994148 0.294870 6858706192.112100 
rand_114 -1.632112 -1.126584 0.004327 -1.628934 0.195320 5042344.873087 -0.172602 -3.151356 -1.878379 0.368438 6922944585.606020 
rand_115 -1.691072 -1.092516 0.008603 -1.628977 0.186098 5789481.412171 -0.145101 -2.884068 -2.122840 0.396810 7232430916.621506 
rand_116 -1.679051 -1.135355 0.000592 -1.628931 0.196523 4947384.289210 -0.136269 -3.002953 -1.378121 0.308912 6789476106.996585 
rand_117 -1.661103 -1.136146 0.001365 -1.628960 0.191199 3570255.717964 -0.150649 -3.202411 -1.588887 0.295559 7477029523.880390 
rand_118 -1.652828 -1.119673 0.006697 -1.628951 0.198000 3698470.325714 -0.251051 -3.324630 -1.086042 0.219712 7287472305.360150 
rand_119 -1.669678 -1.147754 0.004501 -1.628931 0.191087 3707295.740997 -0.061287 -2.733347 -2.170916 0.311929 7109414257.572800 
rand_120 -1.642047 -1.146532 0.005667 -1.628906 0.201038 4566330.512713 -0.230237 -2.854696 -1.719036 0.393330 7907219813.324042 
rand_121 -1.646271 -1.162777 0.010230 -1.628946 0.201875 7535179.793814 -0.254379 -3.469938 -1.275906 0.218649 7514385330.670280 
rand_122 -1.667905 -1.140464 0.002246 -1.628922 0.192811 5048404.017499 -0.142397 -2.610417 -2.013878 0.307720 7479920346.173767 
rand_123 -1.677611 -1.122790 0.001257 -1.628908 0.193522 5592637.427643 -0.098104 -2.533413 -1.740148 0.248943 8360014696.388708 
rand_124 -1.676733 -1.109652 0.007582 -1.628924 0.192137 4469149.766709 -0.130548 -3.196478 -1.576699 0.266980 7188074036.101484 
rand_125 -1.638905 -1.127697 0.001030 -1.628972 0.196959 5431907.575642 -0.107919 -2.836641 -0.870883 0.089117 7026904731.424465 
rand_126 -1.656784 -1.138688 0.002051 -1.628968 0.200929 5214285.100951 -0.109166 -3.104283 -1.539652 0.198583 7131064895.804750 
rand_127 -1.710303 -1.109576 0.002706 -1.628922 0.189755 4504988.913339 -0.083347 -3.189218 -1.353261 0.151455 7241372274.357141 
rand_128 -1.663895 -1.132316 0.005862 -1.628927 0.189000 3603882.503269 -0.182913 -3.003866 -1.731833 0.292799 7374658053.802951 
rand_129 -1.668082 -1.178793 0.004167 -1.628922 0.198039 4253397.779407 -0.084617 -2.952250 -1.602598 0.256970 6658488972.265240 
rand_130 -1.682624 -1.090147 0.004679 -1.628899 0.199298 4726791.977005 -0.119390 -3.079979 -1.489730 0.298820 7069012963.506373 
rand_131 -1.627360 -1.108005 0.001727 -1.628923 0.193670 4119121.546763 -0.144102 -3.299130 -1.690099 0.325735 6921432275.759201 
rand_132 -1.684745 -1.124558 0.004751 -1.628938 0.202931 6745321.045233 -0.240944 -3.077475 -1.765840 0.246074 7257799423.346789 
rand_133 -1.669502 -1.150642 0.004641 -1.628917 0.196978 4810001.701778 -0.110715 -3.327719 -1.431000 0.232217 7255309200.829440 
rand_134 -1.660562 -1.137247 0.000235 -1.628924 0.192065 6142422.085037 -0.169502 -3.317978 -1.868747 0.347460 7863917512.770986 
rand_135 -1.668126 -1.129996 0.006888 -1.628909 0.194145 5663002.848657 -0.136879 -2.620409 -1.587226 0.265714 7867372070.416851 
rand_136 -1.605828 -1.120275 0.004508 -1.628920 0.193754 5364210.605448 -0.141932 -2.897055 -1.460587 0.196984 7029007053.779741 
rand_137 -1.675173 -1.166366 0.002816 -1.628945 0.192644 5098636.482410 -0.146497 -3.143002 -1.274442 0.171397 6737653177.439596 
rand_138 -1.639729 -1.141172 0.001966 -1.628914 0.195055 4245927.729366 -0.130484 -2.620432 -2.394102 0.391634 7567320471.114525 
rand_139 -1.652233 -1.114757 0.005758 -1.628935 0.184731 6298190.681061 -0.169296 -2.754139 -2.035425 0.343745 7641601291.139356 
rand_140 -1.643280 -1.127733 0.006056 -1.628963 0.192423 6232705.420689 -0.125619 -3.534725 -1.570719 0.299810 7617534883.716451 
rand_141 -1.656651 -1.135767 0.013589 -1.628949 0.195457 4181271.313128 -0.077546 -3.101812 -2.115017 0.321777 7115634564.230498 
rand_142 -1.681105 -1.133249 0.004159 -1.628952 0.196037 5929235.704091 -0.102675 -3.105764 -1.445839 0.323555 6974839556.324344 
rand_143 -1.647554 -1.152568 0.002397 -1.628963 0.192503 4301165.762835 -0.106734 -3.268561 -1.815795 0.321393 7742049606.641805 
rand_144 -1.700799 -1.132600 0.008056 -1.628915 0.196813 5068990.074678 -0.059192 -3.008773 -1.284007 0.162304 6818207840.606715 
rand_145 -1.655510 -1.154019 0.003287 -1.628969 0.195749 4093835.937696 -0.097438 -2.580304 -1.795063 0.281198 7042263217.818694 
rand_146 -1.691089 -1.123488 0.000779 -1.628895 0.204079 3860399.758773 -0.041294 -2.952302 -2.401513 0.304131 7545117336.252066 
rand_147 -1.629144 -1.128199 0.009220 -1.628927 0.199304 5347237.184181 -0.269339 -2.521073 -1.807861 0.288375 7312756194.332407 
rand_148 -1.660178 -1.129815 0.003221 -1.628935 0.196552 5836869.827210 -0.168803 -3.340915 -1.677810 0.288168 6784984711.206288 
rand_149 -1.635758 -1.161740 0.004485 -1.628962 0.195421 4968634.747068 -0.189980 -3.461425 -1.340635 0.296441 7013759979.525171 
rand_150 -1.625149 -1.141702 0.003572 -1.628937 0.188101 5213354.706974 -0.226468 -2.787031 -1.004734 0.190180 6924301499.025760 
rand_151 -1.689329 -1.137855 0.005031 -1.628938 0.196170 3639611.948028 -0.159389 -2.868486 -2.623641 0.415167 6733103967.772303 
rand_152 -1.648806 -1.132943 0.001228 -1.628953 0.198178 4214632.303624 -0.267967 -2.767455 -1.329741 0.240880 6903885013.983963 
rand_153 -1.655047 -1.131446 0.008404 -1.628922 0.192509 3183803.851860 -0.204071 -2.622787 -1.440800 0.359686 7751468923.662414 
rand_154 -1.644800 -1.129182 0.001656 -1.628916 0.191510 4619417.393972 -0.251808 -3.261312 -1.268321 0.356455 7977745176.219597 
rand_155 -1.657677 -1.136499 0.002944 -1.628923 0.194922 4645921.097080 -0.092228 -3.020963 -1.644802 0.330594 7495491257.279252 
rand_156 -1.662798 -1.124927 0.007137 -1.628892 0.188202 5769190.122976 -0.213575 -3.165066 -2.128281 0.364335 7673773114.721527 
rand_157 -1.617619 -1.097224 0.004297 -1.628952 0.189303 5032245.077185 -0.135761 -2.946531 -1.743543 0.324443 7424997784.996596 
rand_158 -1.687986 -1.112099 0.000327 -1.628951 0.191143 5943747.301630 -0.245130 -2.424293 -2.162794 0.363400 7489108147.406868 
rand_159 -1.656637 -1.117039 0.007113 -1.628943 0.179278 5831379.177145 -0.163597 -3.172436 -2.097672 0.347901 7401362104.556602 
rand_160 -1.663339 -1.181352 0.004827 -1.628914 0.198361 4671619.779623 -0.221880 -3.143586 -1.453929 0.338319 7603281844.139427 
rand_161 -1.641065 -1.164006 0.005411 -1.628922 0.190360 7029393.825794 -0.151570 -3.506581 -1.304829 0.332239 7383357206.180868 
rand_162 -1.634794 -1.120729 0.006914 -1.628974 0.191749 4477890.859493 -0.095844 -3.401627 -1.274629 0.235932 6606224426.527685 
rand_163 -1.615550 -1.148735 0.005121 -1.628924 0.190659 3236647.225383 -0.131328 -3.054443 -1.233441 0.281976 6810578004.905823 
rand_164 -1.687376 -1.118295 0.005461 -1.628970 0.187214 5555933.520784 -0.091439 -3.664783 -1.463075 0.266004 6785242234.534771 
rand_165 -1.684708 -1.154367 0.002078 -1.628911 0.195586 4366608.652983 -0.116923 -3.111781 -1.624744 0.353420 6839682311.335972 
rand_166 -1.668169 -1.135263 0.005844 -1.628906 0.188729 5025659.500411 -0.180231 -3.095214 -2.358434 0.350513 6998689777.246202 
rand_167 -1.697940 -1.101097 0.006494 -1.628959 0.187382 5526579.657980 -0.066994 -2.578921 -1.951794 0.239969 7567562258.066933 
rand_168 -1.693144 -1.156870 0.005080 -1.628949 0.197526 4368112.028464 -0.185267 -3.502836 -1.540903 0.364577 6873656887.850858 
rand_169 -1.658520 -1.119470 0.003890 -1.628955 0.193634 3669914.100213 -0.135246 -2.474395 -1.653838 0.250755 7268623131.589540 
rand_170 -1.666670 -1.123410 0.000016 -1.628896 0.186722 4033062.736285 -0.235090 -3.066441 -1.574658 0.335758 7366020115.764251 
rand_171 -1.658235 -1.111094 0.009966 -1.628951 0.189401 4398457.665168 -0.108471 -3.127537 -1.145699 0.168457 6923122229.383532 
rand_172 -1.653279 -1.077507 0.003037 -1.628910 0.193258 5265843.175413 -0.055075 -3.199623 -1.887498 0.261128 6476814802.536707 
rand_173 -1.657993 -1.090724 0.000667 -1.628918 0.193258 4768792.740838 -0.090936 -3.600332 -1.405894 0.200301 7082925014.496181 
rand_174 -1.657900 -1.094604 0.003485 -1.628917 0.197521 3991016.043933 -0.072418 -2.537818 -2.142308 0.339941 7023121252.038863 
rand_175 -1.657113 -1.104464 0.003643 -1.628943 0.189091 7305109.829433 -0.331233 -2.194786 -1.797311 0.343886 7035423019.442055 
rand_176 -1.672433 -1.098333 0.006196 -1.628975 0.196546 5286142.371972 -0.172948 -2.352842 -2.472675 0.338688 6846874539.023367 
rand_177 -1.684544 -1.111166 0.001495 -1.628981 0.189214 3400985.209106 -0.387912 -3.284095 -1.502021 0.352936 7268439113.636958 
rand_178 -1.691713 -1.148066 0.000080 -1.628939 0.192532 5794052.298193 -0.167046 -2.638713 -1.668508 0.287658 7511839867.364800 
rand_179 -1.664365 -1.114818 0.003810 -1.628967 0.195777 6414784.297266 -0.098431 -2.933633 -1.979390 0.214234 6160844155.286114 
rand_180 -1.667915 -1.118383 0.003844 -1.628959 0.199757 3623167.102872 -0.066653 -3.260521 -1.464325 0.220752 6754033677.113691 
rand_181 -1.590517 -1.117864 0.009394 -1.628948 0.189642 4657181.893867 -0.169624 -2.844947 -1.545840 0.331284 6974696524.364700 
rand_182 -1.625610 -1.132641 0.004356 -1.628937 0.193973 4787707.694126 -0.265350 -3.438979 -1.074540 0.352074 6757725971.241102 
rand_183 -1.647372 -1.149571 0.004608 -1.628962 0.196130 5505505.364847 -0.069167 -3.327257 -1.216092 0.127244 7187947744.752947 
rand_184 -1.704619 -1.140179 0.003703 -1.628921 0.192124 4630852.649703 -0.157933 -2.979702 -1.513718 0.289785 7159871770.764057 
rand_185 -1.679299 -1.126876 0.000393 -1.628943 0.186607 5821473.796946 -0.094807 -3.069939 -2.032029 0.290506 6983194042.172784 
rand_186 -1.642311 -1.137180 0.001182 -1.628906 0.192662 4746000.840604 -0.124665 -2.815577 -1.586221 0.311703 7884853925.137615 
rand_187 -1.659714 -1.118379 0.001393 -1.628923 0.195075 4603643.237483 -0.061846 -2.688735 -1.592585 0.250960 6710607660.972563 
rand_188 -1.637005 -1.109804 0.009803 -1.628913 0.192328 5936793.106265 -0.089037 -3.359107 -1.961099 0.275207 7568194511.018224 
rand_189 -1.659995 -1.145655 0.002096 -1.628985 0.188748 4227252.304724 -0.277316 -3.126715 -1.532018 0.313832 7233635593.635632 
rand_190 -1.653113 -1.141709 0.002537 -1.628902 0.197917 6966134.728988 -0.133905 -2.682282 -1.551717 0.270823 6973924610.889059 
rand_191 -1.669208 -1.177254 0.001103 -1.628907 0.190215 3168075.307123 -0.146827 -3.235631 -1.310301 0.274750 7327638908.294188 
rand_192 -1.681719 -1.119116 0.010243 -1.628883 0.192700 5042434.132708 -0.162118 -2.939918 -1.996275 0.311203 7243991506.356848 
rand_193 -1.680779 -1.120322 0.007029 -1.628941 0.194334 5150020.500939 -0.177994 -3.514709 -1.297247 0.354164 8139899160.657199 
rand_194 -1.682505 -1.081832 0.004340 -1.628936 0.193192 5313111.152663 -0.103114 -2.826386 -2.105669 0.334832 6816632774.648301 
rand_195 -1.681376 -1.129539 0.004440 -1.628937 0.194942 5695331.689727 -0.180250 -2.630582 -1.459419 0.282956 6411140212.412185 
rand_196 -1.660044 -1.132919 0.006166 -1.628934 0.195486 5363815.309133 -0.287065 -2.656585 -1.694418 0.386998 7875452842.669975 
rand_197 -1.669101 -1.120999 0.001175 -1.628888 0.195343 3065772.255778 -0.170688 -3.118575 -1.539318 0.289371 8174195803.067706 
rand_198 -1.648489 -1.092245 0.010453 -1.628946 0.189503 6119804.905503 -0.191313 -2.348289 -1.539177 0.239259 7379299548.619641 
rand_199 -1.668183 -1.111760 0.006828 -1.628961 0.194558 3128165.173117 -0.059786 -2.887485 -1.452528 0.261502 7414948134.005922 
rand_200 -1.662729 -1.125840 0.006337 -1.628956 0.182096 5367151.944722 -0.124434 -2.972995 -1.948773 0.368776 7718234919.109044 
rand_201 -1.672985 -1.132052 0.001547 -1.628895 0.189845 5239361.231287 -0.093194 -3.742308 -1.481576 0.256679 7743915976.688735 
rand_202 -1.630288 -1.092594 0.004024 -1.628887 0.198596 3851505.018654 -0.358180 -3.393886 -1.928753 0.444547 7238824837.359691 
rand_203 -1.639436 -1.108192 0.004525 -1.628913 0.190902 4590969.644152 -0.163666 -3.191023 -1.812638 0.367983 6628627724.011850 
rand_204 -1.652049 -1.159278 0.004900 -1.628947 0.194527 4050896.483559 -0.174754 -2.681782 -1.940431 0.293708 6794251946.648524 
rand_205 -1.654735 -1.118323 0.001763 -1.628876 0.184623 3841107.095087 -0.113818 -2.830703 -1.679491 0.200315 7160033933.347192 
rand_206 -1.656612 -1.106926 0.009143 -1.628952 0.192880 5757539.589286 -0.030016 -3.523272 -2.014929 0.270682 7077848860.124496 
rand_207 -1.652169 -1.131559 0.004752 -1.628942 0.189389 3577056.323504 -0.162448 -3.124532 -1.771244 0.277497 7150287217.351359 
rand_208 -1.650472 -1.118024 0.001374 -1.628945 0.192530 3944762.899685 -0.242594 -2.811424 -1.221111 0.259851 7030271717.980727 
rand_209 -1.612829 -1.140842 0.001549 -1.628928 0.190523 5061023.075758 -0.106710 -2.974191 -1.635209 0.177182 6244908026.257700 
rand_210 -1.650250 -1.101277 0.002342 -1.628884 0.185867 5387544.379628 -0.165996 -2.931357 -1.751945 0.237266 7685179965.766411 
rand_211 -1.661345 -1.119168 0.006271 -1.628894 0.186051 3889280.013632 -0.109535 -2.331541 -2.125184 0.303686 7372735442.822620 
rand_212 -1.634847 -1.139585 0.011885 -1.628948 0.197740 6627932.196086 -0.105473 -2.840144 -1.547580 0.163145 6531652479.629428 
rand_213 -1.623064 -1.131156 0.000124 -1.628940 0.197368 6175732.839598 -0.183599 -2.858638 -1.297175 0.226557 7404533367.046698 
rand_214 -1.679886 -1.144459 0.003389 -1.628906 0.189099 3253292.232745 -0.158399 -3.500243 -1.180518 0.226773 6944077138.385695 
rand_215 -1.694372 -1.150176 0.010647 -1.628955 0.192505 5645401.289785 -0.140990 -2.589430 -1.443143 0.240668 6501351197.574547 
rand_216 -1.661136 -1.156645 0.004673 -1.628963 0.193785 6284062.375682 -0.165551 -3.627957 -1.478455 0.332587 7171914675.287134 
rand_217 -1.699132 -1.098336 0.006225 -1.628939 0.199494 3006441.314058 -0.222616 -3.199928 -1.511312 0.311046 8288902245.458942 
rand_218 -1.639537 -1.113790 0.002749 -1.628961 0.197353 4663246.712670 -0.023385 -3.148396 -1.721180 0.257969 6844021586.388152 
rand_219 -1.667182 -1.103965 0.001048 -1.628919 0.190901 5329845.591509 -0.135951 -3.197817 -1.829120 0.302348 6395867212.062208 
rand_220 -1.652720 -1.132975 0.002142 -1.628904 0.192669 4772467.772956 -0.180412 -2.926168 -1.009962 0.301044 6665124468.285979 
rand_221 -1.659962 -1.151738 0.000578 -1.628945 0.192647 4302725.331681 -0.004890 -2.570689 -1.633869 0.193743 7260859656.317850 
rand_222 -1.670848 -1.111683 0.003157 -1.628927 0.204576 4026168.005475 -0.066568 -2.848691 -1.567534 0.190406 7632258470.464482 
rand_223 -1.652060 -1.180043 0.006733 -1.628932 0.184105 5134196.265418 -0.169232 -3.146490 -1.219588 0.328988 7060047561.735933 
rand_224 -1.697936 -1.139250 0.003675 -1.628901 0.196187 5055550.184158 -0.079886 -2.377653 -2.085464 0.321485 7382444667.118690 
rand_225 -1.666937 -1.114722 0.006640 -1.628946 0.194035 5635980.072031 -0.045204 -2.781897 -1.668303 0.278551 7031115174.957456 
rand_226 -1.659917 -1.175155 0.001131 -1.628969 0.197513 5223051.309655 -0.168469 -2.357427 -1.113926 0.169336 7107136306.890869 
rand_227 -1.701365 -1.117296 0.006139 -1.628892 0.187103 5948454.111482 -0.218539 -3.288094 -2.175808 0.385742 6808382913.585243 
rand_228 -1.676013 -1.135659 0.001163 -1.628950 0.194292 6680630.165682 -0.115585 -2.876811 -1.945578 0.235465 6501064523.658873 
rand_229 -1.657518 -1.121325 0.006720 -1.628907 0.197895 6845596.164203 -0.078819 -2.442468 -2.296324 0.239969 7037745300.833774 
rand_230 -1.683639 -1.135082 0.004160 -1.628918 0.192706 4574115.765282 -0.096509 -2.951054 -1.708423 0.253452 6596384411.666836 
rand_231 -1.620600 -1.169164 0.009851 -1.628909 0.194139 2785435.044794 -0.278299 -3.266408 -1.298548 0.206006 7922228123.586408 
rand_232 -1.663389 -1.107070 0.009510 -1.628934 0.193931 6156027.307835 -0.222337 -2.627347 -1.458401 0.331093 7435103398.661799 
rand_233 -1.670026 -1.144581 0.003299 -1.628912 0.188755 4394150.370603 -0.192405 -2.989724 -1.945179 0.315841 7048385459.961321 
rand_234 -1.634869 -1.128397 0.007450 -1.628916 0.194056 5503195.771021 -0.217402 -2.690959 -1.625926 0.358532 7437457973.358366 
rand_235 -1.622429 -1.106466 0.008270 -1.628952 0.196579 6750787.818587 -0.105563 -2.883626 -2.062123 0.322164 7366632895.190883 
rand_236 -1.610688 -1.107098 0.010391 -1.628903 0.198210 4227198.613227 -0.183981 -3.290610 -1.231818 0.198948 7041532536.045311 
rand_237 -1.657415 -1.156571 0.002144 -1.628893 0.197925 5562271.814472 -0.055609 -3.298782 -1.833457 0.245568 6480926492.709503 
rand_238 -1.668347 -1.091477 0.007034 -1.628974 0.199237 5630339.837807 -0.258480 -2.812986 -1.555985 0.370145 7850137101.109244 
rand_239 -1.647301 -1.155691 0.001989 -1.628927 0.190584 5411696.306559 -0.171081 -2.872439 -1.929647 0.305994 6864635240.527090 
rand_240 -1.617464 -1.107881 0.002032 -1.628937 0.203127 6677435.160518 -0.135935 -3.079615 -1.435439 0.286344 6918490227.887053 
rand_241 -1.655295 -1.115334 0.001970 -1.628888 0.203515 5853026.320011 -0.099581 -3.043652 -1.083416 0.271805 6923962944.588631 
rand_242 -1.636417 -1.101105 0.002762 -1.628937 0.188686 4880270.907682 -0.123600 -2.691317 -1.312195 0.188954 6873047192.454413 
rand_243 -1.631846 -1.099460 0.001327 -1.628910 0.192771 6103258.756617 -0.173801 -2.658946 -1.341671 0.301608 7264753628.019198 
rand_244 -1.645335 -1.165373 0.010193 -1.628942 0.192877 5035054.291267 -0.134987 -3.147545 -1.572901 0.314533 7686562538.828708 
rand_245 -1.624060 -1.133895 0.001313 -1.628951 0.192617 4295340.045242 -0.015759 -2.881501 -1.656610 0.149886 7646210237.103337 
rand_246 -1.661001 -1.127535 0.007519 -1.628877 0.191175 4059070.827782 -0.159910 -2.853269 -1.661233 0.374620 6943301933.911359 
rand_247 -1.679548 -1.135875 0.002387 -1.628962 0.195472 6657848.491016 -0.125889 -2.756129 -1.869837 0.251531 7040237344.873764 
rand_248 -1.663940 -1.155695 0.010485 -1.628938 0.187139 6234176.494201 0.023343 -2.743420 -1.961052 0.234150 7355193592.891310 
rand_249 -1.678524 -1.107934 0.007976 -1.628915 0.196064 7125575.875049 -0.241907 -2.994327 -1.327301 0.281749 7101173791.742527 
rand_250 -1.668789 -1.140881 0.003735 -1.628931 0.192669 4567419.671416 -0.178557 -2.674678 -1.321262 0.365469 6984300251.282380 
rand_251 -1.694031 -1.130641 0.006336 -1.628971 0.197153 7161059.531849 -0.172217 -3.137820 -1.083095 0.224135 9924958353.687010 
rand_252 -1.705260 -1.154847 0.002358 -1.629001 0.199746 6403714.291961 -0.139170 -3.180342 -1.466577 0.318729 6919214322.902865 
rand_253 -1.699185 -1.130502 0.001120 -1.628950 0.187972 4975160.006506 -0.110776 -2.565851 -1.800054 0.287202 6953663074.842444 
rand_254 -1.702288 -1.148230 0.009441 -1.628890 0.192532 4240799.650167 -0.066944 -2.613116 -1.775852 0.314833 6882545098.605932 
rand_255 -1.682481 -1.122638 0.004325 -1.628931 0.196147 6651524.514161 -0.101670 -2.848577 -2.176792 0.225191 6471254318.203006 
rand_256 -1.673877 -1.105532 0.004724 -1.628947 0.188838 4260353.121308 -0.085494 -2.685366 -1.562256 0.185060 6865185587.881387 
rand_257 -1.641048 -1.130855 0.001221 -1.628926 0.192287 3937769.051113 -0.098419 -2.928850 -1.838756 0.230329 6346616898.779315 
rand_258 -1.650554 -1.108322 0.002926 -1.628871 0.196318 3938143.809803 -0.123718 -2.862090 -1.297539 0.203122 8083912421.638216 
rand_259 -1.661641 -1.098982 0.002508 -1.628917 0.203875 4759655.293704 -0.135254 -2.309473 -1.521000 0.227608 6921606083.731892 
rand_260 -1.633268 -1.116054 0.001767 -1.628935 0.196064 3627474.810174 -0.183899 -3.321836 -1.497309 0.397090 7193303038.292870 
rand_261 -1.632870 -1.117808 0.004097 -1.628930 0.198089 5545941.008305 -0.171730 -2.714283 -1.243560 0.227493 7652544205.352457 
rand_262 -1.666627 -1.100665 0.000784 -1.628900 0.193627 5957046.590350 -0.171746 -2.805881 -1.820358 0.357085 6421489267.939756 
rand_263 -1.666323 -1.114727 0.002527 -1.628968 0.189676 5672407.959123 -0.146458 -2.520377 -2.012096 0.330804 6693447057.017040 
rand_264 -1.647585 -1.111945 0.004112 -1.628945 0.185133 4961804.939929 -0.170907 -2.927121 -1.536926 0.212620 7270512684.955508 
rand_265 -1.657590 -1.151014 0.006209 -1.628929 0.198200 5154619.329983 -0.100238 -2.766730 -1.366537 0.301231 6679419920.139584 
rand_266 -1.690556 -1.129663 0.003502 -1.628938 0.193119 5949640.628201 -0.162048 -2.539299 -1.755984 0.377386 7028021386.229628 
rand_267 -1.672399 -1.150493 0.006795 -1.628915 0.191696 5548706.980119 -0.032433 -3.302351 -2.064945 0.174539 7347228695.577065 
rand_268 -1.675214 -1.133511 0.000365 -1.628901 0.190019 4907504.676610 -0.139228 -3.661052 -2.040949 0.358478 8031987678.299423 
rand_269 -1.634053 -1.106810 0.008290 -1.628900 0.192095 4526273.393729 -0.286258 -2.764540 -1.703105 0.324712 7566489785.784174 
rand_270 -1.687813 -1.113752 0.006301 -1.628915 0.200671 4294450.384345 -0.112410 -2.986208 -1.560877 0.276482 7136227866.153438 
rand_271 -1.690301 -1.160341 0.002505 -1.628962 0.199163 5503318.174058 -0.126375 -2.858279 -1.510951 0.226477 7187855114.502612 
rand_272 -1.635510 -1.139112 0.002241 -1.628953 0.193258 5300217.034381 -0.109398 -2.808559 -1.780207 0.275951 6834385446.904764 
rand_273 -1.642869 -1.141853 0.006739 -1.628912 0.200734 5208760.059211 -0.130740 -2.422531 -1.586748 0.227260 6262391246.421203 
rand_274 -1.684162 -1.144402 0.002294 -1.628941 0.191780 5110566.030601 -0.287480 -2.288221 -1.624983 0.339555 6857046267.729294 
rand_275 -1.666244 -1.156818 0.001903 -1.628922 0.198708 6233092.343073 -0.142615 -3.179580 -1.387596 0.302359 7093070619.883675 
rand_276 -1.697948 -1.104535 0.010681 -1.628952 0.198912 4516016.591951 -0.272778 -2.571483 -1.207359 0.294866 6559629696.328750 
rand_277 -1.678804 -1.135625 0.001079 -1.628910 0.191033 5676707.711444 -0.127284 -3.022125 -1.716237 0.309574 6898999823.016221 
rand_278 -1.676076 -1.122543 0.000355 -1.628960 0.182648 4953965.986354 -0.167562 -3.352462 -2.083187 0.394409 7619116262.516826 
rand_279 -1.632922 -1.164742 0.000084 -1.628864 0.191906 5453426.852925 -0.166344 -2.511934 -1.445902 0.278025 7439813493.075537 
rand_280 -1.638646 -1.147440 0.006903 -1.628964 0.196423 4911013.534422 -0.178362 -2.938288 -1.741944 0.295936 7173940365.160215 
rand_281 -1.678383 -1.146924 0.002048 -1.628895 0.196137 5766735.063146 -0.181959 -3.110455 -1.806932 0.307204 7156689820.970293 
rand_282 -1.638483 -1.134781 0.005405 -1.628902 0.185673 5260478.767784 -0.202303 -3.058942 -1.801696 0.352897 6681123200.076835 
rand_283 -1.656466 -1.131185 0.008463 -1.628906 0.195718 5379743.093923 -0.365412 -2.622835 -1.260199 0.331345 7925733926.755593 
rand_284 -1.692931 -1.155229 0.000333 -1.628954 0.188458 4345275.173203 -0.060339 -2.851399 -2.210591 0.270022 7137705616.038236 
rand_285 -1.698707 -1.146967 0.007520 -1.628938 0.198886 5048206.663227 -0.141734 -2.631240 -1.906924 0.302348 6872309929.706308 
rand_286 -1.671091 -1.116340 0.003258 -1.628912 0.193593 3581213.701248 -0.189913 -3.065053 -2.076628 0.326558 7240134837.527492 
rand_287 -1.655172 -1.142018 0.015269 -1.628949 0.200513 4180108.610466 -0.137019 -3.027394 -1.714235 0.269111 7493775974.234368 
rand_288 -1.650016 -1.118735 0.001393 -1.628937 0.193736 6848583.314001 -0.126684 -2.991968 -1.617762 0.299977 6761388397.346000 
rand_289 -1.666394 -1.143662 0.000286 -1.628953 0.194303 3832307.607760 -0.119173 -3.314660 -1.928948 0.347716 7313602624.674161 
rand_290 -1.671203 -1.101245 0.004078 -1.628898 0.187423 6290760.801094 -0.224489 -2.752750 -1.968499 0.296295 7548601861.748132 
rand_291 -1.632954 -1.116802 0.006956 -1.628980 0.195266 6096335.017233 -0.120555 -2.954527 -1.325035 0.091145 6860752104.195340 
rand_292 -1.696161 -1.123949 0.001924 -1.628897 0.200400 5852767.068280 -0.161362 -2.902896 -2.665594 0.409752 7155418107.541401 
rand_293 -1.718494 -1.133865 0.007294 -1.628890 0.203631 4449033.484201 -0.268637 -3.235963 -1.223034 0.330105 6894525201.911661 
rand_294 -1.641237 -1.131925 0.000917 -1.628927 0.198914 3753558.372229 -0.134541 -3.154750 -1.754531 0.291047 7666623458.681705 
rand_295 -1.624774 -1.131707 0.003512 -1.628977 0.193036 5262349.894339 -0.206308 -2.587729 -1.562736 0.287557 8016717575.835253 
rand_296 -1.703743 -1.124237 0.007223 -1.628897 0.189371 4964108.972726 -0.291003 -3.072101 -1.216673 0.357379 7169657459.588860 
rand_297 -1.675903 -1.120621 0.002474 -1.628905 0.191563 4614338.151617 -0.088045 -2.692915 -1.349166 0.267793 6877366543.219258 
rand_298 -1.673325 -1.100160 0.000888 -1.628926 0.196176 5546320.088988 -0.143466 -2.704067 -1.756987 0.206763 6604451530.123438 
rand_299 -1.652607 -1.117236 0.000949 -1.628884 0.188093 5634979.424894 -0.259159 -3.413233 -1.144998 0.323583 7212412935.425683 
rand_300 -1.678239 -1.129550 0.002747 -1.628927 0.197792 4550018.494036 -0.173794 -2.888384 -1.722532 0.314812 7506440404.126390 
rand_301 -1.671068 -1.143014 0.008424 -1.628943 0.196701 5793220.069933 -0.111938 -3.197377 -1.243151 0.184429 7012859957.072403 
rand_302 -1.670595 -1.138286 0.003898 -1.628906 0.187561 5290646.863971 -0.192428 -3.200160 -1.599067 0.291522 7283525863.948912 
rand_303 -1.677107 -1.164063 0.001733 -1.628897 0.196861 3434627.604166 -0.053775 -3.148003 -1.381062 0.166553 7248906575.016148 
rand_304 -1.640883 -1.104950 0.009119 -1.628941 0.197994 5064241.089739 -0.108766 -2.646898 -1.711224 0.257392 7309618985.748821 
rand_305 -1.660056 -1.132048 0.002358 -1.629003 0.200610 4811897.225163 -0.199021 -3.289661 -1.461376 0.389455 7448448196.302516 
rand_306 -1.701337 -1.153427 0.005841 -1.628952 0.194068 6010282.550795 -0.201658 -2.688988 -1.342729 0.157590 7252227904.390731 
rand_307 -1.647566 -1.121733 0.002044 -1.628919 0.191250 4074348.930614 -0.162221 -3.316849 -1.667607 0.361201 6586932690.524923 
rand_308 -1.676163 -1.133835 0.002448 -1.628919 0.190701 4291213.269639 -0.127228 -2.903360 -1.564785 0.231969 6772294343.609311 
rand_309 -1.685054 -1.123134 0.009684 -1.628915 0.194710 5392536.189687 -0.213921 -3.332726 -2.050504 0.395902 6928563349.059250 
rand_310 -1.670329 -1.168367 0.002896 -1.628903 0.185766 5934137.541184 -0.296328 -2.703684 -1.452182 0.239812 7301082521.357801 
rand_311 -1.676645 -1.146689 0.004968 -1.628933 0.196849 5636413.835192 -0.100642 -2.625373 -1.505132 0.299875 7293904959.888120 
rand_312 -1.647640 -1.106452 0.001220 -1.628937 0.195532 6607951.096023 -0.157452 -3.504954 -0.979070 0.194862 7285446506.418638 
rand_313 -1.635060 -1.137696 0.006063 -1.628980 0.187830 5930253.560413 -0.052447 -3.069897 -2.216054 0.334260 6880776676.132887 
rand_314 -1.668559 -1.114190 0.004691 -1.628920 0.199508 5215521.081014 -0.171575 -2.994328 -1.818549 0.357085 7104338463.109488 
rand_315 -1.675717 -1.134789 0.007872 -1.628956 0.196979 5290397.612635 -0.168395 -2.844888 -1.404220 0.253080 7650832785.165221 
rand_316 -1.689239 -1.132700 0.006827 -1.628936 0.191941 4462113.444674 -0.165701 -2.935725 -1.939679 0.353858 6820460402.772602 
rand_317 -1.653530 -1.143247 0.007935 -1.628929 0.185470 3344534.478991 -0.273685 -3.318661 -1.473760 0.444547 7195562072.096702 
rand_318 -1.647298 -1.107272 0.008297 -1.628943 0.199750 6783975.105819 -0.252205 -2.931970 -1.667655 0.281836 7855978273.253320 
rand_319 -1.691255 -1.147854 0.002970 -1.628923 0.183657 5920517.425874 -0.099377 -3.296482 -1.836706 0.403564 7122681634.979739 
rand_320 -1.646462 -1.178810 0.001629 -1.628884 0.194298 3302833.892985 -0.104736 -2.829520 -1.474875 0.168608 7604072714.932380 
rand_321 -1.647716 -1.140053 0.006355 -1.628920 0.197020 5962875.539329 -0.159668 -2.916291 -0.960921 0.126120 6873423550.752413 
rand_322 -1.701492 -1.138563 0.001678 -1.628935 0.199400 6609799.240520 -0.128788 -2.738329 -1.169785 0.162096 7205505608.416284 
rand_323 -1.649686 -1.128852 0.002142 -1.628928 0.196273 4257817.960536 -0.125462 -3.244970 -1.909886 0.285314 6950469085.988972 
rand_324 -1.653772 -1.143863 0.007113 -1.628972 0.192509 4652146.407981 -0.155057 -3.464376 -1.582262 0.280275 7173072638.514930 
rand_325 -1.651612 -1.107625 0.009307 -1.628912 0.207577 5892141.134686 -0.189211 -2.988377 -1.282196 0.251666 6750655988.687981 
rand_326 -1.629121 -1.115676 0.001755 -1.628928 0.198440 6644779.355535 -0.086795 -2.766636 -1.975930 0.301577 6857164559.600656 
rand_327 -1.618677 -1.129873 0.005321 -1.628913 0.194338 5120206.823195 -0.223190 -3.650891 -2.058323 0.453986 7087021206.558155 
rand_328 -1.668075 -1.128350 0.003064 -1.628900 0.189397 6829444.170166 -0.103534 -2.902172 -2.015569 0.365026 7037747488.836629 
rand_329 -1.646652 -1.127320 0.002422 -1.628912 0.203022 4822730.971500 -0.252780 -2.894083 -1.483676 0.258195 6981116595.403351 
rand_330 -1.667436 -1.074934 0.013178 -1.628917 0.190137 3186789.178363 -0.135341 -3.182641 -1.882753 0.273557 6231842954.025931 
rand_331 -1.687403 -1.135332 0.007809 -1.628902 0.190030 4757506.778326 -0.225259 -3.112405 -1.894886 0.316792 7218142591.349779 
rand_332 -1.660562 -1.120235 0.005432 -1.628958 0.195574 5865396.415298 -0.078878 -2.584458 -1.675741 0.275306 7065484978.023898 
rand_333 -1.679664 -1.143013 0.002044 -1.628924 0.188839 6114551.569556 -0.196900 -3.590849 -1.489479 0.356650 6601287815.663074 
rand_334 -1.670177 -1.125935 0.010725 -1.628939 0.202039 4588818.820998 -0.123676 -2.720295 -1.532396 0.251452 7451630917.176880 
rand_335 -1.691942 -1.103755 0.008009 -1.628927 0.188269 3616716.688275 -0.053420 -3.242740 -2.171898 0.344671 7332523336.771079 
rand_336 -1.664882 -1.115980 0.002241 -1.628916 0.198250 3889580.540681 -0.180133 -2.421899 -1.723602 0.313667 6895406453.086865 
rand_337 -1.659157 -1.085797 0.000308 -1.628944 0.188788 5789742.720416 -0.315588 -3.515886 -1.577352 0.358118 7551684556.157658 
rand_338 -1.649845 -1.116670 0.005926 -1.628950 0.192433 3917006.457896 -0.154634 -3.223876 -1.684771 0.217523 7577548299.891413 
rand_339 -1.645522 -1.120330 0.005744 -1.628895 0.206257 5318461.816215 -0.161379 -3.126320 -1.136509 0.160610 7431740352.792624 
rand_340 -1.660585 -1.130561 0.003365 -1.628933 0.201607 5444190.447870 -0.152824 -3.103448 -1.566219 0.362491 7574588077.398793 
rand_341 -1.719054 -1.139050 0.008293 -1.628917 0.188775 3594493.444663 -0.116445 -2.780866 -1.294887 0.203819 7856731671.890459 
rand_342 -1.645637 -1.107053 0.007792 -1.628916 0.190795 6061894.510962 -0.048569 -2.880361 -1.931855 0.258944 7203043744.439832 
rand_343 -1.633359 -1.133769 0.005112 -1.628900 0.199077 5070732.829185 -0.156664 -2.698026 -2.130087 0.323561 6740226472.947080 
rand_344 -1.656664 -1.136958 0.001328 -1.628934 0.191895 3340557.839249 -0.081005 -3.099342 -1.336074 0.162294 6499448315.561467 
rand_345 -1.639637 -1.118041 0.007910 -1.628905 0.184890 4849668.855782 -0.041552 -2.403168 -2.071286 0.290760 7107933286.720164 
rand_346 -1.629796 -1.139445 0.007942 -1.628945 0.197612 4102238.499715 -0.132240 -3.085681 -1.961468 0.276030 7255609441.891983 
rand_347 -1.652017 -1.122588 0.003612 -1.628930 0.192914 6083879.971933 -0.061245 -2.815904 -2.063872 0.336068 7341453751.636246 
rand_348 -1.674095 -1.080518 0.003412 -1.628911 0.197606 5359058.556194 -0.136671 -2.902067 -2.219852 0.397309 6886414047.415036 
rand_349 -1.674108 -1.126052 0.007420 -1.628932 0.200156 3759215.803900 -0.086060 -3.337548 -1.743194 0.334104 6957700464.603024 
rand_350 -1.661208 -1.189576 0.007227 -1.628952 0.199511 4437892.666318 -0.098028 -2.882181 -2.104103 0.277348 7354188041.338885 
rand_351 -1.661257 -1.105348 0.005362 -1.628920 0.198635 2970573.636215 -0.115269 -2.886796 -1.199165 0.108434 7523470684.566854 
rand_352 -1.671715 -1.137015 0.005018 -1.628976 0.194636 7378823.486670 -0.105773 -2.518191 -2.245669 0.322139 7371913830.527708 
rand_353 -1.623656 -1.139923 0.008267 -1.628978 0.196645 4046440.730822 -0.149209 -2.845661 -1.517299 0.274662 6876087777.216561 
rand_354 -1.719059 -1.145225 0.003288 -1.628883 0.194927 4574162.971932 -0.037981 -3.100142 -1.127520 0.103872 6648020978.930610 
rand_355 -1.692476 -1.117007 0.001259 -1.628935 0.194629 4159907.153127 -0.137541 -2.831481 -1.183416 0.223102 6731932233.578767 
rand_356 -1.715594 -1.148309 0.002672 -1.628879 0.193224 5947127.270716 -0.071444 -2.916020 -2.111275 0.360785 6873564617.859576 
rand_357 -1.658427 -1.129398 0.001217 -1.628943 0.191467 3652605.388580 -0.217407 -3.176955 -1.261327 0.285058 7365161215.888672 
rand_358 -1.641501 -1.092169 0.002605 -1.628923 0.195399 5104522.389883 -0.183821 -3.514345 -1.618652 0.329055 6561994108.542220 
rand_359 -1.642896 -1.138270 0.000124 -1.628920 0.197767 4603283.771687 -0.082490 -2.528225 -1.736535 0.315220 6824169966.804301 
rand_360 -1.660586 -1.141815 0.005643 -1.628891 0.187993 6635670.218829 -0.224529 -3.470784 -0.928088 0.234491 6967395413.467996 
rand_361 -1.652179 -1.135656 0.001814 -1.628936 0.188324 3434724.906706 -0.130204 -3.080482 -1.093898 0.220785 6969239275.205118 
rand_362 -1.654899 -1.161092 0.001453 -1.628939 0.194107 6490997.137666 -0.041892 -2.607131 -1.470186 0.251634 7840185233.132860 
rand_363 -1.667589 -1.124098 0.006016 -1.628926 0.194364 4830673.776803 -0.212449 -3.386718 -1.666360 0.216040 6303673345.813128 
rand_364 -1.665652 -1.107067 0.010720 -1.628936 0.190737 3819305.567431 -0.236377 -2.710141 -1.562277 0.299435 6621132581.906218 
rand_365 -1.657383 -1.142955 0.005861 -1.628952 0.203393 4495166.200791 -0.128118 -3.070589 -1.354097 0.290321 7062877966.286997 
rand_366 -1.684972 -1.151072 0.000900 -1.628899 0.196463 5693583.898139 -0.126652 -3.073677 -1.633659 0.308953 7414114319.601732 
rand_367 -1.655090 -1.128818 0.002111 -1.628926 0.185683 3770395.623631 -0.110314 -2.943979 -1.684210 0.311526 6994769013.196671 
rand_368 -1.682380 -1.134053 0.002233 -1.628925 0.191450 5610672.393513 -0.133936 -2.729825 -1.374967 0.201436 6539660450.706676 
rand_369 -1.680169 -1.138560 0.012010 -1.628929 0.193224 4501260.294960 -0.220050 -2.841769 -1.475049 0.267848 7533911680.663568 
rand_370 -1.665325 -1.114523 0.010447 -1.628912 0.199264 4583878.718954 -0.133362 -3.072904 -1.275925 0.171211 6468542164.024327 
rand_371 -1.660697 -1.125413 0.003829 -1.628922 0.193165 2533470.484554 0.053482 -3.022975 -1.869287 0.222283 6655262156.069638 
rand_372 -1.662719 -1.145282 0.006091 -1.628877 0.189542 4872011.966209 -0.122069 -2.378276 -2.019162 0.281451 7004558990.073601 
rand_373 -1.611935 -1.114306 0.000811 -1.628967 0.193336 4567897.269544 -0.055606 -3.216248 -1.974637 0.274323 7211350891.330443 
rand_374 -1.671634 -1.148425 0.001373 -1.628939 0.198397 3949680.184532 -0.145934 -2.838630 -1.624373 0.305554 7411374109.153769 
rand_375 -1.682142 -1.125204 0.009102 -1.628945 0.196632 4643611.350237 -0.242513 -2.339317 -2.124295 0.328930 6131078332.658896 
rand_376 -1.664039 -1.088132 0.005080 -1.628922 0.195717 3932986.629527 -0.127114 -2.876094 -1.953985 0.365874 6677268687.191615 
rand_377 -1.670183 -1.137309 0.004390 -1.628904 0.193940 5692797.857469 -0.226642 -3.119231 -1.894071 0.305605 8203361678.424711 
rand_378 -1.658967 -1.097964 0.012029 -1.628899 0.191196 5292254.617270 -0.199022 -2.218916 -2.065642 0.313819 7070343846.687600 
rand_379 -1.638354 -1.113251 0.000839 -1.628964 0.192276 3840568.031926 -0.218901 -2.723625 -1.418056 0.294234 6803711319.135886 
rand_380 -1.707597 -1.171129 0.003055 -1.628920 0.185236 4240464.678698 -0.200728 -3.061152 -2.543536 0.350944 7050147205.830539 
rand_381 -1.672230 -1.130381 0.006309 -1.628926 0.198308 3828877.618406 -0.103152 -2.944696 -1.225990 0.141844 7682158118.261991 
rand_382 -1.637717 -1.156079 0.010872 -1.628874 0.194370 3395005.717837 -0.368722 -2.970075 -1.587736 0.319942 7215217165.138820 
rand_383 -1.670411 -1.108896 0.002333 -1.628897 0.192182 2677442.703124 -0.231888 -2.682228 -2.614596 0.407082 7218037984.430045 
rand_384 -1.645961 -1.119869 0.005286 -1.628967 0.192858 4335637.214124 -0.349744 -2.912170 -1.912879 0.366465 7716836925.454792 
rand_385 -1.684673 -1.108907 0.008727 -1.628889 0.195558 4796642.405364 -0.163238 -2.779276 -1.785038 0.320432 7436836404.704772 
rand_386 -1.666224 -1.094689 0.003260 -1.628920 0.183016 5650673.974681 -0.217897 -2.873464 -1.804489 0.343328 7442536640.107062 
rand_387 -1.659971 -1.134073 0.012129 -1.628930 0.191590 6769211.008114 -0.044717 -3.171744 -1.758589 0.283521 6703271896.753629 
rand_388 -1.637029 -1.136876 0.000283 -1.628973 0.197322 3998816.784506 -0.158535 -2.976399 -1.202873 0.185179 6692023167.608823 
rand_389 -1.649194 -1.128023 0.006717 -1.628940 0.184003 6094240.742104 -0.108046 -2.376035 -2.493183 0.375124 7270746437.192719 
rand_390 -1.690718 -1.153311 0.006086 -1.628881 0.191934 5326700.235316 -0.151596 -3.058502 -2.104837 0.352933 7266978702.635051 
rand_391 -1.665372 -1.125238 0.004704 -1.628930 0.192046 4172667.835361 -0.340271 -2.598737 -1.363520 0.369087 6515374043.212294 
rand_392 -1.673513 -1.132420 0.003319 -1.628931 0.197592 5689802.155216 -0.226743 -2.979789 -1.414543 0.356355 6627744411.846201 
rand_393 -1.659816 -1.090685 0.005451 -1.628900 0.189906 4957417.497188 -0.089679 -3.755281 -1.822965 0.287468 7663567740.699771 
rand_394 -1.631425 -1.124725 0.000598 -1.628977 0.184529 6330515.723605 -0.176065 -2.614952 -1.743993 0.299748 6485233143.259672 
rand_395 -1.619247 -1.133123 0.000104 -1.628943 0.189497 4137337.599994 -0.163224 -3.051122 -1.529746 0.257768 7258556217.510453 
rand_396 -1.631062 -1.106779 0.005682 -1.628918 0.190496 3252297.139269 -0.095883 -2.911674 -1.841724 0.306694 7269609804.862755 
rand_397 -1.669624 -1.139197 0.001659 -1.628860 0.200311 4687671.810630 -0.086478 -2.369478 -1.961792 0.258761 6542441691.609497 
rand_398 -1.649762 -1.138677 0.002577 -1.628907 0.201285 3954307.966443 -0.131947 -3.003890 -2.021001 0.325059 7492003663.893272 
rand_399 -1.651450 -1.110130 0.004078 -1.628957 0.192873 4433705.187852 -0.106671 -2.621189 -1.939323 0.298278 7767668716.933327 
rand_400 -1.653540 -1.145002 0.003583 -1.628923 0.202888 5213948.262837 -0.190998 -2.908652 -1.874542 0.285831 6687922833.532199 
rand_401 -1.627400 -1.115517 0.006198 -1.628935 0.193040 4675682.199205 -0.248581 -2.768042 -2.051631 0.374039 6653893160.875742 
rand_402 -1.683232 -1.152688 0.002140 -1.628936 0.199060 3619570.579336 -0.183178 -3.115556 -1.546058 0.315922 7496940608.029946 
rand_403 -1.657870 -1.111479 0.001833 -1.628936 0.206497 3676327.735550 -0.221076 -2.152089 -1.386753 0.206031 7335467982.745884 
rand_404 -1.670189 -1.101358 0.006499 -1.628929 0.199444 7491811.025925 -0.159784 -2.993586 -1.671317 0.236265 6677834238.248220 
rand_405 -1.695170 -1.124133 0.001438 -1.628965 0.197947 4612235.400298 -0.088344 -2.881407 -1.697370 0.205634 7891478017.782043 
rand_406 -1.641352 -1.088128 0.007612 -1.628910 0.193368 6130651.634678 -0.130176 -3.699317 -1.803810 0.284742 7057186369.851956 
rand_407 -1.675311 -1.155304 0.000903 -1.628938 0.193106 5207714.699639 -0.156009 -3.236621 -1.362753 0.267848 7699820362.611770 
rand_408 -1.654704 -1.156245 0.001640 -1.628954 0.189067 8695193.693024 -0.245519 -3.220141 -2.118745 0.359972 7652804647.422631 
rand_409 -1.683014 -1.176830 0.000874 -1.628976 0.191510 4483729.937075 -0.101688 -3.455569 -1.529977 0.276337 7278799292.702945 
rand_410 -1.634729 -1.124556 0.006587 -1.628938 0.187673 3782537.399201 -0.232790 -2.811213 -1.418600 0.263404 7378605412.120117 
rand_411 -1.639668 -1.129864 0.003952 -1.628936 0.190261 4945281.903242 -0.066835 -2.879225 -1.422931 0.241878 7107941198.969000 
rand_412 -1.675175 -1.154433 0.009291 -1.628894 0.188404 5815004.271254 -0.303367 -3.437956 -1.604600 0.368257 6969461042.561329 
rand_413 -1.605813 -1.093038 0.000984 -1.628918 0.194206 5238866.068449 -0.118232 -3.138427 -2.097939 0.340502 7278930883.043924 
rand_414 -1.674787 -1.138338 0.002329 -1.628936 0.191530 4066187.416748 -0.150370 -3.099022 -1.239286 0.263368 7775786472.589681 
rand_415 -1.678527 -1.129059 0.003715 -1.628952 0.199609 7461359.959509 -0.129935 -2.938429 -1.825529 0.327201 7964128877.535007 
rand_416 -1.662525 -1.149313 0.009235 -1.628952 0.191721 3960319.708502 -0.126374 -3.133009 -1.820487 0.376883 7832138006.090160 
rand_417 -1.677853 -1.134766 0.008834 -1.628927 0.206912 5081687.211032 -0.161336 -2.949788 -1.468797 0.274568 8166232671.675722 
rand_418 -1.649190 -1.170369 0.002380 -1.628953 0.195322 5650834.101237 -0.131878 -2.716177 -1.837683 0.309434 6673803162.126298 
rand_419 -1.622350 -1.135354 0.008044 -1.628978 0.197596 5113949.560640 -0.102721 -2.847603 -1.998467 0.289329 7036325760.011324 
rand_420 -1.679421 -1.119763 0.003926 -1.628926 0.197685 6435514.579657 -0.089376 -3.192664 -2.206341 0.283728 7536985537.755571 
rand_421 -1.637808 -1.125714 0.002797 -1.628926 0.198473 6468795.897926 -0.092615 -2.936177 -2.143325 0.306553 7514361468.203458 
rand_422 -1.634013 -1.124073 0.003585 -1.628913 0.196315 5048843.859159 -0.254673 -3.245211 -1.606920 0.311215 6663603306.192611 
rand_423 -1.642262 -1.133363 0.001326 -1.628929 0.200187 4892142.401069 -0.161272 -3.285616 -2.204877 0.298766 7200939898.827281 
rand_424 -1.673673 -1.120791 0.000473 -1.628931 0.189865 2777096.011421 -0.105188 -2.527222 -1.277347 0.249159 6555240848.503688 
rand_425 -1.613269 -1.144884 0.004383 -1.628939 0.196527 5438631.374811 -0.092033 -3.071674 -2.242598 0.380197 7280258801.198656 
rand_426 -1.648595 -1.149998 0.002920 -1.628890 0.189104 5199231.788194 -0.149901 -2.738192 -1.695506 0.260116 7088899408.151196 
rand_427 -1.671206 -1.130990 0.000984 -1.629001 0.194217 6171802.737873 -0.245598 -2.624044 -1.183912 0.307861 7121396585.778660 
rand_428 -1.641465 -1.131697 0.004556 -1.628901 0.195363 6984054.821397 -0.224415 -3.210339 -1.607474 0.300716 7180171894.203312 
rand_429 -1.641232 -1.127818 0.002528 -1.628952 0.193500 4301161.883418 -0.117661 -2.989748 -1.688672 0.235262 6724895834.885658 
rand_430 -1.664532 -1.094090 0.012439 -1.628930 0.189798 4069099.686973 -0.125652 -3.161319 -1.142192 0.275408 7015191368.502275 
rand_431 -1.646239 -1.133432 0.007724 -1.628940 0.203593 6105390.491117 -0.247167 -3.160564 -1.382896 0.341625 6866835293.444537 
rand_432 -1.637224 -1.112875 0.000808 -1.628933 0.188502 4054863.295598 -0.159803 -2.686216 -1.600751 0.290616 7809814414.745434 
rand_433 -1.700856 -1.127431 0.007337 -1.628919 0.201920 4014286.013005 -0.036008 -2.613552 -2.518340 0.300074 7445226686.234016 
rand_434 -1.682745 -1.124524 0.011950 -1.628898 0.193869 5838066.128960 -0.213300 -3.069567 -1.395791 0.300486 6530941655.046007 
rand_435 -1.635118 -1.165619 0.005862 -1.628935 0.192789 6214334.735604 -0.101764 -3.395563 -1.293405 0.156039 6931321209.461328 
rand_436 -1.665620 -1.130018 0.003617 -1.628949 0.190780 6385046.351012 -0.247005 -2.366748 -1.438220 0.243627 6685897030.956882 
rand_437 -1.678370 -1.095431 0.001171 -1.628922 0.191843 5990413.988967 -0.108865 -2.966528 -1.970172 0.293515 7632534053.930617 
rand_438 -1.625022 -1.131076 0.003861 -1.628900 0.187998 4557963.428510 -0.228828 -3.065593 -1.309073 0.268983 7345006307.583022 
rand_439 -1.668338 -1.152773 0.005643 -1.628962 0.189036 6133047.595219 -0.226048 -2.945502 -1.862447 0.345763 7361920415.672783 
rand_440 -1.658537 -1.131987 0.002752 -1.628867 0.193846 4269844.456583 -0.011629 -3.009476 -2.548560 0.296091 6688465284.729501 
rand_441 -1.674494 -1.190489 0.002704 -1.628905 0.193291 6086570.113172 -0.248857 -2.988392 -1.385601 0.335362 6715883917.364807 
rand_442 -1.648787 -1.133133 0.002915 -1.628933 0.199266 6613944.881477 -0.139050 -2.528803 -2.377128 0.312931 7270684432.529536 
rand_443 -1.650538 -1.133368 0.002361 -1.628909 0.193437 4012255.941981 -0.213737 -3.330053 -0.990212 0.366815 7429522800.453015 
rand_444 -1.678771 -1.151252 0.003052 -1.628926 0.201337 4282774.422397 -0.234214 -2.909525 -1.656475 0.367119 6701060324.214092 
rand_445 -1.624339 -1.112202 0.001019 -1.628913 0.193992 3461173.925351 -0.234058 -2.907309 -1.675136 0.362024 7145767141.231419 
rand_446 -1.689632 -1.141429 0.002019 -1.628912 0.192959 5923793.779496 -0.199336 -2.898338 -1.696485 0.326844 7172353292.820689 
rand_447 -1.654261 -1.159857 0.004094 -1.628923 0.184611 5225054.225724 -0.256258 -2.865327 -1.736150 0.354604 6578932439.308515 
rand_448 -1.680159 -1.108154 0.000418 -1.628924 0.193105 5161704.485025 -0.168343 -2.905006 -1.789314 0.314974 7007829715.946348 
rand_449 -1.654376 -1.112808 0.005398 -1.628935 0.200193 6914337.587400 -0.228384 -2.100566 -1.601056 0.394459 6766000160.430185 
rand_450 -1.681214 -1.091654 0.012988 -1.628936 0.204744 3627865.397253 -0.081605 -2.909938 -1.445356 0.247516 6797877474.033837 
rand_451 -1.675468 -1.156642 0.007073 -1.628961 0.193793 5611282.319175 -0.047515 -2.696592 -1.768055 0.271429 6980445131.787647 
rand_452 -1.643827 -1.119479 0.001044 -1.628987 0.196926 3721417.231365 -0.214568 -2.501002 -2.154247 0.332037 6879459792.888475 
rand_453 -1.658361 -1.125189 0.004168 -1.628935 0.198230 4992143.691548 -0.097767 -2.443605 -2.159038 0.313548 6873975849.229486 
rand_454 -1.680311 -1.117309 0.009714 -1.628946 0.188038 2929222.733612 -0.258586 -3.390654 -2.097888 0.358771 7152144504.024229 
rand_455 -1.664356 -1.118498 0.007815 -1.628906 0.193500 5081308.271132 -0.149803 -3.206098 -1.190295 0.181142 7225204038.153912 
rand_456 -1.640286 -1.107351 0.002333 -1.628929 0.194349 6452823.625443 -0.235198 -2.772294 -1.333185 0.316748 7880530308.860060 
rand_457 -1.653937 -1.128952 0.005156 -1.628900 0.200151 5982685.406086 -0.090302 -3.068892 -1.686766 0.276891 6673641946.492861 
rand_458 -1.680331 -1.120077 0.008224 -1.628952 0.201910 3664012.650470 -0.171969 -2.491364 -1.992378 0.371077 6773877853.760885 
rand_459 -1.656013 -1.112358 0.005273 -1.628940 0.192511 5961674.629615 -0.126715 -2.826824 -1.777551 0.237624 7561377144.934707 
rand_460 -1.666634 -1.125346 0.000869 -1.628915 0.190094 5635825.969224 -0.031050 -2.740384 -1.603626 0.273856 6979715051.546544 
rand_461 -1.658326 -1.128581 0.006669 -1.628876 0.195371 4550113.119204 -0.202686 -2.513462 -1.154623 0.209096 7485486610.612664 
rand_462 -1.652461 -1.129732 0.007608 -1.628919 0.200060 5597159.339432 -0.154415 -3.357243 -1.254899 0.288772 6805534441.277149 
rand_463 -1.673663 -1.133973 0.000449 -1.628977 0.199054 4432882.862533 -0.190737 -3.138466 -1.786134 0.354325 7434376110.279034 
rand_464 -1.650710 -1.139088 0.008619 -1.628920 0.198367 4327028.210248 -0.187579 -2.688899 -1.900060 0.305044 7189399649.150164 
rand_465 -1.631382 -1.125591 0.003749 -1.628939 0.197569 5104808.802557 -0.062828 -2.818723 -1.697024 0.246646 7489426002.826262 
rand_466 -1.667563 -1.100224 0.006990 -1.628932 0.201787 3406094.986378 -0.065535 -2.973282 -1.134535 0.086840 7300047077.391355 
rand_467 -1.659836 -1.145960 0.007605 -1.628932 0.197463 6177029.320092 -0.101687 -2.939373 -1.543509 0.280998 6825893321.444292 
rand_468 -1.643026 -1.156998 0.009453 -1.628905 0.195928 5127945.248994 -0.109743 -2.772471 -1.547255 0.228923 6749012509.837650 
rand_469 -1.643617 -1.132861 0.002434 -1.628914 0.202500 4010886.653612 -0.106943 -3.242904 -1.056398 0.177631 7024179871.125252 
rand_470 -1.650456 -1.144092 0.001322 -1.628930 0.190133 4194880.191134 -0.021944 -2.712747 -1.967322 0.216830 6796119345.098010 
rand_471 -1.624244 -1.130100 0.001848 -1.628938 0.193560 4657227.627502 -0.228452 -3.416695 -1.295816 0.354235 7024767512.849422 
rand_472 -1.657908 -1.146738 0.008402 -1.628894 0.196342 4860278.893160 -0.206567 -2.785293 -1.732713 0.349814 6835970138.776659 
rand_473 -1.657386 -1.128770 0.001258 -1.628922 0.190678 4794806.736815 -0.103604 -3.282581 -2.042722 0.318741 6824570503.153529 
rand_474 -1.665614 -1.113209 0.001032 -1.628965 0.192616 4544421.797468 -0.106812 -1.971281 -2.219194 0.384545 6911417607.992063 
rand_475 -1.664409 -1.132368 0.005515 -1.628938 0.190166 5459959.735378 -0.088386 -3.282124 -1.777450 0.344840 6885998879.299164 
rand_476 -1.664041 -1.138524 0.011867 -1.628888 0.193939 6569834.861415 -0.185365 -2.682800 -2.017273 0.368438 7035993061.175577 
rand_477 -1.620552 -1.132678 0.000639 -1.628900 0.201306 5705240.632546 -0.357578 -3.439078 -1.608454 0.353097 7395780317.052704 
rand_478 -1.638005 -1.097414 0.007231 -1.628947 0.196344 4266816.426372 -0.129908 -3.233423 -1.342837 0.241223 6579261029.809672 
rand_479 -1.645830 -1.126410 0.001620 -1.628948 0.183710 6152802.943455 -0.089592 -3.045463 -1.788487 0.274044 7029291275.165770 
rand_480 -1.639729 -1.143589 0.001248 -1.628924 0.197798 4710108.490032 0.016228 -3.005041 -2.047708 0.240608 7109259670.495527 
rand_481 -1.667347 -1.160833 0.007045 -1.628957 0.189899 4951289.700464 -0.113859 -3.111760 -1.937924 0.375541 6602626669.173291 
rand_482 -1.649231 -1.127464 0.001557 -1.628921 0.196434 5176930.903029 -0.165828 -3.123562 -1.469755 0.285686 7069672909.346823 
rand_483 -1.628847 -1.124842 0.004421 -1.628952 0.191554 5231340.534719 -0.188780 -2.887914 -1.790560 0.360691 7786654351.741156 
rand_484 -1.685747 -1.129862 0.005754 -1.628902 0.197230 5524780.549368 -0.184594 -2.714435 -1.556837 0.266319 6407423216.244163 
rand_485 -1.636572 -1.136788 0.004672 -1.628948 0.191963 5491036.369053 -0.297785 -2.737864 -1.477299 0.349579 6736962210.584593 
rand_486 -1.674729 -1.126869 0.003593 -1.628937 0.194456 4092025.728636 -0.269107 -3.272310 -1.327329 0.354643 7096239180.869788 
rand_487 -1.649493 -1.137345 0.005202 -1.628928 0.192331 5179978.446856 -0.122921 -3.270287 -1.810228 0.224506 7463795599.203269 
rand_488 -1.650355 -1.139761 0.004659 -1.628947 0.194140 5707610.931511 -0.138446 -2.820861 -1.837696 0.332462 7364994790.876835 
rand_489 -1.684452 -1.127150 0.002856 -1.628940 0.196893 5314653.796845 -0.165887 -3.015594 -1.865864 0.296767 6517209606.264058 
rand_490 -1.669002 -1.124162 0.003778 -1.628912 0.198499 5213342.257991 -0.065737 -3.175730 -1.152993 0.205339 7506084080.120312 
rand_491 -1.693289 -1.127375 0.003205 -1.628961 0.193887 5787270.911790 -0.043859 -2.733112 -1.334198 0.187031 6894290508.067506 
rand_492 -1.616757 -1.126226 0.004824 -1.628926 0.197752 5178719.009439 -0.138123 -3.039804 -1.903800 0.341044 7239414664.305847 
rand_493 -1.646983 -1.106225 0.001952 -1.628920 0.196115 4530810.406535 -0.111950 -3.281528 -1.572841 0.327201 6867947235.759962 
rand_494 -1.657896 -1.113295 0.008596 -1.628928 0.196078 5515267.890887 -0.174717 -3.294937 -1.418496 0.315525 6977697822.148789 
rand_495 -1.632878 -1.136123 0.002197 -1.628921 0.191481 3694169.751482 -0.173622 -3.094661 -1.355913 0.227645 7415116903.669074 
rand_496 -1.622476 -1.118856 0.001110 -1.628988 0.188956 5598993.478445 -0.158160 -3.132254 -1.657355 0.308819 7405673711.404768 
rand_497 -1.655281 -1.129686 0.004471 -1.628943 0.189335 6260267.758998 -0.122074 -2.802338 -2.011969 0.322905 8503698546.413636 
rand_498 -1.656189 -1.142322 0.000809 -1.628981 0.197230 3012803.269094 -0.115497 -2.936067 -1.570207 0.397188 7185319530.608398 
rand_499 -1.682929 -1.102178 0.005935 -1.628885 0.193797 3885613.420016 -0.115444 -2.616863 -2.321314 0.377012 6995029375.054520 
