trial b/dMass b/dRadius b/dEcc b/dOrbPeriod star/dMass star/dAge star/dXUVEngleMidLateA star/dXUVEngleMidLateB star/dXUVEngleMidLateC star/dXUVEngleMidLateD star/dFlareSlopeA1 star/dFlareSlopeA2 star/dFlareSlopeA3 star/dFlareYIntB1 star/dFlareYIntB2 star/dFlareYIntB3 vpl/dStopTime 
rand_000 -1.666808 -1.141035 0.000575 -1.628886 0.202857 6500213.400728 -0.278188 -3.657118 -1.324957 0.372816 -0.148324 0.518282 -0.618281 4.692536 -16.489898 19.455426 7574997076.197316 
rand_001 -1.664088 -1.134625 0.005795 -1.628942 0.195032 4938807.877952 -0.037884 -2.874938 -1.755810 0.200349 -0.147294 0.518270 -0.619580 4.656843 -16.493533 19.503508 7159122127.921391 
rand_002 -1.674040 -1.128878 0.004461 -1.628922 0.193336 4665376.929441 -0.282055 -2.470609 -1.862493 0.275946 -0.148400 0.520203 -0.620092 4.694219 -16.556959 19.518994 7099277202.638083 
rand_003 -1.691487 -1.126499 0.003912 -1.628923 0.201168 6170098.283417 -0.188268 -2.767997 -1.261039 0.335758 -0.148618 0.519511 -0.618824 4.702001 -16.532961 19.475675 6894961266.343872 
rand_004 -1.683207 -1.158618 0.001347 -1.628921 0.199517 5563463.606278 -0.095063 -2.248693 -1.262981 0.199011 -0.149018 0.516157 -0.616572 4.715739 -16.418667 19.399000 6781555185.557034 
rand_005 -1.655794 -1.155180 0.008080 -1.628930 0.185781 5766364.758933 -0.310400 -2.750846 -1.894205 0.382675 -0.148414 0.516821 -0.618686 4.694142 -16.434179 19.466593 7398143454.648407 
rand_006 -1.638147 -1.093689 0.005383 -1.628923 0.198506 5213512.726028 -0.255423 -2.575797 -1.953872 0.322658 -0.147407 0.517754 -0.620031 4.660180 -16.470389 19.515329 6931818449.075499 
rand_007 -1.663504 -1.173369 0.007659 -1.628925 0.191631 5222027.698536 -0.148967 -2.624264 -1.445500 0.206233 -0.149540 0.514320 -0.613952 4.733710 -16.354302 19.307609 7288782800.412437 
rand_008 -1.679887 -1.109931 0.002763 -1.628865 0.198388 5675146.768963 -0.125631 -2.600255 -1.629419 0.310374 -0.147941 0.520126 -0.620271 4.679178 -16.550033 19.521122 6676910954.012510 
rand_009 -1.652978 -1.073755 0.001785 -1.628942 0.196048 5397137.918123 -0.121525 -2.496465 -2.421495 0.324753 -0.148094 0.517581 -0.617295 4.684211 -16.468697 19.424590 7474296645.571392 
rand_010 -1.625747 -1.131287 0.001529 -1.628935 0.188768 5900269.062871 -0.244513 -3.257904 -1.381706 0.299178 -0.149106 0.517688 -0.617647 4.718498 -16.468485 19.433296 7213236955.775209 
rand_011 -1.655315 -1.095865 0.000645 -1.628874 0.196324 6256445.810067 -0.152502 -2.526618 -1.390179 0.218773 -0.148372 0.512870 -0.614840 4.693004 -16.307439 19.341648 6887082934.163382 
rand_012 -1.600152 -1.100430 0.004705 -1.628931 0.190965 3371170.289213 -0.020601 -2.505733 -1.762956 0.294792 -0.148809 0.518499 -0.618071 4.708514 -16.495142 19.446950 7009517256.023210 
rand_013 -1.605361 -1.117369 0.008791 -1.628923 0.191235 3813414.004829 -0.250401 -1.494843 -1.867812 0.396926 -0.148743 0.517762 -0.617870 4.705891 -16.469502 19.440863 6909717349.922171 
rand_014 -1.672722 -1.133592 0.008344 -1.628948 0.198685 5648234.290918 -0.203420 -2.571448 -1.368716 0.248190 -0.147626 0.515702 -0.616213 4.668236 -16.406590 19.389726 6661900997.019338 
rand_015 -1.643137 -1.144015 0.008618 -1.628950 0.190622 4261467.084595 -0.202858 -2.860805 -1.011588 0.224559 -0.147590 0.522931 -0.622892 4.667300 -16.649026 19.613117 6784455849.859954 
rand_016 -1.682807 -1.108594 0.004391 -1.628922 0.196429 5106143.613541 -0.113317 -2.516738 -1.844821 0.311413 -0.148549 0.517008 -0.617423 4.699580 -16.447614 19.428301 7529704046.686079 
rand_017 -1.637682 -1.118057 0.010601 -1.628959 0.202748 3669824.503444 -0.133921 -2.685463 -2.218167 0.341596 -0.148097 0.516576 -0.618608 4.683786 -16.428175 19.465438 7272918339.127194 
rand_018 -1.647590 -1.137729 0.005285 -1.628955 0.194945 5806379.869497 -0.103180 -3.185492 -1.337027 0.200485 -0.147507 0.517235 -0.619576 4.663957 -16.453584 19.500340 6890334246.908721 
rand_019 -1.646093 -1.114517 0.003913 -1.628919 0.189188 2597573.980761 -0.103171 -2.770774 -1.920599 0.313712 -0.147958 0.514252 -0.616091 4.678949 -16.352181 19.382138 7674283247.442196 
rand_020 -1.660123 -1.140182 0.004605 -1.628906 0.199118 5654476.024581 -0.140442 -2.384117 -1.844733 0.321370 -0.146939 0.519833 -0.621881 4.644781 -16.542893 19.578936 7505012138.978219 
rand_021 -1.708435 -1.128771 0.002294 -1.628964 0.194967 5450921.932159 -0.239368 -2.902484 -1.702965 0.283453 -0.147732 0.515604 -0.617504 4.671249 -16.400012 19.431800 7369974330.016771 
rand_022 -1.656992 -1.144124 0.003182 -1.628954 0.199914 4436554.666803 -0.193638 -3.917176 -1.504548 0.274272 -0.148496 0.518357 -0.618671 4.697326 -16.489056 19.467388 7314385425.866786 
rand_023 -1.648453 -1.158770 0.003472 -1.628885 0.197371 4682310.446357 -0.117196 -3.151650 -2.295094 0.375213 -0.149104 0.512614 -0.613676 4.719003 -16.299394 19.300846 7387496175.640509 
rand_024 -1.695788 -1.111593 0.007862 -1.628963 0.185764 5480496.613318 -0.089828 -2.613781 -1.389087 0.103381 -0.148756 0.518722 -0.619686 4.705668 -16.502688 19.503802 6511143839.404868 
rand_025 -1.657606 -1.142451 0.004075 -1.628934 0.199101 6487809.621483 -0.216889 -2.055173 -1.959129 0.362604 -0.148193 0.514606 -0.615748 4.687245 -16.367892 19.372574 6323775458.739528 
rand_026 -1.667071 -1.132805 0.005130 -1.628970 0.196789 5698625.142246 -0.163579 -3.225848 -1.512485 0.229587 -0.148365 0.515174 -0.616272 4.693301 -16.384203 19.388381 6794027884.050811 
rand_027 -1.662227 -1.128242 0.004264 -1.628934 0.193796 5853131.909182 0.027438 -2.684996 -1.312573 0.080513 -0.148531 0.516931 -0.617298 4.698628 -16.445439 19.424206 6644866242.250237 
rand_028 -1.694256 -1.108863 0.002005 -1.628967 0.195112 5679799.609893 -0.091506 -3.352156 -1.575712 0.270639 -0.148637 0.518271 -0.618643 4.702023 -16.490034 19.469574 7277296522.774181 
rand_029 -1.636088 -1.147812 0.006872 -1.628897 0.195886 5875281.802136 -0.141822 -2.828262 -2.344463 0.381217 -0.147863 0.521320 -0.620572 4.676450 -16.596583 19.536069 6961276949.739628 
rand_030 -1.690700 -1.133892 0.003095 -1.628920 0.197600 4016349.590023 -0.152304 -3.146297 -1.421525 0.242235 -0.147413 0.519786 -0.620283 4.660936 -16.543667 19.525966 7457653382.854017 
rand_031 -1.675565 -1.134917 0.003982 -1.628917 0.198171 4155087.228675 -0.121428 -2.702525 -1.723549 0.231354 -0.148172 0.511123 -0.612579 4.686251 -16.247317 19.264349 7117528191.584053 
rand_032 -1.640780 -1.141992 0.010982 -1.628896 0.197871 3996249.163924 -0.180743 -2.823463 -1.573428 0.195179 -0.147771 0.520073 -0.620815 4.673061 -16.553105 19.544098 7415678644.843106 
rand_033 -1.661393 -1.073313 0.003002 -1.628965 0.198896 6593656.263342 -0.058107 -3.278780 -1.505690 0.236070 -0.147831 0.517715 -0.619286 4.674786 -16.467554 19.488394 7356172902.726801 
rand_034 -1.639412 -1.137716 0.002585 -1.628951 0.195418 3948031.883115 -0.123434 -3.081068 -1.397103 0.335659 -0.148159 0.516759 -0.617255 4.686269 -16.439864 19.423062 7324335580.596464 
rand_035 -1.620555 -1.135080 0.006926 -1.628958 0.191412 6350827.852049 -0.179927 -2.068631 -1.641457 0.361509 -0.147847 0.517269 -0.618540 4.675124 -16.454948 19.465450 6830990501.168867 
rand_036 -1.635888 -1.110545 0.005079 -1.628939 0.186023 5722079.362238 -0.199226 -3.849200 -1.423603 0.399246 -0.148042 0.516019 -0.617126 4.682508 -16.412657 19.416019 7394506448.447550 
rand_037 -1.656153 -1.139222 0.005393 -1.628964 0.199786 4988074.647431 -0.183882 -2.359763 -2.198504 0.347102 -0.147242 0.515941 -0.618437 4.654591 -16.407852 19.460897 7433285834.588305 
rand_038 -1.654759 -1.107419 0.007411 -1.628969 0.198318 5119053.153848 -0.144609 -2.370515 -1.669721 0.270912 -0.148306 0.513263 -0.612956 4.691163 -16.323806 19.279024 6304006168.468735 
rand_039 -1.629159 -1.131334 0.000978 -1.628915 0.189131 4026935.818982 -0.233269 -2.750998 -1.394635 0.304026 -0.147556 0.517176 -0.617798 4.666229 -16.454825 19.441053 6407667449.116060 
rand_040 -1.676688 -1.106298 0.001059 -1.628919 0.194483 5539670.338565 -0.236085 -2.981219 -1.789098 0.249783 -0.148156 0.516390 -0.617401 4.686040 -16.423219 19.424773 7238926743.249856 
rand_041 -1.680642 -1.125904 0.006300 -1.628942 0.193990 6099690.013135 -0.141965 -3.312513 -1.493632 0.248027 -0.147581 0.517074 -0.620082 4.665974 -16.446609 19.517209 6994250188.038094 
rand_042 -1.680114 -1.128926 0.001818 -1.628900 0.203235 4845604.129679 -0.169947 -3.076418 -1.224080 0.316334 -0.148911 0.518181 -0.617047 4.711496 -16.487020 19.414862 7586207536.978612 
rand_043 -1.666222 -1.145319 0.000368 -1.628906 0.194522 6254244.068667 -0.164985 -2.940066 -1.467893 0.246186 -0.147985 0.518427 -0.618632 4.679944 -16.494944 19.468602 7479543268.153913 
rand_044 -1.665382 -1.114177 0.013465 -1.628931 0.204052 5194654.917022 -0.174851 -2.142969 -1.000202 0.081216 -0.147011 0.517327 -0.619447 4.647493 -16.458069 19.496457 6706764689.681773 
rand_045 -1.642482 -1.127482 0.001408 -1.628922 0.206255 5193638.405563 -0.184654 -2.524861 -1.892722 0.339645 -0.148181 0.515711 -0.617436 4.687096 -16.401849 19.427119 7771314442.824501 
rand_046 -1.665304 -1.113564 0.001137 -1.628915 0.195489 5852639.302681 -0.202418 -3.030798 -1.762582 0.333826 -0.148438 0.518547 -0.618160 4.695559 -16.500219 19.452874 6911915310.501577 
rand_047 -1.620446 -1.112456 0.009013 -1.628966 0.192525 4767901.107902 -0.039186 -2.334787 -1.861239 0.221663 -0.148335 0.516352 -0.617580 4.692001 -16.423801 19.432065 7556493747.182560 
rand_048 -1.649533 -1.127959 0.005126 -1.628931 0.193121 4516588.842320 -0.055265 -2.562718 -1.694091 0.211915 -0.147248 0.514317 -0.617045 4.655288 -16.358368 19.417443 7558380119.291568 
rand_049 -1.673786 -1.134254 0.007559 -1.628942 0.188308 4987754.455953 -0.124265 -3.611641 -2.040606 0.340634 -0.148064 0.513258 -0.614588 4.683283 -16.318856 19.330321 7411185750.029321 
rand_050 -1.643415 -1.131853 0.007830 -1.628950 0.197541 6054171.043652 -0.218721 -2.371063 -1.387709 0.362091 -0.148361 0.516884 -0.618476 4.693057 -16.441030 19.462802 6599213256.551018 
rand_051 -1.701084 -1.123559 0.006888 -1.628888 0.204707 5219654.234408 -0.110910 -2.683486 -1.321149 0.223262 -0.148325 0.517621 -0.617621 4.692579 -16.469415 19.434371 7789572231.298858 
rand_052 -1.652094 -1.135117 0.002035 -1.628957 0.199638 4995415.373487 -0.132646 -2.672073 -0.937845 0.233396 -0.147517 0.520489 -0.621505 4.664575 -16.564856 19.565310 6652753380.826119 
rand_053 -1.690119 -1.125482 0.002543 -1.628937 0.202575 4973796.143510 -0.194988 -3.413604 -1.468060 0.258114 -0.147763 0.516458 -0.618299 4.672410 -16.430389 19.460073 7033273253.243631 
rand_054 -1.675139 -1.117308 0.001139 -1.628990 0.190875 4932892.540990 -0.315243 -3.132166 -1.687797 0.445195 -0.148389 0.515058 -0.615544 4.693968 -16.386349 19.368254 7948766307.085752 
rand_055 -1.686702 -1.111863 0.003862 -1.628918 0.190866 3520153.151931 -0.093124 -3.082975 -1.711768 0.276954 -0.148085 0.513085 -0.614044 4.684342 -16.314444 19.313255 7169328329.913229 
rand_056 -1.635898 -1.122349 0.006711 -1.628948 0.194329 3863077.110615 -0.221896 -2.718846 -1.777163 0.313203 -0.148283 0.517454 -0.618381 4.690690 -16.459876 19.458691 6061598657.343043 
rand_057 -1.671699 -1.158998 0.002506 -1.628914 0.197837 4245801.486552 -0.205897 -2.902791 -1.870339 0.290663 -0.147809 0.520126 -0.621720 4.673861 -16.549212 19.571045 6967440442.858993 
rand_058 -1.666023 -1.121096 0.008522 -1.628963 0.192402 5818511.271771 -0.134584 -2.523478 -1.706061 0.284416 -0.148690 0.518329 -0.617376 4.703832 -16.493671 19.427600 6944133146.267324 
rand_059 -1.638863 -1.101908 0.010619 -1.628930 0.201610 3560956.910146 -0.271874 -2.536094 -1.590056 0.271466 -0.147721 0.516889 -0.617537 4.671399 -16.448749 19.435731 7325173745.010557 
rand_060 -1.639598 -1.155507 0.007153 -1.628944 0.193186 2820386.630725 -0.135425 -3.372239 -1.700700 0.290341 -0.147443 0.517113 -0.618796 4.662417 -16.451855 19.474816 6876463225.366584 
rand_061 -1.657452 -1.181072 0.001822 -1.628861 0.195468 4848623.273050 -0.104589 -2.939497 -1.506157 0.261703 -0.148829 0.514217 -0.615257 4.708581 -16.349964 19.353181 6949333235.873318 
rand_062 -1.637745 -1.122625 0.000580 -1.628948 0.194363 4980094.294256 -0.098674 -2.530064 -1.247371 0.246651 -0.147705 0.519638 -0.620243 4.671303 -16.536976 19.523337 7225117207.339129 
rand_063 -1.669027 -1.162689 0.008916 -1.628920 0.193290 7234604.195181 -0.158215 -2.240268 -2.263380 0.298815 -0.147613 0.521069 -0.621544 4.667236 -16.584012 19.567105 7294330422.225334 
rand_064 -1.632333 -1.131719 0.000414 -1.628938 0.187825 5765746.585907 -0.158408 -2.860109 -1.920944 0.368850 -0.147782 0.520034 -0.620521 4.673557 -16.550893 19.533416 7222625848.785995 
rand_065 -1.645449 -1.167236 0.001979 -1.628932 0.193771 5967379.336374 -0.179403 -2.936548 -1.616770 0.331634 -0.147660 0.511082 -0.613875 4.668735 -16.244915 19.307404 6725824930.696522 
rand_066 -1.641801 -1.121854 0.004948 -1.628939 0.192158 5334650.488526 -0.133650 -2.438010 -1.683014 0.177404 -0.148134 0.518684 -0.619868 4.685716 -16.502972 19.509631 7605948114.614751 
rand_067 -1.639638 -1.119839 0.007546 -1.628901 0.196951 5778689.133372 -0.196361 -2.836155 -1.668545 0.186907 -0.148521 0.517066 -0.617042 4.699707 -16.449848 19.413677 7296174179.785317 
rand_068 -1.634481 -1.137843 0.001795 -1.628950 0.189838 4550686.740050 -0.111078 -2.543065 -2.026705 0.326855 -0.149046 0.515622 -0.615011 4.715682 -16.401198 19.347366 8127575016.581570 
rand_069 -1.661661 -1.143519 0.012169 -1.628895 0.184683 3739353.434249 -0.124360 -3.342424 -2.056098 0.336852 -0.148033 0.518966 -0.619614 4.681522 -16.512272 19.501139 7172347488.857613 
rand_070 -1.642506 -1.152516 0.003463 -1.628907 0.191372 6357764.336863 -0.106273 -2.613351 -1.894046 0.334190 -0.147776 0.520771 -0.621825 4.672718 -16.571302 19.574879 6908241035.563436 
rand_071 -1.616671 -1.140240 0.007075 -1.628919 0.197826 3460577.551944 -0.134339 -3.196801 -1.972705 0.288960 -0.147877 0.519329 -0.620635 4.675919 -16.525033 19.537440 7056239767.721723 
rand_072 -1.632945 -1.157647 0.000778 -1.628946 0.199038 5543780.364611 0.013571 -2.510926 -1.648506 0.169452 -0.147348 0.520721 -0.623083 4.658403 -16.569564 19.617793 7558064083.405887 
rand_073 -1.678705 -1.129798 0.005622 -1.628884 0.193098 5057425.396208 -0.186189 -2.345301 -1.782681 0.315954 -0.147583 0.515236 -0.617625 4.665983 -16.388633 19.436919 7613252309.163254 
rand_074 -1.702984 -1.172235 0.003542 -1.628924 0.196486 4966685.356679 -0.048782 -2.069295 -2.100421 0.303661 -0.148310 0.514755 -0.616652 4.690963 -16.369090 19.401540 7377141399.830606 
rand_075 -1.682548 -1.129517 0.011072 -1.628899 0.199303 5839280.031882 -0.191004 -3.135030 -1.244585 0.300625 -0.147833 0.516817 -0.618117 4.675568 -16.442031 19.451906 6213231425.298317 
rand_076 -1.714419 -1.137394 0.002455 -1.628907 0.196695 3692253.540567 -0.216044 -2.824205 -1.467035 0.317585 -0.148354 0.516471 -0.616998 4.692568 -16.434430 19.418223 7122109484.277984 
rand_077 -1.671316 -1.082732 0.006027 -1.628932 0.195822 4305524.281274 -0.185615 -2.903950 -1.253155 0.212796 -0.148641 0.513010 -0.613015 4.702823 -16.314881 19.280619 6823502480.244685 
rand_078 -1.670798 -1.142983 0.005391 -1.628939 0.200843 4650196.083552 -0.204721 -3.253505 -1.372764 0.349292 -0.147330 0.517887 -0.620508 4.658138 -16.476776 19.532250 7343449797.076072 
rand_079 -1.640543 -1.110462 0.004297 -1.628905 0.200109 3791933.782130 -0.161207 -2.755932 -1.112049 0.174856 -0.148436 0.516011 -0.616993 4.696017 -16.409548 19.409741 6939711238.247849 
rand_080 -1.649070 -1.111000 0.003542 -1.628947 0.193911 4255413.308691 -0.084502 -2.369387 -1.485875 0.188687 -0.148261 0.518827 -0.620187 4.689930 -16.507780 19.520577 7560285976.448181 
rand_081 -1.702310 -1.144988 0.007247 -1.628966 0.187842 4805051.904601 -0.140039 -2.881515 -2.016665 0.261703 -0.149067 0.514436 -0.615148 4.716831 -16.359166 19.350543 7278936681.271377 
rand_082 -1.670723 -1.120812 0.003793 -1.628933 0.197517 3829625.792061 -0.123288 -2.583386 -2.095739 0.337649 -0.148457 0.518436 -0.618414 4.696023 -16.494605 19.461028 7186682868.116993 
rand_083 -1.661726 -1.143222 0.003711 -1.628947 0.201368 4933025.972818 -0.041592 -2.716544 -1.414815 0.267591 -0.147652 0.515168 -0.616961 4.668954 -16.386051 19.413896 7406045753.832616 
rand_084 -1.699500 -1.125703 0.006950 -1.628935 0.189401 2683677.507662 -0.116894 -2.440840 -2.349622 0.363750 -0.147815 0.516814 -0.617656 4.674199 -16.445383 19.439639 6541835243.846931 
rand_085 -1.697178 -1.097906 0.000248 -1.628961 0.194004 4317777.267524 -0.159140 -2.881134 -1.593900 0.283177 -0.148031 0.519304 -0.619639 4.681734 -16.528044 19.505173 7123202739.594689 
rand_086 -1.664744 -1.121163 0.001426 -1.628876 0.191664 3925311.422983 -0.373076 -2.705791 -1.767747 0.389683 -0.148624 0.519889 -0.619819 4.702836 -16.543681 19.507347 8174198856.009257 
rand_087 -1.658008 -1.152656 0.005393 -1.628915 0.198774 5098364.662610 -0.229020 -3.083351 -2.090467 0.309712 -0.147751 0.514589 -0.615710 4.671978 -16.365688 19.370746 7991703515.265907 
rand_088 -1.688648 -1.116850 0.008745 -1.628972 0.196207 6059512.219409 -0.089381 -2.793330 -2.357577 0.336013 -0.148354 0.515771 -0.615073 4.692786 -16.412286 19.353757 6576137169.018673 
rand_089 -1.651120 -1.146995 0.009360 -1.628962 0.195880 4267923.863916 -0.180025 -2.335874 -1.687009 0.287880 -0.148199 0.518116 -0.618235 4.687886 -16.483517 19.453885 6678603692.795844 
rand_090 -1.661403 -1.141614 0.002301 -1.628941 0.189328 4052282.756747 -0.220383 -3.394352 -1.314864 0.245823 -0.147966 0.516018 -0.616883 4.679531 -16.417155 19.412304 7922676434.277129 
rand_091 -1.643625 -1.103986 0.005637 -1.628960 0.183664 5832661.008562 -0.129528 -3.121141 -1.470869 0.313820 -0.148234 0.515444 -0.616456 4.689165 -16.395415 19.395431 7413244594.081304 
rand_092 -1.649472 -1.104096 0.006229 -1.628936 0.200332 5595090.110440 -0.109685 -2.859441 -1.779060 0.199319 -0.148257 0.512499 -0.612746 4.689470 -16.297401 19.271763 7574653750.904526 
rand_093 -1.714639 -1.111855 0.010707 -1.628960 0.186693 4638167.710284 -0.119404 -2.815611 -1.522359 0.181897 -0.148974 0.517746 -0.617587 4.714142 -16.471569 19.432228 7027962253.773828 
rand_094 -1.653463 -1.091210 0.001658 -1.628915 0.196826 4010371.894915 -0.161746 -3.013724 -2.134779 0.246784 -0.147621 0.519832 -0.621257 4.667928 -16.544557 19.559186 6480336547.288708 
rand_095 -1.667139 -1.117369 0.003082 -1.628913 0.181594 5048876.015759 -0.113485 -3.002023 -1.626870 0.231954 -0.147058 0.514629 -0.616636 4.649143 -16.370388 19.403377 7509886814.203032 
rand_096 -1.666017 -1.129264 0.000343 -1.628920 0.186075 4615328.707204 -0.216684 -3.336046 -1.504249 0.230516 -0.147212 0.516678 -0.619015 4.654183 -16.434118 19.480382 8043541126.280793 
rand_097 -1.649188 -1.123171 0.002807 -1.628920 0.197911 5024705.987455 -0.164553 -3.412873 -1.403907 0.392700 -0.148400 0.514193 -0.614879 4.694425 -16.352682 19.342787 6511466416.853107 
rand_098 -1.650772 -1.120609 0.004123 -1.628950 0.196560 2344646.051340 -0.271349 -3.084106 -1.073216 0.230098 -0.148274 0.515053 -0.616658 4.690366 -16.383390 19.403508 7278792389.015711 
rand_099 -1.656854 -1.126154 0.004300 -1.628924 0.190332 3703361.672179 -0.218227 -3.294034 -1.320325 0.326970 -0.148386 0.511501 -0.612842 4.693924 -16.263150 19.274213 7451354408.532893 
rand_100 -1.655309 -1.137089 0.003856 -1.628911 0.192588 5626708.517085 -0.145049 -2.608363 -1.642886 0.292236 -0.147709 0.516892 -0.619043 4.670000 -16.445434 19.485727 7009987768.686332 
rand_101 -1.656392 -1.107776 0.006503 -1.628932 0.202553 2514166.585673 -0.181769 -2.249312 -1.615511 0.275369 -0.147762 0.515848 -0.617786 4.672501 -16.407068 19.439821 6668478942.304484 
rand_102 -1.645096 -1.126548 0.002744 -1.628928 0.197928 5457290.628093 -0.149911 -3.100944 -1.611074 0.219375 -0.148291 0.514810 -0.617010 4.690286 -16.372171 19.414315 7348265708.939622 
rand_103 -1.652216 -1.097346 0.005087 -1.628957 0.191923 6027843.525367 -0.220123 -2.933265 -1.147991 0.220112 -0.148096 0.520198 -0.619882 4.684238 -16.557189 19.512006 6935447513.506110 
rand_104 -1.662269 -1.142078 0.003216 -1.628913 0.197632 6221401.705131 -0.087290 -2.534392 -1.346637 0.203718 -0.147705 0.521579 -0.622975 4.670259 -16.600947 19.616214 6942769886.091347 
rand_105 -1.664794 -1.147678 0.007902 -1.628906 0.192636 4480014.112354 -0.116712 -3.219374 -1.978085 0.361912 -0.148223 0.511408 -0.612938 4.688266 -16.259443 19.278189 7474443910.074736 
rand_106 -1.673528 -1.132706 0.007174 -1.628917 0.197149 3356084.216379 -0.100331 -2.246767 -1.339102 0.214982 -0.147368 0.519394 -0.620670 4.659534 -16.528786 19.538218 6969565346.446517 
rand_107 -1.688289 -1.137803 0.006854 -1.628922 0.197526 5550159.023787 -0.190509 -2.843800 -1.675947 0.333117 -0.148829 0.515498 -0.616108 4.708160 -16.395356 19.383877 7331946483.364747 
rand_108 -1.692500 -1.149783 0.007221 -1.628956 0.188961 5362454.423155 -0.120066 -2.655947 -1.948221 0.334270 -0.148924 0.517817 -0.617738 4.711795 -16.472749 19.437489 7268667128.117375 
rand_109 -1.668703 -1.112939 0.002424 -1.628912 0.196303 4525227.550985 -0.105831 -3.293390 -2.149374 0.322000 -0.148662 0.517228 -0.617352 4.703251 -16.455764 19.426436 7357432660.740849 
rand_110 -1.652008 -1.093811 0.007323 -1.628893 0.201035 5061323.344428 -0.176279 -2.599726 -1.726691 0.266071 -0.148356 0.519842 -0.619704 4.693339 -16.543212 19.504449 7843212533.572570 
rand_111 -1.654392 -1.133842 0.012463 -1.628989 0.193211 7131555.797424 -0.126751 -2.510546 -2.354781 0.337600 -0.147254 0.518482 -0.620482 4.655153 -16.496396 19.531897 6925384139.703952 
rand_112 -1.644434 -1.133741 0.016096 -1.628929 0.198259 4502681.688240 -0.262183 -2.346124 -1.348269 0.328495 -0.147876 0.518320 -0.619439 4.676650 -16.492133 19.496493 7247326574.402865 
rand_113 -1.716285 -1.149969 0.002305 -1.628924 0.190314 4986427.043914 -0.136116 -2.939832 -1.994148 0.294870 -0.148074 0.518586 -0.618548 4.683064 -16.501403 19.466466 7153082494.906471 
rand_114 -1.668883 -1.100152 0.002741 -1.628944 0.196829 3771977.498394 -0.172602 -3.030034 -1.878379 0.368438 -0.147928 0.516676 -0.618515 4.678043 -16.433693 19.463427 7863597151.405006 
rand_115 -1.647656 -1.118143 0.005914 -1.628901 0.203313 6411642.709273 -0.145101 -3.047327 -2.122840 0.396810 -0.148093 0.520882 -0.620343 4.684501 -16.578467 19.525267 6660789705.736305 
rand_116 -1.702246 -1.188774 0.006591 -1.628950 0.197500 6189256.117028 -0.136269 -2.251475 -1.378121 0.308912 -0.147576 0.520589 -0.620761 4.666459 -16.570597 19.542045 6702192526.201045 
rand_117 -1.662550 -1.128563 0.001546 -1.628951 0.203033 5540517.241783 -0.150649 -2.589056 -1.588887 0.295559 -0.147836 0.519027 -0.620712 4.674938 -16.514430 19.538961 6802514774.589893 
rand_118 -1.644949 -1.124779 0.002375 -1.628900 0.194556 4806355.895024 -0.251051 -2.429111 -1.086042 0.219712 -0.147565 0.520674 -0.621905 4.665692 -16.572322 19.580697 6462232101.795614 
rand_119 -1.653673 -1.148719 0.005526 -1.628929 0.192753 5674333.061051 -0.061287 -2.485223 -2.170916 0.311929 -0.148960 0.515644 -0.614856 4.714035 -16.401968 19.340635 7304147623.600137 
rand_120 -1.679216 -1.117139 0.001652 -1.628952 0.192194 5307030.263855 -0.230237 -2.415524 -1.719036 0.393330 -0.148389 0.518628 -0.619005 4.693512 -16.501115 19.481694 7788386697.874635 
rand_121 -1.682484 -1.130400 0.007375 -1.628915 0.199828 4907434.117602 -0.254379 -3.230383 -1.275906 0.218649 -0.147702 0.518322 -0.619590 4.670444 -16.493912 19.503844 7090231719.295125 
rand_122 -1.674385 -1.126363 0.002646 -1.628949 0.189077 4374886.205780 -0.142397 -2.024910 -2.013878 0.307720 -0.147507 0.516979 -0.619455 4.663397 -16.442933 19.494962 7381151474.550316 
rand_123 -1.643885 -1.143348 0.006775 -1.628943 0.189090 5417341.160247 -0.098104 -2.451188 -1.740148 0.248943 -0.148240 0.518219 -0.617800 4.689306 -16.491203 19.442158 7493499798.089814 
rand_124 -1.626374 -1.124844 0.003318 -1.628957 0.201247 6116815.946835 -0.130548 -2.648157 -1.576699 0.266980 -0.147351 0.519784 -0.621625 4.658634 -16.538101 19.568129 6596593560.977517 
rand_125 -1.641562 -1.099505 0.008366 -1.628931 0.192907 5044998.385779 -0.107919 -2.678787 -0.870883 0.089117 -0.148231 0.516289 -0.616562 4.688670 -16.422441 19.398358 7275332158.996934 
rand_126 -1.627277 -1.126329 0.000274 -1.628962 0.194566 4306633.664031 -0.109166 -3.123499 -1.539652 0.198583 -0.149006 0.514095 -0.615285 4.714932 -16.346834 19.354388 7420693118.840862 
rand_127 -1.680004 -1.107009 0.001395 -1.628906 0.196664 5760795.616363 -0.083347 -2.825497 -1.353261 0.151455 -0.149210 0.513954 -0.614633 4.721653 -16.343609 19.334084 6546679967.968194 
rand_128 -1.663173 -1.162418 0.002654 -1.628921 0.197697 5941636.755531 -0.182913 -3.418798 -1.731833 0.292799 -0.148006 0.514352 -0.615913 4.680493 -16.356766 19.377197 7802771324.937404 
rand_129 -1.674970 -1.127423 0.006436 -1.628943 0.196429 4391793.069024 -0.084617 -2.815987 -1.602598 0.256970 -0.148054 0.513444 -0.615744 4.681805 -16.322243 19.369306 7371955246.305123 
rand_130 -1.655250 -1.126655 0.005353 -1.628957 0.202038 7264082.454354 -0.119390 -3.654895 -1.489730 0.298820 -0.147378 0.517997 -0.619827 4.659188 -16.479390 19.509490 7694995470.213390 
rand_131 -1.621923 -1.098019 0.010439 -1.628934 0.197024 6092333.641363 -0.144102 -3.271694 -1.690099 0.325735 -0.148205 0.515175 -0.615793 4.688310 -16.386998 19.373288 7298979782.339079 
rand_132 -1.649056 -1.121309 0.005731 -1.628954 0.184690 4674727.635288 -0.240944 -2.660548 -1.765840 0.246074 -0.148225 0.513971 -0.615701 4.688082 -16.344692 19.370823 8349370417.697774 
rand_133 -1.619013 -1.149986 0.000971 -1.628941 0.194990 4411808.644437 -0.110715 -3.082218 -1.431000 0.232217 -0.147907 0.514830 -0.617159 4.677040 -16.372388 19.419688 6878615380.210638 
rand_134 -1.690000 -1.105850 0.008107 -1.628954 0.194004 4906057.767198 -0.169502 -3.133934 -1.868747 0.347460 -0.147767 0.516734 -0.618105 4.672906 -16.438330 19.451396 7074211661.802198 
rand_135 -1.680385 -1.132334 0.006301 -1.628901 0.194893 4060397.093136 -0.136879 -2.874702 -1.587226 0.265714 -0.147795 0.517402 -0.619685 4.673725 -16.456471 19.501506 7511120002.170898 
rand_136 -1.700998 -1.123515 0.001782 -1.628906 0.193965 5229524.727423 -0.141932 -2.382062 -1.460587 0.196984 -0.148646 0.518052 -0.617428 4.702834 -16.483078 19.427839 7119503647.052386 
rand_137 -1.665134 -1.138592 0.003575 -1.628978 0.193650 4952829.980863 -0.146497 -3.320466 -1.274442 0.171397 -0.147793 0.523094 -0.623649 4.673383 -16.650066 19.635986 6853483627.442252 
rand_138 -1.711542 -1.133201 0.002231 -1.628920 0.195774 3957821.825651 -0.130484 -1.961101 -2.394102 0.391634 -0.148220 0.514093 -0.616544 4.687840 -16.344017 19.395650 7524683029.632890 
rand_139 -1.672766 -1.114982 0.005982 -1.628907 0.186351 4182989.263985 -0.169296 -2.492771 -2.035425 0.343745 -0.148621 0.513287 -0.613815 4.701640 -16.326363 19.310312 6733529667.851014 
rand_140 -1.648431 -1.117686 0.009383 -1.628926 0.196688 4472598.766333 -0.125619 -3.387100 -1.570719 0.299810 -0.147604 0.516059 -0.617962 4.667027 -16.416783 19.447966 6978945509.837074 
rand_141 -1.678938 -1.123129 0.001247 -1.628932 0.192213 4448079.991791 -0.077546 -3.282277 -2.115017 0.321777 -0.149334 0.517500 -0.616846 4.725932 -16.465973 19.410132 6289579442.449026 
rand_142 -1.681968 -1.152371 0.000646 -1.628914 0.199907 4690287.676574 -0.102675 -3.134982 -1.445839 0.323555 -0.149387 0.515018 -0.614804 4.728081 -16.379110 19.338067 6781689811.201018 
rand_143 -1.655344 -1.134929 0.000304 -1.628917 0.188581 2931115.079571 -0.106734 -3.298046 -1.815795 0.321393 -0.147665 0.515257 -0.617487 4.669147 -16.388139 19.430779 7622908717.250829 
rand_144 -1.657254 -1.114190 0.010177 -1.628915 0.194939 4146479.129757 -0.059192 -2.834160 -1.284007 0.162304 -0.148677 0.519648 -0.619249 4.703317 -16.536958 19.490077 7661559121.824128 
rand_145 -1.628491 -1.131366 0.006336 -1.628892 0.200861 4417204.375204 -0.097438 -2.011663 -1.795063 0.281198 -0.147880 0.517264 -0.619047 4.676964 -16.457067 19.483712 6183664638.816623 
rand_146 -1.673341 -1.161199 0.003716 -1.628931 0.203488 5505539.090375 -0.041294 -2.566091 -2.401513 0.304131 -0.149061 0.516838 -0.615696 4.716901 -16.444349 19.370842 6739662802.424185 
rand_147 -1.668000 -1.119089 0.005163 -1.628930 0.194240 7263411.823046 -0.269339 -2.230281 -1.807861 0.288375 -0.147913 0.512708 -0.613977 4.678253 -16.300334 19.310153 7276593352.399843 
rand_148 -1.646980 -1.109538 0.007778 -1.628983 0.194633 4746737.035412 -0.168803 -3.006586 -1.677810 0.288168 -0.148045 0.514737 -0.615273 4.681993 -16.374423 19.358552 6693593822.408705 
rand_149 -1.655230 -1.127629 0.004659 -1.628927 0.192954 4893743.257728 -0.189980 -2.912530 -1.340635 0.296441 -0.148056 0.519856 -0.620869 4.682476 -16.541381 19.543216 7647121139.096686 
rand_150 -1.693891 -1.142121 0.007385 -1.628907 0.197183 4063071.044984 -0.226468 -2.479521 -1.004734 0.190180 -0.148713 0.516927 -0.617106 4.704851 -16.445799 19.418326 7127490586.472528 
rand_151 -1.666687 -1.106729 0.006722 -1.628907 0.194016 4717804.502648 -0.159389 -2.739020 -2.623641 0.415167 -0.147725 0.517925 -0.619903 4.671184 -16.478238 19.512516 6777476867.074222 
rand_152 -1.661394 -1.145762 0.011633 -1.628901 0.195800 6196582.927934 -0.267967 -2.615562 -1.329741 0.240880 -0.148380 0.516005 -0.617754 4.693524 -16.409299 19.436761 6804486503.423612 
rand_153 -1.662548 -1.164546 0.006719 -1.628924 0.188445 4548136.862987 -0.204071 -2.596269 -1.440800 0.359686 -0.147294 0.519991 -0.621231 4.656439 -16.547897 19.556808 7160739902.712565 
rand_154 -1.637461 -1.107196 0.005494 -1.628956 0.201261 7339152.690195 -0.251808 -2.985803 -1.268321 0.356455 -0.149220 0.516325 -0.616043 4.722357 -16.424801 19.381363 7096936728.024332 
rand_155 -1.658382 -1.150701 0.006022 -1.628888 0.197068 4287930.275015 -0.092228 -3.009891 -1.644802 0.330594 -0.147904 0.515424 -0.617634 4.676900 -16.393724 19.436188 7286252504.556446 
rand_156 -1.635287 -1.082859 0.007032 -1.628896 0.199383 5624701.229768 -0.213575 -2.421989 -2.128281 0.364335 -0.148420 0.516128 -0.616760 4.695655 -16.417707 19.404807 7690431130.490141 
rand_157 -1.636641 -1.128815 0.006411 -1.628921 0.196780 6004379.872628 -0.135761 -2.663755 -1.743543 0.324443 -0.148330 0.515786 -0.617057 4.691866 -16.403986 19.414448 7065765400.931117 
rand_158 -1.637706 -1.158648 0.004106 -1.628936 0.189602 3471942.839970 -0.245130 -2.706921 -2.162794 0.363400 -0.148761 0.515776 -0.616548 4.706267 -16.403616 19.397562 7264362520.016891 
rand_159 -1.662070 -1.145416 0.000879 -1.628930 0.191248 5559161.321565 -0.163597 -2.500585 -2.097672 0.347901 -0.149256 0.514248 -0.614357 4.723205 -16.353203 19.324063 6870246783.879767 
rand_160 -1.669134 -1.132566 0.005784 -1.628974 0.195076 5078432.044933 -0.221880 -3.073574 -1.453929 0.338319 -0.149053 0.512877 -0.614046 4.716642 -16.307145 19.314013 7225115182.168957 
rand_161 -1.646728 -1.151608 0.004951 -1.628964 0.191051 4697638.696419 -0.151570 -3.222833 -1.304829 0.332239 -0.148747 0.515159 -0.615548 4.706654 -16.383731 19.362836 7479332046.190914 
rand_162 -1.691732 -1.140323 0.001837 -1.628897 0.199180 3873535.146602 -0.095844 -3.343456 -1.274629 0.235932 -0.148351 0.518409 -0.619212 4.692310 -16.494761 19.488755 7239471042.554064 
rand_163 -1.658882 -1.130127 0.002258 -1.628931 0.194356 5872865.716927 -0.131328 -2.582695 -1.233441 0.281976 -0.148919 0.516535 -0.617911 4.711718 -16.428948 19.443372 7228799541.156363 
rand_164 -1.640035 -1.115183 0.001734 -1.628950 0.194715 2556833.749535 -0.091439 -3.224805 -1.463075 0.266004 -0.148029 0.516446 -0.617573 4.682164 -16.426292 19.430452 7657919566.049212 
rand_165 -1.661708 -1.125602 0.005653 -1.628907 0.196130 5013210.627142 -0.116923 -2.602623 -1.624744 0.353420 -0.149293 0.516504 -0.615252 4.725290 -16.430989 19.353601 6739366660.099621 
rand_166 -1.675750 -1.138408 0.003240 -1.628929 0.193094 4743625.596729 -0.180231 -2.589907 -2.358434 0.350513 -0.147950 0.518369 -0.619435 4.678250 -16.496693 19.499683 6881611217.183930 
rand_167 -1.652971 -1.125152 0.002253 -1.628917 0.199494 3082895.038367 -0.066994 -2.164537 -1.951794 0.239969 -0.148619 0.514539 -0.615174 4.701839 -16.365603 19.353268 7640457103.869532 
rand_168 -1.644295 -1.139236 0.005526 -1.628983 0.203038 4132986.663066 -0.185267 -3.022316 -1.540903 0.364577 -0.148272 0.516821 -0.617177 4.689962 -16.442486 19.420730 7377046298.395277 
rand_169 -1.651467 -1.138562 0.008935 -1.628953 0.193436 5151629.652961 -0.135246 -2.578615 -1.653838 0.250755 -0.147974 0.520537 -0.622293 4.680077 -16.567073 19.593455 7210100528.776931 
rand_170 -1.664512 -1.122867 0.004179 -1.628927 0.198062 7967802.161990 -0.235090 -2.542290 -1.574658 0.335758 -0.148719 0.515465 -0.615542 4.705632 -16.392571 19.361452 7496285334.845565 
rand_171 -1.658365 -1.117335 0.003848 -1.628932 0.197836 3961444.360097 -0.108471 -2.491458 -1.145699 0.168457 -0.148126 0.516757 -0.616917 4.684843 -16.441077 19.412545 7229659383.532912 
rand_172 -1.644346 -1.128637 0.001205 -1.628983 0.190606 5598422.335212 -0.055075 -3.056151 -1.887498 0.261128 -0.148905 0.514419 -0.615239 4.711584 -16.359495 19.353876 7225047330.325693 
rand_173 -1.641133 -1.123968 0.006522 -1.628902 0.198147 3839594.682012 -0.090936 -3.306182 -1.405894 0.200301 -0.147007 0.520963 -0.622883 4.646381 -16.582062 19.614729 7149747986.134501 
rand_174 -1.649111 -1.153666 0.001778 -1.628934 0.194765 2798925.543590 -0.072418 -2.655882 -2.142308 0.339941 -0.148436 0.517446 -0.617289 4.695472 -16.466621 19.426883 8245661228.439582 
rand_175 -1.672644 -1.152970 0.001838 -1.628912 0.197674 6462780.469568 -0.331233 -2.227884 -1.797311 0.343886 -0.147317 0.520062 -0.620845 4.657687 -16.554409 19.546958 7779631388.814691 
rand_176 -1.661963 -1.147210 0.013149 -1.628942 0.190866 4752245.812861 -0.172948 -2.245005 -2.472675 0.338688 -0.148786 0.517783 -0.618385 4.707728 -16.474052 19.460747 6759331236.366347 
rand_177 -1.677257 -1.120577 0.004381 -1.628954 0.193115 4323554.106518 -0.387912 -3.308297 -1.502021 0.352936 -0.148667 0.520480 -0.620604 4.703548 -16.566196 19.536333 7673745296.921960 
rand_178 -1.655133 -1.105871 0.008015 -1.628916 0.202590 5188310.276816 -0.167046 -1.942994 -1.668508 0.287658 -0.148518 0.513353 -0.613545 4.698719 -16.327204 19.299297 6808053268.295377 
rand_179 -1.701672 -1.157543 0.002151 -1.629044 0.186799 4291781.123444 -0.098431 -3.447355 -1.979390 0.214234 -0.148157 0.519326 -0.620300 4.686043 -16.526385 19.526187 7044866693.165498 
rand_180 -1.663457 -1.127412 0.007158 -1.628956 0.191457 3639643.339156 -0.066653 -2.831884 -1.464325 0.220752 -0.149261 0.516220 -0.615342 4.723786 -16.419852 19.355911 7307376718.396306 
rand_181 -1.668347 -1.123745 0.005988 -1.628911 0.199521 6522097.916724 -0.169624 -2.789955 -1.545840 0.331284 -0.147884 0.519133 -0.620623 4.677123 -16.518110 19.534866 6694705674.105835 
rand_182 -1.645904 -1.157204 0.007805 -1.628937 0.193863 3456421.171409 -0.265350 -3.549750 -1.074540 0.352074 -0.148265 0.518819 -0.619212 4.689333 -16.507140 19.488266 6817289436.418742 
rand_183 -1.667170 -1.135041 0.005206 -1.628918 0.200085 6753981.692459 -0.069167 -3.474292 -1.216092 0.127244 -0.147540 0.511063 -0.614649 4.665578 -16.242151 19.330830 6836544220.304708 
rand_184 -1.677642 -1.169922 0.001021 -1.628872 0.197292 5087944.323974 -0.157933 -2.627274 -1.513718 0.289785 -0.147733 0.521583 -0.622832 4.671555 -16.600959 19.610422 7462391007.607295 
rand_185 -1.662188 -1.113492 0.005006 -1.628954 0.199451 5907711.013815 -0.094807 -2.445903 -2.032029 0.290506 -0.147394 0.517341 -0.617881 4.660302 -16.464388 19.448295 7239654586.439621 
rand_186 -1.672614 -1.121133 0.003906 -1.628923 0.187930 4952399.855117 -0.124665 -2.833879 -1.586221 0.311703 -0.147661 0.519661 -0.621634 4.668933 -16.532900 19.567611 8022534566.076880 
rand_187 -1.681038 -1.149456 0.000727 -1.628920 0.198636 4628587.602002 -0.061846 -2.784456 -1.592585 0.250960 -0.149253 0.514483 -0.614823 4.723554 -16.360420 19.338074 7019514037.322357 
rand_188 -1.641736 -1.130966 0.008840 -1.628891 0.199889 4345816.008756 -0.089037 -2.979777 -1.961099 0.275207 -0.148573 0.519754 -0.620395 4.699936 -16.538341 19.527750 7912068311.831668 
rand_189 -1.642382 -1.128364 0.003381 -1.628922 0.198312 7425312.583341 -0.277316 -2.915367 -1.532018 0.313832 -0.147939 0.519725 -0.620084 4.678850 -16.539696 19.517724 7068726179.118233 
rand_190 -1.690492 -1.100947 0.011334 -1.628957 0.193655 5175933.370949 -0.133905 -2.115381 -1.551717 0.270823 -0.147328 0.516299 -0.618235 4.657653 -16.423220 19.456197 7091874536.303607 
rand_191 -1.645950 -1.132123 0.001898 -1.628984 0.192507 6143417.118047 -0.146827 -2.933190 -1.310301 0.274750 -0.147973 0.515615 -0.617445 4.679665 -16.398229 19.427488 6983637703.778820 
rand_192 -1.647890 -1.125304 0.002945 -1.628907 0.197074 5594076.991793 -0.162118 -2.802610 -1.996275 0.311203 -0.148033 0.516196 -0.617186 4.681846 -16.421368 19.421652 6366840626.313530 
rand_193 -1.680407 -1.137166 0.007315 -1.628931 0.198267 5446212.408955 -0.177994 -3.490894 -1.297247 0.354164 -0.148054 0.516624 -0.616553 4.683317 -16.437624 19.400212 7476437134.388377 
rand_194 -1.638060 -1.113384 0.007380 -1.628913 0.196723 5307911.691554 -0.103114 -2.977469 -2.105669 0.334832 -0.147891 0.518937 -0.619445 4.676902 -16.515179 19.498674 6780509481.504433 
rand_195 -1.723679 -1.109057 0.002854 -1.628963 0.199967 5758092.527260 -0.180250 -3.366678 -1.459419 0.282956 -0.147880 0.519038 -0.619343 4.676722 -16.517025 19.494000 7139795108.663843 
rand_196 -1.646754 -1.132499 0.005799 -1.628887 0.191905 5738387.876211 -0.287065 -3.071668 -1.694418 0.386998 -0.148351 0.517547 -0.617671 4.693083 -16.467396 19.436690 6617063698.733064 
rand_197 -1.645630 -1.103637 0.004773 -1.628928 0.188482 5271283.921804 -0.170688 -2.990019 -1.539318 0.289371 -0.147962 0.520527 -0.620954 4.679157 -16.567560 19.548560 7262396160.754760 
rand_198 -1.654850 -1.127737 0.003128 -1.628896 0.202343 3714231.905834 -0.191313 -2.323532 -1.539177 0.239259 -0.147781 0.518228 -0.619326 4.673641 -16.492721 19.495507 7281095912.044609 
rand_199 -1.652730 -1.160320 0.002611 -1.628950 0.189387 5180315.294158 -0.059786 -2.834680 -1.452528 0.261502 -0.147544 0.515447 -0.617638 4.665353 -16.397901 19.437897 6826807198.806214 
rand_200 -1.669554 -1.130407 0.007593 -1.628934 0.189302 4013172.430196 -0.124434 -2.621900 -1.948773 0.368776 -0.148369 0.521177 -0.621216 4.693520 -16.587718 19.555396 7110118123.250399 
rand_201 -1.633859 -1.162764 0.005218 -1.628903 0.198775 7429501.270560 -0.093194 -3.721087 -1.481576 0.256679 -0.147947 0.518446 -0.618995 4.679215 -16.499190 19.483719 7083691261.846124 
rand_202 -1.683533 -1.149679 0.004123 -1.628968 0.190546 6493803.749315 -0.358180 -3.015690 -1.928753 0.444547 -0.148538 0.519861 -0.619604 4.698864 -16.548014 19.504734 7068551491.785864 
rand_203 -1.643208 -1.135684 0.006053 -1.628957 0.196257 4694786.876299 -0.163666 -2.661465 -1.812638 0.367983 -0.147793 0.516619 -0.617038 4.673967 -16.435217 19.415462 7260337091.819485 
rand_204 -1.674537 -1.132536 0.008778 -1.628922 0.189719 3493670.440165 -0.174754 -2.551335 -1.940431 0.293708 -0.147623 0.521147 -0.621778 4.667848 -16.589596 19.576776 7367849183.673623 
rand_205 -1.664822 -1.142901 0.001093 -1.628908 0.191179 6960981.011675 -0.113818 -2.585928 -1.679491 0.200315 -0.147126 0.516070 -0.619302 4.651351 -16.416247 19.492605 6974183754.944584 
rand_206 -1.631803 -1.136599 0.002246 -1.628940 0.194984 3647255.286121 -0.030016 -3.175207 -2.014929 0.270682 -0.148018 0.519246 -0.619747 4.681698 -16.526371 19.508580 7817524195.063596 
rand_207 -1.668546 -1.172622 0.000440 -1.628993 0.197387 5784986.687090 -0.162448 -2.208152 -1.771244 0.277497 -0.148483 0.519385 -0.618986 4.697359 -16.528196 19.480857 7226918297.419788 
rand_208 -1.678838 -1.108194 0.008072 -1.628877 0.203383 6968260.439224 -0.242594 -2.817811 -1.221111 0.259851 -0.147589 0.520604 -0.620363 4.666940 -16.572330 19.529988 7362361107.078477 
rand_209 -1.661014 -1.154662 0.010074 -1.628895 0.199588 5137251.965761 -0.106710 -2.448415 -1.635209 0.177182 -0.147436 0.519957 -0.621474 4.661361 -16.549708 19.567623 6538983699.427373 
rand_210 -1.644106 -1.122342 0.009526 -1.628940 0.189868 4806021.030502 -0.165996 -2.894040 -1.751945 0.237266 -0.148006 0.518454 -0.619169 4.680699 -16.498078 19.488757 6803102964.884356 
rand_211 -1.635792 -1.113539 0.002611 -1.628897 0.195280 6231822.183724 -0.109535 -2.372410 -2.125184 0.303686 -0.148016 0.518327 -0.619296 4.681462 -16.492939 19.491627 6900616165.957970 
rand_212 -1.673673 -1.126671 0.000250 -1.628903 0.190902 6734653.727810 -0.105473 -3.218404 -1.547580 0.163145 -0.148799 0.515713 -0.616361 4.707820 -16.401487 19.390930 7117009066.362056 
rand_213 -1.666575 -1.117538 0.006719 -1.628962 0.187687 4932890.287770 -0.183599 -2.585520 -1.297175 0.226557 -0.148347 0.513934 -0.614774 4.692413 -16.340958 19.336432 6453572265.135490 
rand_214 -1.644548 -1.134658 0.000530 -1.628953 0.193613 3648529.807986 -0.158399 -2.789213 -1.180518 0.226773 -0.147678 0.515736 -0.617412 4.670005 -16.405536 19.428995 7328286337.442272 
rand_215 -1.657898 -1.136465 0.001614 -1.628971 0.194443 4609625.064715 -0.140990 -2.112250 -1.443143 0.240668 -0.147885 0.519153 -0.619400 4.677273 -16.522039 19.495387 7984946425.197058 
rand_216 -1.666105 -1.136989 0.004850 -1.628992 0.194790 4588661.203201 -0.165551 -2.627841 -1.478455 0.332587 -0.148175 0.511457 -0.613220 4.686107 -16.261963 19.289005 6835754981.181313 
rand_217 -1.634038 -1.107439 0.005199 -1.628899 0.189347 7073504.428318 -0.222616 -3.632185 -1.511312 0.311046 -0.148379 0.514230 -0.615410 4.693784 -16.354892 19.361468 7674870044.791663 
rand_218 -1.659842 -1.147343 0.003320 -1.628982 0.190470 5832458.298128 -0.023385 -2.763959 -1.721180 0.257969 -0.148751 0.519543 -0.618656 4.706055 -16.534770 19.471086 6561233291.012818 
rand_219 -1.670233 -1.141864 0.001687 -1.628913 0.190058 6410443.929224 -0.135951 -2.418781 -1.829120 0.302348 -0.148155 0.518469 -0.618986 4.686139 -16.497138 19.481465 7476751826.102889 
rand_220 -1.678335 -1.109054 0.006698 -1.628968 0.200263 5466518.356571 -0.180412 -2.690512 -1.009962 0.301044 -0.148061 0.518622 -0.620050 4.682558 -16.503426 19.518766 7038389556.379444 
rand_221 -1.664049 -1.129357 0.004040 -1.628960 0.199742 2846233.461085 -0.004890 -2.896362 -1.633869 0.193743 -0.148817 0.516509 -0.615856 4.708751 -16.430283 19.374096 7297446798.908680 
rand_222 -1.669161 -1.078588 0.008910 -1.628947 0.201741 5132047.664464 -0.066568 -3.479153 -1.567534 0.190406 -0.148664 0.517483 -0.618889 4.703234 -16.460397 19.475281 7437130266.847339 
rand_223 -1.591641 -1.122417 0.005072 -1.628916 0.204826 4763871.059505 -0.169232 -2.440243 -1.219588 0.328988 -0.148480 0.518192 -0.619128 4.696464 -16.483171 19.483509 6947085170.871991 
rand_224 -1.625171 -1.108661 0.010114 -1.628935 0.194470 5034148.184795 -0.079886 -2.366374 -2.085464 0.321485 -0.148720 0.516172 -0.615319 4.705559 -16.422253 19.358803 6811217197.200074 
rand_225 -1.668962 -1.128397 0.004886 -1.628964 0.184485 4781782.579301 -0.045204 -2.919604 -1.668303 0.278551 -0.148472 0.523637 -0.623837 4.695827 -16.667359 19.642556 8071460335.205055 
rand_226 -1.640907 -1.122244 0.006553 -1.628901 0.193290 4830102.467895 -0.168469 -2.412589 -1.113926 0.169336 -0.147818 0.517233 -0.618238 4.674769 -16.456043 19.456231 6448738097.911949 
rand_227 -1.670840 -1.126332 0.006096 -1.628889 0.195994 3460756.371872 -0.218539 -3.950476 -2.175808 0.385742 -0.148156 0.518259 -0.620127 4.685562 -16.486525 19.517699 6803130051.253817 
rand_228 -1.672598 -1.111135 0.006222 -1.628942 0.200822 3868779.970841 -0.115585 -2.999294 -1.945578 0.235465 -0.148287 0.520297 -0.619684 4.690868 -16.561388 19.506044 7045447749.809795 
rand_229 -1.674702 -1.121134 0.001116 -1.628975 0.193613 6004582.518120 -0.078819 -2.528401 -2.296324 0.239969 -0.147760 0.519631 -0.621414 4.672442 -16.534834 19.562660 6714399782.116372 
rand_230 -1.671513 -1.138176 0.003674 -1.628898 0.197863 4782598.437094 -0.096509 -3.406357 -1.708423 0.253452 -0.148183 0.517738 -0.619932 4.686752 -16.469020 19.511481 7142520380.436035 
rand_231 -1.699797 -1.103033 0.006661 -1.628960 0.192545 5693872.251436 -0.278299 -3.260914 -1.298548 0.206006 -0.146545 0.521054 -0.623196 4.630889 -16.584084 19.624663 6772302077.616157 
rand_232 -1.648956 -1.124951 0.006400 -1.628932 0.196610 5738997.408084 -0.222337 -2.972978 -1.458401 0.331093 -0.148612 0.517096 -0.616856 4.701377 -16.452597 19.410745 7557329760.519749 
rand_233 -1.637843 -1.093546 0.001581 -1.628901 0.190742 4324850.576963 -0.192405 -2.647972 -1.945179 0.315841 -0.147925 0.520573 -0.621400 4.678380 -16.565619 19.560457 6781707807.458327 
rand_234 -1.610591 -1.146528 0.000596 -1.628958 0.194761 5793410.824118 -0.217402 -2.202771 -1.625926 0.358532 -0.148133 0.517135 -0.617569 4.685588 -16.451486 19.432369 6450059425.161140 
rand_235 -1.690994 -1.123868 0.007392 -1.628928 0.197060 6238612.013634 -0.105563 -2.478296 -2.062123 0.322164 -0.147973 0.517261 -0.619424 4.679670 -16.451644 19.493035 7095900257.091856 
rand_236 -1.690310 -1.129298 0.002869 -1.628895 0.197113 6092866.945210 -0.183981 -2.745597 -1.231818 0.198948 -0.147725 0.523969 -0.624766 4.671516 -16.681871 19.674967 7290775150.854968 
rand_237 -1.677524 -1.128098 0.001217 -1.628915 0.194746 4405100.858827 -0.055609 -2.587947 -1.833457 0.245568 -0.148695 0.511358 -0.612551 4.704006 -16.256275 19.264444 7032604095.251739 
rand_238 -1.679209 -1.090228 0.006972 -1.628891 0.198111 5056211.242940 -0.258480 -2.581676 -1.555985 0.370145 -0.148056 0.518048 -0.617960 4.683088 -16.487035 19.449600 7567246172.495066 
rand_239 -1.647315 -1.168279 0.000789 -1.628913 0.189384 4312829.768026 -0.171081 -3.013400 -1.929647 0.305994 -0.148218 0.516141 -0.617051 4.688210 -16.418961 19.415917 7436915961.528516 
rand_240 -1.681444 -1.144574 0.006164 -1.628916 0.191494 4250374.467927 -0.135935 -2.370342 -1.435439 0.286344 -0.148460 0.516458 -0.617315 4.696716 -16.428887 19.424126 6568038015.957681 
rand_241 -1.623810 -1.134909 0.007199 -1.629006 0.190576 6646385.532032 -0.099581 -3.205621 -1.083416 0.271805 -0.147981 0.514771 -0.616899 4.680206 -16.370635 19.410063 6609601442.608993 
rand_242 -1.693384 -1.156750 0.003690 -1.628917 0.186433 5562935.464498 -0.123600 -2.663060 -1.312195 0.188954 -0.148815 0.518093 -0.618382 4.707764 -16.479546 19.457309 7806477404.458053 
rand_243 -1.664719 -1.143563 0.001636 -1.628977 0.196565 3065796.806230 -0.173801 -2.341360 -1.341671 0.301608 -0.148934 0.519914 -0.618823 4.712840 -16.546798 19.475484 6863170306.921843 
rand_244 -1.672556 -1.116686 0.005882 -1.628941 0.198545 5465390.488961 -0.134987 -2.666242 -1.572901 0.314533 -0.148421 0.519674 -0.619443 4.695138 -16.536354 19.495052 6681276061.688861 
rand_245 -1.640211 -1.114048 0.001834 -1.628915 0.193521 4640293.892801 -0.015759 -2.827412 -1.656610 0.149886 -0.147663 0.519263 -0.620098 4.669250 -16.523892 19.518861 6861836483.473525 
rand_246 -1.611795 -1.156081 0.001870 -1.628905 0.200713 5702520.491615 -0.159910 -2.945848 -1.661233 0.374620 -0.149492 0.514249 -0.614768 4.731033 -16.352318 19.337524 6703572131.205024 
rand_247 -1.627237 -1.098847 0.004316 -1.628918 0.194050 4930102.347516 -0.125889 -2.895973 -1.869837 0.251531 -0.147694 0.519004 -0.618905 4.670322 -16.517082 19.479869 7126361540.560176 
rand_248 -1.687592 -1.098996 0.005451 -1.628917 0.195397 5779891.527379 0.023343 -1.710249 -1.961052 0.234150 -0.148034 0.512999 -0.614287 4.682004 -16.312858 19.323396 6808101195.868930 
rand_249 -1.656221 -1.119003 0.003237 -1.628931 0.195055 4097474.641682 -0.241907 -2.710128 -1.327301 0.281749 -0.147946 0.513857 -0.615683 4.679376 -16.338436 19.367190 7659105939.322422 
rand_250 -1.666563 -1.130547 0.005310 -1.628952 0.198890 4435178.270320 -0.178557 -2.535195 -1.321262 0.365469 -0.148249 0.520011 -0.619692 4.689717 -16.546375 19.501845 6713345362.260432 
rand_251 -1.623623 -1.106745 0.005729 -1.628911 0.195562 6193155.643669 -0.172217 -3.269875 -1.083095 0.224135 -0.147454 0.511973 -0.615389 4.661577 -16.276665 19.360860 7261988950.044195 
rand_252 -1.667515 -1.097381 0.005868 -1.628927 0.188131 5116883.902943 -0.139170 -3.431629 -1.466577 0.318729 -0.147592 0.519562 -0.620747 4.667110 -16.534397 19.540977 8351641604.278685 
rand_253 -1.650253 -1.128531 0.004374 -1.628916 0.205573 5376083.574006 -0.110776 -2.567937 -1.800054 0.287202 -0.148644 0.514570 -0.615430 4.702425 -16.362455 19.359175 7646045063.215543 
rand_254 -1.683578 -1.132947 0.002949 -1.628885 0.197417 5532986.980348 -0.066944 -3.094488 -1.775852 0.314833 -0.147438 0.519444 -0.621101 4.661553 -16.528041 19.551440 7283949827.275906 
rand_255 -1.634804 -1.126838 0.007243 -1.629000 0.182376 6939027.928269 -0.101670 -2.387033 -2.176792 0.225191 -0.147722 0.519078 -0.620210 4.671651 -16.517598 19.521937 7974850801.819089 
rand_256 -1.655295 -1.108126 0.002156 -1.628912 0.203798 3916278.739767 -0.085494 -2.588096 -1.562256 0.185060 -0.148250 0.515339 -0.616007 4.689090 -16.392739 19.382349 6850124089.352508 
rand_257 -1.612719 -1.089329 0.001252 -1.628951 0.195485 5959857.296189 -0.098419 -2.890191 -1.838756 0.230329 -0.148730 0.519524 -0.618239 4.705292 -16.531711 19.454227 7339537032.099469 
rand_258 -1.661096 -1.126191 0.003771 -1.628921 0.195965 5384827.612753 -0.123718 -1.743964 -1.297539 0.203122 -0.147827 0.516763 -0.618030 4.674982 -16.438837 19.448735 6976449179.825861 
rand_259 -1.676409 -1.138035 0.004248 -1.628924 0.189795 5347805.823115 -0.135254 -2.010439 -1.521000 0.227608 -0.149725 0.517462 -0.615718 4.739850 -16.464068 19.370358 7619847552.021194 
rand_260 -1.645506 -1.115660 0.005865 -1.628937 0.193055 4701698.030629 -0.183899 -3.696567 -1.497309 0.397090 -0.148358 0.516060 -0.618175 4.692763 -16.410830 19.451111 6562283991.986898 
rand_261 -1.651733 -1.127048 0.004640 -1.628890 0.196301 4835599.626068 -0.171730 -2.946138 -1.243560 0.227493 -0.148492 0.515421 -0.614996 4.697222 -16.396580 19.348085 6905260747.015586 
rand_262 -1.659196 -1.119172 0.004578 -1.628920 0.189346 5635242.060451 -0.171746 -3.078854 -1.820358 0.357085 -0.148333 0.520415 -0.620990 4.691491 -16.559887 19.547055 7283289323.996503 
rand_263 -1.652654 -1.103318 0.001273 -1.628914 0.200172 5359109.599216 -0.146458 -2.576069 -2.012096 0.330804 -0.148521 0.520243 -0.619941 4.698515 -16.554777 19.511362 7348894036.526246 
rand_264 -1.628117 -1.101458 0.005272 -1.628888 0.200032 4315615.987990 -0.170907 -2.722468 -1.536926 0.212620 -0.148788 0.521128 -0.620420 4.707186 -16.587905 19.529989 7284973167.240494 
rand_265 -1.634018 -1.126001 0.002392 -1.629001 0.197569 5070570.756428 -0.100238 -2.163163 -1.366537 0.301231 -0.147665 0.518416 -0.619047 4.669887 -16.494988 19.482626 6786878701.912125 
rand_266 -1.671499 -1.106224 0.006230 -1.628915 0.195501 3348944.593278 -0.162048 -2.232803 -1.755984 0.377386 -0.148963 0.516062 -0.615786 4.713902 -16.418455 19.374041 7238057880.465277 
rand_267 -1.619715 -1.156204 0.006428 -1.628893 0.188614 4888747.851878 -0.032433 -2.211019 -2.064945 0.174539 -0.148068 0.515476 -0.615567 4.683801 -16.396698 19.364208 6367218778.004325 
rand_268 -1.660892 -1.136908 0.014024 -1.628938 0.198312 5827125.811881 -0.139228 -3.214440 -2.040949 0.358478 -0.148765 0.514821 -0.614887 4.707073 -16.375240 19.343329 7193566253.707549 
rand_269 -1.656087 -1.113795 0.004224 -1.628955 0.202233 5105413.172201 -0.286258 -2.588792 -1.703105 0.324712 -0.148282 0.517362 -0.618471 4.690239 -16.459581 19.464237 7312469820.071905 
rand_270 -1.644961 -1.153057 0.007109 -1.628960 0.194863 4752899.562923 -0.112410 -2.366261 -1.560877 0.276482 -0.147856 0.518215 -0.620282 4.675509 -16.487712 19.524991 7138650830.279732 
rand_271 -1.685439 -1.133649 0.006407 -1.628990 0.189531 6093657.799381 -0.126375 -2.254295 -1.510951 0.226477 -0.147723 0.517779 -0.618874 4.671015 -16.476043 19.479481 7018374567.640929 
rand_272 -1.683695 -1.146453 0.004872 -1.628902 0.200743 4124258.339413 -0.109398 -2.701193 -1.780207 0.275951 -0.147622 0.518080 -0.619781 4.667753 -16.480691 19.505772 7372663881.066274 
rand_273 -1.665322 -1.106567 0.002033 -1.628970 0.194429 6543635.446029 -0.130740 -2.286391 -1.586748 0.227260 -0.147856 0.519591 -0.621577 4.675537 -16.534296 19.568887 6933080487.162831 
rand_274 -1.651225 -1.103546 0.006230 -1.628936 0.196768 5573974.397367 -0.287480 -2.034670 -1.624983 0.339555 -0.147936 0.517958 -0.618999 4.678276 -16.477784 19.480504 7084482420.394407 
rand_275 -1.668006 -1.138757 0.009733 -1.628929 0.194178 6918544.801058 -0.142615 -2.997105 -1.387596 0.302359 -0.148092 0.518188 -0.619356 4.683919 -16.487770 19.494049 7633059309.165821 
rand_276 -1.664874 -1.120433 0.003329 -1.628894 0.191840 5010120.401847 -0.272778 -2.512592 -1.207359 0.294866 -0.148323 0.520890 -0.620171 4.691946 -16.580192 19.521469 7491334145.331679 
rand_277 -1.660359 -1.135353 0.001681 -1.628933 0.193616 5049905.688650 -0.127284 -3.617710 -1.716237 0.309574 -0.148165 0.516589 -0.617847 4.686138 -16.430961 19.441614 8272806456.046075 
rand_278 -1.639350 -1.105996 0.008240 -1.628929 0.187047 4972352.746921 -0.167562 -3.431510 -2.083187 0.394409 -0.148475 0.516679 -0.617230 4.697195 -16.435531 19.420746 7169345866.816625 
rand_279 -1.654957 -1.125562 0.005168 -1.628882 0.196749 5774471.550020 -0.166344 -2.291803 -1.445902 0.278025 -0.148385 0.519724 -0.619029 4.693705 -16.540477 19.483489 6587568375.489594 
rand_280 -1.652877 -1.146256 0.005525 -1.628992 0.189799 4213092.434954 -0.178362 -2.560155 -1.741944 0.295936 -0.148471 0.516613 -0.618111 4.696359 -16.432561 19.450551 7003665230.592916 
rand_281 -1.636557 -1.159811 0.005212 -1.628908 0.194376 4312659.165022 -0.181959 -3.528608 -1.806932 0.307204 -0.147213 0.513437 -0.616067 4.654329 -16.326997 19.382828 7524392969.093598 
rand_282 -1.651559 -1.155194 0.012933 -1.628944 0.188537 4920987.065426 -0.202303 -2.660868 -1.801696 0.352897 -0.147762 0.517815 -0.619090 4.672161 -16.474523 19.485668 7293876178.741141 
rand_283 -1.629699 -1.091332 0.006308 -1.628982 0.195270 4885895.961285 -0.365412 -3.050677 -1.260199 0.331345 -0.148766 0.514668 -0.614902 4.707137 -16.371247 19.344852 8096517141.389189 
rand_284 -1.649360 -1.093526 0.006792 -1.628922 0.188888 5442211.711834 -0.060339 -3.058713 -2.210591 0.270022 -0.148472 0.515336 -0.616554 4.696630 -16.388743 19.397551 7357846290.684540 
rand_285 -1.675010 -1.130284 0.003785 -1.628917 0.191531 6348343.273907 -0.141734 -2.357454 -1.906924 0.302348 -0.147970 0.513869 -0.614867 4.679862 -16.343582 19.343221 6922878220.181469 
rand_286 -1.597779 -1.134553 0.003572 -1.628913 0.195123 6166652.312171 -0.189913 -2.457111 -2.076628 0.326558 -0.147469 0.518894 -0.619900 4.662571 -16.510987 19.511930 6937173121.772546 
rand_287 -1.647218 -1.098892 0.000252 -1.628912 0.195220 3368844.296602 -0.137019 -3.015429 -1.714235 0.269111 -0.148153 0.516961 -0.617938 4.685765 -16.446971 19.446336 7319200798.580750 
rand_288 -1.677879 -1.109956 0.004451 -1.628902 0.193113 4700003.231193 -0.126684 -2.634277 -1.617762 0.299977 -0.148992 0.515388 -0.615041 4.714759 -16.391848 19.346194 7727141226.892383 
rand_289 -1.663968 -1.130933 0.008144 -1.628897 0.196947 6005592.533621 -0.119173 -2.521397 -1.928948 0.347716 -0.146722 0.517387 -0.619412 4.636927 -16.459291 19.495670 6790348796.963107 
rand_290 -1.660509 -1.136019 0.007837 -1.628960 0.196690 5977131.658839 -0.224489 -2.571750 -1.968499 0.296295 -0.148527 0.520371 -0.620578 4.698541 -16.559822 19.533573 7573131430.916242 
rand_291 -1.640341 -1.107178 0.000420 -1.628948 0.197385 4142128.403755 -0.120555 -3.051327 -1.325035 0.091145 -0.148498 0.518398 -0.619491 4.697669 -16.494685 19.498356 7030835960.895863 
rand_292 -1.669841 -1.129725 0.001671 -1.628910 0.192223 5706256.981504 -0.161362 -2.323120 -2.665594 0.409752 -0.147836 0.522958 -0.622433 4.676111 -16.650038 19.596602 6616103415.251650 
rand_293 -1.660131 -1.131477 0.005207 -1.628933 0.182233 4376842.657002 -0.268637 -2.946032 -1.223034 0.330105 -0.147653 0.520855 -0.622377 4.668586 -16.578064 19.596746 7854278003.136646 
rand_294 -1.643058 -1.132311 0.012671 -1.628901 0.192948 2723178.710353 -0.134541 -2.509271 -1.754531 0.291047 -0.147878 0.509681 -0.611585 4.676650 -16.202696 19.232684 6571901226.761409 
rand_295 -1.673102 -1.108295 0.000783 -1.628945 0.200934 4154757.193302 -0.206308 -2.412671 -1.562736 0.287557 -0.148459 0.516811 -0.617111 4.696945 -16.442669 19.417986 7050504844.631184 
rand_296 -1.677199 -1.131001 0.005659 -1.628896 0.206396 3937367.072026 -0.291003 -3.041154 -1.216673 0.357379 -0.147978 0.515370 -0.616473 4.679882 -16.394757 19.398895 6809149531.603787 
rand_297 -1.685189 -1.125309 0.005829 -1.628923 0.195439 5573887.810924 -0.088045 -2.352018 -1.349166 0.267793 -0.148455 0.515055 -0.615885 4.696087 -16.382038 19.377157 6914696132.155347 
rand_298 -1.680683 -1.158729 0.004494 -1.628876 0.195278 4863875.753020 -0.143466 -2.483514 -1.756987 0.206763 -0.147179 0.519141 -0.621119 4.652720 -16.520393 19.554255 7128085859.477752 
rand_299 -1.680055 -1.108513 0.005633 -1.628939 0.202141 5792673.960438 -0.259159 -3.922557 -1.144998 0.323583 -0.148017 0.516701 -0.618561 4.680960 -16.435707 19.466414 7060224131.756926 
rand_300 -1.623575 -1.119392 0.001136 -1.628939 0.200917 5747099.500737 -0.173794 -3.112276 -1.722532 0.314812 -0.148108 0.514960 -0.616081 4.684473 -16.377370 19.381926 7478322222.615458 
rand_301 -1.655004 -1.107580 0.010893 -1.628953 0.188813 3798171.490053 -0.111938 -2.898338 -1.243151 0.184429 -0.148113 0.520608 -0.622422 4.683671 -16.561862 19.592690 6867326291.431103 
rand_302 -1.647352 -1.118795 0.004155 -1.628946 0.198422 5958415.713342 -0.192428 -3.401936 -1.599067 0.291522 -0.148872 0.516777 -0.617512 4.709707 -16.437554 19.430526 7160712695.894742 
rand_303 -1.685887 -1.130280 0.003003 -1.628959 0.204126 3964261.778997 -0.053775 -2.857512 -1.381062 0.166553 -0.147666 0.517887 -0.619156 4.669097 -16.477262 19.487401 6388349312.503234 
rand_304 -1.660984 -1.099925 0.002817 -1.628945 0.187177 6101375.117771 -0.108766 -2.539694 -1.711224 0.257392 -0.147301 0.516635 -0.617695 4.657611 -16.437664 19.438656 7564222751.881638 
rand_305 -1.620628 -1.139828 0.006932 -1.628946 0.201770 5538399.030757 -0.199021 -2.925731 -1.461376 0.389455 -0.147775 0.517790 -0.620127 4.673413 -16.473360 19.519897 7125575537.413293 
rand_306 -1.664787 -1.131606 0.006329 -1.628927 0.198960 4504160.650264 -0.201658 -1.998275 -1.342729 0.157590 -0.147959 0.518737 -0.619406 4.679137 -16.504915 19.494718 7977745176.219597 
rand_307 -1.686966 -1.103723 0.005093 -1.628920 0.193036 5346212.916473 -0.162221 -3.223072 -1.667607 0.361201 -0.147492 0.513835 -0.616425 4.662883 -16.338025 19.393958 7043863125.362400 
rand_308 -1.673088 -1.099125 0.002697 -1.628922 0.192816 2173300.483972 -0.127228 -2.100002 -1.564785 0.231969 -0.148584 0.519052 -0.619561 4.699885 -16.514287 19.499342 7173734817.216454 
rand_309 -1.640657 -1.126870 0.007003 -1.628958 0.199375 7022112.220211 -0.213921 -3.072297 -2.050504 0.395902 -0.147851 0.518797 -0.619853 4.675406 -16.508216 19.510992 6975726034.177040 
rand_310 -1.685957 -1.125532 0.010676 -1.628917 0.198370 5576723.926451 -0.296328 -2.692853 -1.452182 0.239812 -0.147502 0.516333 -0.618317 4.663801 -16.425846 19.459685 6971264735.724098 
rand_311 -1.648806 -1.102954 0.005078 -1.628914 0.197964 6329786.700034 -0.100642 -2.746710 -1.505132 0.299875 -0.148286 0.519134 -0.620190 4.690363 -16.520322 19.522562 6544539758.140164 
rand_312 -1.646414 -1.155959 0.005378 -1.628977 0.191286 5502208.318203 -0.157452 -3.034057 -0.979070 0.194862 -0.147459 0.519019 -0.620725 4.662344 -16.515607 19.540236 6486892159.564214 
rand_313 -1.685646 -1.150262 0.000665 -1.628891 0.199567 5338793.805205 -0.052447 -3.147454 -2.216054 0.334260 -0.147530 0.516722 -0.618865 4.664410 -16.438695 19.478449 6736815641.797769 
rand_314 -1.646448 -1.147718 0.001896 -1.628918 0.195958 4272746.006952 -0.171575 -3.346647 -1.818549 0.357085 -0.148347 0.518810 -0.618688 4.692762 -16.508251 19.470310 6980145995.209982 
rand_315 -1.651871 -1.128093 0.004282 -1.628913 0.200532 4209658.418539 -0.168395 -3.342794 -1.404220 0.253080 -0.147862 0.512783 -0.613931 4.675990 -16.307787 19.312461 7371825895.055684 
rand_316 -1.710776 -1.119027 0.003309 -1.628938 0.198774 2556746.179255 -0.165701 -3.071795 -1.939679 0.353858 -0.148797 0.513934 -0.614744 4.707962 -16.346206 19.339921 7112494001.428665 
rand_317 -1.636118 -1.135961 0.002630 -1.628973 0.194253 5000546.590871 -0.273685 -2.660212 -1.473760 0.444547 -0.147859 0.523373 -0.623160 4.676408 -16.660978 19.620205 7439704673.863142 
rand_318 -1.633263 -1.132112 0.000137 -1.628918 0.191475 4421142.066740 -0.252205 -3.090391 -1.667655 0.281836 -0.147965 0.515194 -0.616959 4.679753 -16.385822 19.412018 7789301952.887638 
rand_319 -1.669919 -1.110492 0.002859 -1.628903 0.198690 4208673.279049 -0.099377 -2.768255 -1.836706 0.403564 -0.149365 0.521218 -0.620871 4.727355 -16.583093 19.538420 7040729928.000922 
rand_320 -1.593031 -1.145169 0.002178 -1.628898 0.196179 4771842.038105 -0.104736 -2.629540 -1.474875 0.168608 -0.148224 0.515309 -0.616847 4.688243 -16.389362 19.408588 7433077699.446445 
rand_321 -1.628733 -1.124560 0.003553 -1.628947 0.197483 5814364.970114 -0.159668 -2.965449 -0.960921 0.126120 -0.148526 0.516564 -0.616535 4.698111 -16.432931 19.399084 7053832568.646229 
rand_322 -1.684620 -1.101347 0.003433 -1.628945 0.190194 4925356.252935 -0.128788 -2.517085 -1.169785 0.162096 -0.148549 0.514463 -0.615120 4.699301 -16.365847 19.354102 7443629972.462560 
rand_323 -1.665151 -1.145539 0.003021 -1.628969 0.198421 5561832.412125 -0.125462 -2.477958 -1.909886 0.285314 -0.147664 0.517380 -0.619996 4.669458 -16.456737 19.512979 6896412263.092852 
rand_324 -1.660831 -1.131407 0.004962 -1.628933 0.202765 5351289.778955 -0.155057 -3.441980 -1.582262 0.280275 -0.147852 0.519049 -0.618854 4.675666 -16.517112 19.476484 7207307500.388492 
rand_325 -1.638334 -1.141113 0.002358 -1.628915 0.196117 5426976.976284 -0.189211 -2.752758 -1.282196 0.251666 -0.148232 0.518513 -0.617792 4.688735 -16.501161 19.442505 7481746132.934922 
rand_326 -1.626910 -1.168845 0.000057 -1.628916 0.190276 5174115.564370 -0.086795 -2.218933 -1.975930 0.301577 -0.148319 0.519593 -0.619638 4.691599 -16.536388 19.504063 7087328023.033871 
rand_327 -1.676578 -1.106160 0.000670 -1.628954 0.193676 5266824.363939 -0.223190 -3.476164 -2.058323 0.453986 -0.148025 0.519823 -0.620502 4.681151 -16.539455 19.530383 7693537122.940018 
rand_328 -1.657486 -1.136891 0.006467 -1.628876 0.199609 4440887.478951 -0.103534 -2.737275 -2.015569 0.365026 -0.148477 0.511161 -0.613645 4.696510 -16.245371 19.298009 7073315846.187181 
rand_329 -1.645683 -1.150730 0.001867 -1.628889 0.187196 5604097.074200 -0.252780 -2.650226 -1.483676 0.258195 -0.148308 0.516695 -0.616951 4.691782 -16.438612 19.412465 6533375406.817157 
rand_330 -1.669515 -1.138559 0.004606 -1.628932 0.197118 3636802.820175 -0.135341 -2.579746 -1.882753 0.273557 -0.147334 0.517228 -0.618713 4.657250 -16.456797 19.474669 7576641982.529421 
rand_331 -1.632158 -1.129697 0.000243 -1.628912 0.199918 2841014.926168 -0.225259 -3.353891 -1.894886 0.316792 -0.148668 0.517892 -0.617064 4.703856 -16.478296 19.415933 7458454463.579241 
rand_332 -1.671388 -1.125458 0.009937 -1.628951 0.186226 5950501.627125 -0.078878 -2.486538 -1.675741 0.275306 -0.148212 0.517866 -0.618789 4.688202 -16.476497 19.474115 6948016147.757559 
rand_333 -1.663635 -1.132409 0.004596 -1.628946 0.197993 4487871.943861 -0.196900 -2.873515 -1.489479 0.356650 -0.148772 0.518137 -0.618009 4.707067 -16.488863 19.450211 6783577723.712983 
rand_334 -1.691102 -1.113987 0.001295 -1.628934 0.202945 6404872.649068 -0.123676 -2.348454 -1.532396 0.251452 -0.147765 0.516587 -0.617622 4.671755 -16.431934 19.435303 7508729422.456991 
rand_335 -1.632366 -1.109189 0.002581 -1.628969 0.187408 5433354.815771 -0.053420 -3.566967 -2.171898 0.344671 -0.147915 0.522930 -0.624457 4.677937 -16.645644 19.664744 7117944791.524929 
rand_336 -1.658572 -1.114775 0.002268 -1.628905 0.192169 4722478.749457 -0.180133 -2.604316 -1.723602 0.313667 -0.148430 0.513204 -0.615150 4.695200 -16.315419 19.349646 6386147519.848089 
rand_337 -1.661187 -1.102161 0.001306 -1.628939 0.186569 5704484.189605 -0.315588 -3.585795 -1.577352 0.358118 -0.149101 0.511585 -0.613201 4.717791 -16.262807 19.285462 7111247204.578155 
rand_338 -1.636128 -1.153465 0.003900 -1.628927 0.196883 4857800.220082 -0.154634 -3.217254 -1.684771 0.217523 -0.147811 0.518842 -0.619551 4.674339 -16.511297 19.501245 6951410183.740000 
rand_339 -1.676853 -1.151341 0.001686 -1.628910 0.193282 4913792.841438 -0.161379 -2.778786 -1.136509 0.160610 -0.148286 0.517850 -0.618754 4.690234 -16.474920 19.472434 7141798501.569371 
rand_340 -1.633560 -1.133019 0.002681 -1.628909 0.194973 4037031.232671 -0.152824 -2.884502 -1.566219 0.362491 -0.146796 0.516293 -0.618766 4.640446 -16.422355 19.472697 6368927189.203579 
rand_341 -1.643054 -1.097384 0.001950 -1.628897 0.191736 5367943.663252 -0.116445 -2.793675 -1.294887 0.203819 -0.148706 0.513230 -0.613616 4.704691 -16.319317 19.299259 7062918555.758307 
rand_342 -1.651257 -1.145383 0.006122 -1.628890 0.194828 4074886.115008 -0.048569 -2.690925 -1.931855 0.258944 -0.148952 0.515820 -0.616269 4.713229 -16.408441 19.390047 7662322352.162616 
rand_343 -1.664372 -1.121383 0.010502 -1.628940 0.194996 6391420.163001 -0.156664 -2.174463 -2.130087 0.323561 -0.147391 0.517800 -0.619265 4.659535 -16.478819 19.495246 6391182789.074657 
rand_344 -1.683802 -1.107456 0.001423 -1.628927 0.191371 4141057.403575 -0.081005 -2.345404 -1.336074 0.162294 -0.148081 0.515446 -0.616154 4.684151 -16.395299 19.384748 7874973189.507879 
rand_345 -1.654292 -1.126616 0.000482 -1.628902 0.201497 4253290.564046 -0.041552 -2.241766 -2.071286 0.290760 -0.147576 0.514106 -0.614943 4.666274 -16.352740 19.347035 7231914205.667416 
rand_346 -1.660163 -1.135876 0.007293 -1.628935 0.204090 3747883.268086 -0.132240 -2.740880 -1.961468 0.276030 -0.147147 0.522209 -0.623713 4.652210 -16.621282 19.638477 6612194870.875680 
rand_347 -1.668611 -1.112268 0.000959 -1.628971 0.195892 5310077.572434 -0.061245 -2.792785 -2.063872 0.336068 -0.147398 0.515356 -0.617857 4.659866 -16.389917 19.442152 7956049944.192971 
rand_348 -1.617658 -1.141671 0.003016 -1.628975 0.200431 5351215.472564 -0.136671 -2.559067 -2.219852 0.397309 -0.148737 0.517420 -0.617554 4.706629 -16.457975 19.428761 7555893379.120879 
rand_349 -1.623410 -1.098866 0.000039 -1.628952 0.203249 4671164.575369 -0.086060 -3.785446 -1.743194 0.334104 -0.148400 0.516937 -0.617361 4.694280 -16.444304 19.425837 6806032742.697946 
rand_350 -1.605208 -1.117457 0.006756 -1.628943 0.195371 5443838.025604 -0.098028 -3.069419 -2.104103 0.277348 -0.147762 0.514144 -0.616507 4.673352 -16.348376 19.394757 6800386034.884190 
rand_351 -1.671609 -1.134351 0.002025 -1.628928 0.185000 4910418.680129 -0.115269 -2.797258 -1.199165 0.108434 -0.147354 0.518413 -0.619768 4.658687 -16.496009 19.509178 6619799013.945150 
rand_352 -1.626591 -1.143698 0.006544 -1.628882 0.193912 4455661.914695 -0.105773 -1.812698 -2.245669 0.322139 -0.149142 0.515163 -0.616316 4.719716 -16.383263 19.389131 7355020981.668758 
rand_353 -1.681173 -1.108342 0.003789 -1.628978 0.192194 3511304.799912 -0.149209 -2.650281 -1.517299 0.274662 -0.147078 0.519707 -0.621954 4.649371 -16.538137 19.581665 6757619219.312042 
rand_354 -1.692351 -1.136177 0.008580 -1.628941 0.182833 4720408.125792 -0.037981 -2.763410 -1.127520 0.103872 -0.147971 0.518198 -0.620320 4.679565 -16.484746 19.524240 6450125467.907272 
rand_355 -1.707620 -1.138854 0.000140 -1.628911 0.191598 4722661.506300 -0.137541 -3.093782 -1.183416 0.223102 -0.148033 0.516354 -0.616506 4.682084 -16.427011 19.397856 6598750598.160518 
rand_356 -1.663423 -1.126095 0.007316 -1.628929 0.185412 5251426.610312 -0.071444 -3.148433 -2.111275 0.360785 -0.149201 0.514567 -0.613800 4.721548 -16.366378 19.306729 7166994729.209685 
rand_357 -1.659997 -1.160839 0.007370 -1.628940 0.193741 3305872.806111 -0.217407 -2.630810 -1.261327 0.285058 -0.148144 0.518397 -0.620210 4.685370 -16.492953 19.522376 6976949236.117768 
rand_358 -1.617307 -1.113313 0.006562 -1.628917 0.199256 6227041.567834 -0.183821 -3.617605 -1.618652 0.329055 -0.148078 0.518845 -0.619414 4.683680 -16.511131 19.496110 7312440183.100904 
rand_359 -1.650292 -1.141873 0.014539 -1.628956 0.190198 5787818.663316 -0.082490 -2.125284 -1.736535 0.315220 -0.148048 0.520267 -0.621617 4.682470 -16.556845 19.569591 7262140978.450889 
rand_360 -1.643820 -1.181404 0.005500 -1.628957 0.193135 5582574.717456 -0.224529 -3.404282 -0.928088 0.234491 -0.148499 0.517416 -0.617770 4.697749 -16.462623 19.440802 7230139848.057032 
rand_361 -1.670494 -1.116894 0.000979 -1.628931 0.197748 5543288.094479 -0.130204 -3.019597 -1.093898 0.220785 -0.148120 0.514725 -0.615345 4.685530 -16.371793 19.358456 7499807649.904322 
rand_362 -1.689504 -1.097252 0.004543 -1.628863 0.189616 4148926.636734 -0.041892 -2.508891 -1.470186 0.251634 -0.148308 0.524320 -0.624426 4.690800 -16.692829 19.663966 7169286849.339095 
rand_363 -1.651934 -1.117203 0.003616 -1.628881 0.194322 5354982.942812 -0.212449 -2.925894 -1.666360 0.216040 -0.147339 0.515798 -0.618977 4.658128 -16.402311 19.478759 7589786776.512159 
rand_364 -1.621501 -1.135059 0.002316 -1.628883 0.196223 4589725.818555 -0.236377 -2.435847 -1.562277 0.299435 -0.148075 0.514477 -0.616397 4.683423 -16.359883 19.392139 7018657654.279067 
rand_365 -1.657012 -1.122530 0.000717 -1.628925 0.196108 5018403.938249 -0.128118 -3.140546 -1.354097 0.290321 -0.148180 0.517740 -0.618473 4.686815 -16.470641 19.462846 6721529295.001673 
rand_366 -1.660735 -1.131656 0.013797 -1.628947 0.191022 6173619.558386 -0.126652 -2.741589 -1.633659 0.308953 -0.147906 0.513773 -0.614626 4.677568 -16.338216 19.333986 7229551325.164301 
rand_367 -1.614650 -1.106626 0.002841 -1.628931 0.188789 4455927.333648 -0.110314 -2.705685 -1.684210 0.311526 -0.147332 0.513801 -0.616011 4.658061 -16.337700 19.379399 7431131654.744890 
rand_368 -1.630345 -1.141590 0.000727 -1.628929 0.198678 6155648.851685 -0.133936 -2.699999 -1.374967 0.201436 -0.148907 0.511698 -0.613154 4.711536 -16.264353 19.281046 6958608792.443325 
rand_369 -1.660909 -1.115499 0.003881 -1.628959 0.194186 4753271.349843 -0.220050 -2.779482 -1.475049 0.267848 -0.147354 0.517466 -0.619298 4.658492 -16.467121 19.495450 7131756015.558355 
rand_370 -1.656400 -1.124441 0.008278 -1.628924 0.193893 3890709.056677 -0.133362 -2.575487 -1.275925 0.171211 -0.148305 0.514432 -0.615670 4.690989 -16.359061 19.368561 7017147713.622977 
rand_371 -1.647543 -1.158854 0.008866 -1.628959 0.197207 5717753.426305 0.053482 -3.008411 -1.869287 0.222283 -0.148296 0.516802 -0.617867 4.690768 -16.438537 19.441774 6985378222.621792 
rand_372 -1.650624 -1.142149 0.007819 -1.628977 0.199161 5723226.603386 -0.122069 -2.112137 -2.019162 0.281451 -0.148352 0.522809 -0.623197 4.692392 -16.641703 19.621717 7493324460.771814 
rand_373 -1.632335 -1.122895 0.001228 -1.628893 0.194515 4957716.740389 -0.055606 -2.452300 -1.974637 0.274323 -0.147915 0.517857 -0.618727 4.678123 -16.475811 19.472097 7257628087.176815 
rand_374 -1.654098 -1.110966 0.004058 -1.628923 0.189283 3958004.715829 -0.145934 -2.539028 -1.624373 0.305554 -0.149321 0.513107 -0.611449 4.726466 -16.317869 19.226525 7093717617.996029 
rand_375 -1.669657 -1.095715 0.000864 -1.628947 0.198057 6008316.536439 -0.242513 -1.200309 -2.124295 0.328930 -0.147635 0.517580 -0.619284 4.668537 -16.466064 19.490860 7110374341.941062 
rand_376 -1.629122 -1.114090 0.007680 -1.628925 0.193164 4746533.117969 -0.127114 -2.627054 -1.953985 0.365874 -0.149051 0.513378 -0.613910 4.716415 -16.324391 19.309267 7226549591.784620 
rand_377 -1.613296 -1.100588 0.006856 -1.628945 0.190448 5696786.173465 -0.226642 -2.994367 -1.894071 0.305605 -0.148205 0.514404 -0.616052 4.687466 -16.358875 19.382383 6962945739.172132 
rand_378 -1.658432 -1.108407 0.005209 -1.628921 0.201070 3820451.544964 -0.199022 -1.820232 -2.065642 0.313819 -0.148574 0.517394 -0.617363 4.700568 -16.463616 19.427987 6802939899.672855 
rand_379 -1.664234 -1.148034 0.003930 -1.628895 0.191577 7249387.379728 -0.218901 -2.673059 -1.418056 0.294234 -0.149187 0.514253 -0.613959 4.721335 -16.354426 19.310513 6884730227.372295 
rand_380 -1.660325 -1.111780 0.000980 -1.628945 0.209598 6034498.178776 -0.200728 -2.926961 -2.543536 0.350944 -0.148310 0.513142 -0.614494 4.691421 -16.316459 19.329061 6127093764.999450 
rand_381 -1.656060 -1.093183 0.003546 -1.628955 0.197312 6044591.593456 -0.103152 -3.230768 -1.225990 0.141844 -0.148438 0.519962 -0.619894 4.695696 -16.547592 19.511715 7632258470.464482 
rand_382 -1.625093 -1.139866 0.007331 -1.628914 0.187064 3783897.742893 -0.368722 -2.365992 -1.587736 0.319942 -0.147840 0.516615 -0.618088 4.675331 -16.434385 19.450447 7318374043.300288 
rand_383 -1.679691 -1.138527 0.003403 -1.628910 0.197309 4247982.141782 -0.231888 -2.346516 -2.614596 0.407082 -0.147965 0.516758 -0.618245 4.679472 -16.435218 19.453029 7241923264.987601 
rand_384 -1.697081 -1.164234 0.006447 -1.628924 0.197222 6934565.872143 -0.349744 -2.271865 -1.912879 0.366465 -0.147433 0.519642 -0.621107 4.660936 -16.536689 19.554398 6864268946.108514 
rand_385 -1.650277 -1.129248 0.002468 -1.628907 0.186842 7800920.298489 -0.163238 -2.350431 -1.785038 0.320432 -0.148814 0.512344 -0.613884 4.709032 -16.287786 19.306294 7279354585.967454 
rand_386 -1.646805 -1.170059 0.002134 -1.628945 0.187015 4184629.754142 -0.217897 -2.619024 -1.804489 0.343328 -0.148780 0.513836 -0.615046 4.707244 -16.337887 19.346384 6666620936.029495 
rand_387 -1.652298 -1.109401 0.001365 -1.628981 0.190591 4785920.027197 -0.044717 -3.184160 -1.758589 0.283521 -0.148026 0.515962 -0.617488 4.681535 -16.412346 19.431233 7142029389.417897 
rand_388 -1.627055 -1.140131 0.002837 -1.628904 0.192232 4311834.627130 -0.158535 -2.494025 -1.202873 0.185179 -0.149170 0.519880 -0.617167 4.721084 -16.549029 19.421060 6361561780.340117 
rand_389 -1.654604 -1.138998 0.009315 -1.628913 0.195470 5966890.038718 -0.108046 -2.580346 -2.493183 0.375124 -0.147787 0.517101 -0.618158 4.673804 -16.453999 19.454990 6599295044.295928 
rand_390 -1.678007 -1.129734 0.003323 -1.628886 0.197901 5287182.233349 -0.151596 -2.588304 -2.104837 0.352933 -0.149130 0.517943 -0.617675 4.719431 -16.477125 19.433973 7044354294.734355 
rand_391 -1.684221 -1.137686 0.000062 -1.628941 0.193468 6401292.974807 -0.340271 -2.675789 -1.363520 0.369087 -0.147835 0.515593 -0.615724 4.675962 -16.401950 19.371395 6804954447.987164 
rand_392 -1.669159 -1.123364 0.005168 -1.628897 0.194264 5220111.675411 -0.226743 -3.175449 -1.414543 0.356355 -0.148552 0.517698 -0.617625 4.699442 -16.470566 19.434329 6533266365.608509 
rand_393 -1.674486 -1.133023 0.016403 -1.628895 0.198313 5917943.460567 -0.089679 -3.271273 -1.822965 0.287468 -0.148941 0.514367 -0.615552 4.712209 -16.353270 19.361735 7578851907.058392 
rand_394 -1.665776 -1.123369 0.005144 -1.628922 0.194343 4790812.704036 -0.176065 -2.600666 -1.743993 0.299748 -0.147480 0.515912 -0.618392 4.662359 -16.408002 19.460750 7346780815.767127 
rand_395 -1.675573 -1.108712 0.006590 -1.628986 0.193892 6147770.102365 -0.163224 -2.718248 -1.529746 0.257768 -0.147476 0.517351 -0.619301 4.662787 -16.459033 19.492177 8470197758.199136 
rand_396 -1.622627 -1.096914 0.005106 -1.628888 0.192144 6775824.667914 -0.095883 -2.911505 -1.841724 0.306694 -0.148495 0.515044 -0.616709 4.697731 -16.380026 19.402895 7422646155.444736 
rand_397 -1.638767 -1.150310 0.003846 -1.628935 0.196861 5941621.157934 -0.086478 -1.895975 -1.961792 0.258761 -0.149122 0.517879 -0.617724 4.718773 -16.474045 19.436245 7048777600.447797 
rand_398 -1.647803 -1.111388 0.001491 -1.628931 0.197324 5844249.071837 -0.131947 -2.247144 -2.021001 0.325059 -0.147595 0.520097 -0.620483 4.667312 -16.553622 19.532507 6708409428.163905 
rand_399 -1.623623 -1.139531 0.003348 -1.628902 0.197607 6028129.091831 -0.106671 -1.915110 -1.939323 0.298278 -0.149076 0.517474 -0.615866 4.717390 -16.463232 19.374903 7126833472.149522 
rand_400 -1.683097 -1.134477 0.003898 -1.628904 0.196241 5831043.090991 -0.190998 -1.996796 -1.874542 0.285831 -0.147862 0.516413 -0.616057 4.676130 -16.431820 19.385084 6844399261.634845 
rand_401 -1.681937 -1.110216 0.007162 -1.628846 0.187397 4747165.481792 -0.248581 -2.446776 -2.051631 0.374039 -0.147816 0.515861 -0.617989 4.674311 -16.407603 19.447183 6837727664.683925 
rand_402 -1.672809 -1.139690 0.005345 -1.628947 0.190375 4078822.813695 -0.183178 -2.546075 -1.546058 0.315922 -0.147984 0.518180 -0.618801 4.679740 -16.488779 19.476945 6696017512.225398 
rand_403 -1.712563 -1.139620 0.009114 -1.628902 0.188105 3591592.101375 -0.221076 -2.054710 -1.386753 0.206031 -0.148223 0.517705 -0.617661 4.688541 -16.473612 19.437863 7682458092.863061 
rand_404 -1.666324 -1.090715 0.007049 -1.628873 0.192140 5064813.598940 -0.159784 -2.852381 -1.671317 0.236265 -0.147954 0.518634 -0.619206 4.679727 -16.501895 19.486966 6720674707.027416 
rand_405 -1.655371 -1.120245 0.003367 -1.628971 0.193276 4716015.388603 -0.088344 -2.823073 -1.697370 0.205634 -0.146776 0.517767 -0.620101 4.639084 -16.473299 19.519304 7144780557.563753 
rand_406 -1.653839 -1.117390 0.010092 -1.628944 0.201119 5369048.324356 -0.130176 -3.468292 -1.803810 0.284742 -0.148454 0.518474 -0.618902 4.695807 -16.496227 19.477873 6858039958.259005 
rand_407 -1.667197 -1.136125 0.004703 -1.628902 0.194452 5318886.551229 -0.156009 -3.087837 -1.362753 0.267848 -0.148738 0.513737 -0.615177 4.706090 -16.332953 19.348797 7235513203.588730 
rand_408 -1.668459 -1.124097 0.011589 -1.628973 0.196427 5000290.210806 -0.245519 -2.602947 -2.118745 0.359972 -0.147426 0.518520 -0.620280 4.660823 -16.496745 19.524098 7218624433.275050 
rand_409 -1.666577 -1.121062 0.007610 -1.628897 0.191033 5289263.780820 -0.101688 -2.746006 -1.529977 0.276337 -0.147918 0.521040 -0.620635 4.678067 -16.586363 19.538026 7638887529.783066 
rand_410 -1.652841 -1.132969 0.000754 -1.628957 0.197309 4646325.942010 -0.232790 -3.120883 -1.418600 0.263404 -0.148524 0.517459 -0.618073 4.698248 -16.463616 19.451382 7324285881.184469 
rand_411 -1.660503 -1.122122 0.002878 -1.628955 0.203054 4281615.120681 -0.066835 -2.507083 -1.422931 0.241878 -0.148155 0.516191 -0.616240 4.686419 -16.420411 19.388146 6988476178.033395 
rand_412 -1.654059 -1.145521 0.005691 -1.628956 0.190852 4870697.518584 -0.303367 -3.754899 -1.604600 0.368257 -0.148720 0.518288 -0.620131 4.705022 -16.484296 19.515069 7340498331.528505 
rand_413 -1.647555 -1.137150 0.005981 -1.628896 0.188560 5656221.452815 -0.118232 -2.924438 -2.097939 0.340502 -0.148260 0.513823 -0.614633 4.689733 -16.341537 19.334417 7419796353.123001 
rand_414 -1.675056 -1.100551 0.008985 -1.628957 0.194036 6393346.033433 -0.150370 -2.861972 -1.239286 0.263368 -0.149312 0.518170 -0.617811 4.725908 -16.484383 19.438027 6840272771.422254 
rand_415 -1.658964 -1.109361 0.003984 -1.628918 0.194194 7174364.920180 -0.129935 -3.270642 -1.825529 0.327201 -0.147924 0.512499 -0.614597 4.677636 -16.294132 19.332900 6630760573.646870 
rand_416 -1.641943 -1.149307 0.008213 -1.628930 0.192901 5887266.849196 -0.126374 -3.576571 -1.820487 0.376883 -0.148595 0.516142 -0.617715 4.700805 -16.413927 19.434483 7464666341.788445 
rand_417 -1.688894 -1.130852 0.006030 -1.628939 0.189971 4206280.575109 -0.161336 -2.158645 -1.468797 0.274568 -0.147638 0.517595 -0.618768 4.668419 -16.466424 19.473007 7112937593.153821 
rand_418 -1.644932 -1.126809 0.004786 -1.628875 0.197858 4936716.437651 -0.131878 -2.147640 -1.837683 0.309434 -0.149267 0.517630 -0.616847 4.723213 -16.467690 19.408907 6049107141.356753 
rand_419 -1.652515 -1.104991 0.002023 -1.628920 0.201298 5945158.559316 -0.102721 -2.451486 -1.998467 0.289329 -0.147770 0.517577 -0.618567 4.673275 -16.466105 19.466164 6475433767.006088 
rand_420 -1.681104 -1.145949 0.008097 -1.628958 0.185137 6008552.029307 -0.089376 -3.261017 -2.206341 0.283728 -0.148737 0.520112 -0.618804 4.706071 -16.553942 19.475238 7558225938.056346 
rand_421 -1.674156 -1.094463 0.007965 -1.628928 0.188345 3540099.071518 -0.092615 -2.258481 -2.143325 0.306553 -0.148055 0.512410 -0.614502 4.682873 -16.292652 19.330548 8164588194.003649 
rand_422 -1.626854 -1.107980 0.000564 -1.628918 0.190959 5482716.798805 -0.254673 -2.486900 -1.606920 0.311215 -0.147858 0.518049 -0.619252 4.676482 -16.480704 19.488112 6591620704.534190 
rand_423 -1.698474 -1.162490 0.000786 -1.628926 0.193678 3450547.731229 -0.161272 -2.877255 -2.204877 0.298766 -0.147769 0.517117 -0.619055 4.672759 -16.449264 19.482440 8348067204.802135 
rand_424 -1.637850 -1.158207 0.006190 -1.628907 0.194117 6197954.128809 -0.105188 -2.162946 -1.277347 0.249159 -0.148143 0.515072 -0.616336 4.686097 -16.382684 19.392057 6444327954.984487 
rand_425 -1.654420 -1.137021 0.006408 -1.628892 0.196916 5589897.060622 -0.092033 -3.259594 -2.242598 0.380197 -0.148624 0.517127 -0.617202 4.702226 -16.453842 19.422307 7579641468.998403 
rand_426 -1.655396 -1.144397 0.005563 -1.628939 0.198619 1688942.836742 -0.149901 -2.572760 -1.695506 0.260116 -0.147922 0.519345 -0.619731 4.677907 -16.525759 19.506165 7200166746.777733 
rand_427 -1.690639 -1.136008 0.000889 -1.628930 0.203378 5917291.978587 -0.245598 -2.284414 -1.183912 0.307861 -0.149056 0.513694 -0.614712 4.716782 -16.333528 19.335171 7346380112.041109 
rand_428 -1.626830 -1.150783 0.000876 -1.628906 0.192950 6122459.942388 -0.224415 -3.301607 -1.607474 0.300716 -0.147595 0.518792 -0.620130 4.666874 -16.507114 19.519217 6572952543.675053 
rand_429 -1.630209 -1.125695 0.007172 -1.628912 0.195342 4645700.025120 -0.117661 -2.885045 -1.688672 0.235262 -0.147809 0.523413 -0.623371 4.674481 -16.666510 19.630276 6674733013.653116 
rand_430 -1.703502 -1.127603 0.005606 -1.628899 0.196879 6445280.882119 -0.125652 -2.742339 -1.142192 0.275408 -0.148898 0.516318 -0.616024 4.711435 -16.422846 19.379660 7365820964.719877 
rand_431 -1.682126 -1.137873 0.002559 -1.628945 0.191956 4849071.724155 -0.247167 -2.924454 -1.382896 0.341625 -0.147511 0.515825 -0.617740 4.664040 -16.407743 19.439213 7196698320.404921 
rand_432 -1.669615 -1.139460 0.009387 -1.628950 0.197670 5324434.541107 -0.159803 -2.664940 -1.600751 0.290616 -0.147301 0.519151 -0.620826 4.656983 -16.517691 19.541818 6906851961.194808 
rand_433 -1.672816 -1.106220 0.011457 -1.628960 0.198797 4914044.819896 -0.036008 -2.860204 -2.518340 0.300074 -0.149035 0.515567 -0.616125 4.715768 -16.396663 19.383432 6887045834.361103 
rand_434 -1.641309 -1.150028 0.000184 -1.628891 0.189169 5040502.338541 -0.213300 -2.955022 -1.395791 0.300486 -0.147366 0.520884 -0.621592 4.659418 -16.579521 19.569210 7138061030.016081 
rand_435 -1.684143 -1.124619 0.002275 -1.628955 0.191796 5967787.505565 -0.101764 -3.098392 -1.293405 0.156039 -0.147953 0.517572 -0.618267 4.678769 -16.465785 19.456473 6790894703.890608 
rand_436 -1.654215 -1.152872 0.003693 -1.628947 0.189512 3767669.879970 -0.247005 -2.517088 -1.438220 0.243627 -0.149255 0.520343 -0.620437 4.722905 -16.553183 19.524791 6884688108.612855 
rand_437 -1.661005 -1.170895 0.007541 -1.628907 0.193850 6009106.671291 -0.108865 -3.100880 -1.970172 0.293515 -0.148299 0.518160 -0.619432 4.690524 -16.483686 19.494247 7281004999.319931 
rand_438 -1.642536 -1.123787 0.001355 -1.628936 0.191557 6761170.596218 -0.228828 -2.672835 -1.309073 0.268983 -0.149181 0.515465 -0.615950 4.721629 -16.390795 19.373701 7429028839.928145 
rand_439 -1.647365 -1.106204 0.009301 -1.628899 0.193960 3817664.358559 -0.226048 -2.943263 -1.862447 0.345763 -0.148330 0.518071 -0.620195 4.691273 -16.481508 19.521568 7297855741.170062 
rand_440 -1.686539 -1.128111 0.001906 -1.628937 0.197402 3417327.000106 -0.011629 -2.765229 -2.548560 0.296091 -0.148295 0.514569 -0.616407 4.690666 -16.364503 19.393829 7155036650.315349 
rand_441 -1.615822 -1.137810 0.006458 -1.628937 0.192579 5730859.813068 -0.248857 -2.328400 -1.385601 0.335362 -0.148669 0.519067 -0.619848 4.703432 -16.514935 19.508625 6302464583.310622 
rand_442 -1.645497 -1.109218 0.006691 -1.628918 0.200115 3810601.945743 -0.139050 -2.391904 -2.377128 0.312931 -0.148500 0.514881 -0.614919 4.698245 -16.378615 19.345357 6604140903.410427 
rand_443 -1.645116 -1.132713 0.004424 -1.628931 0.191469 5165884.326255 -0.213737 -3.192363 -0.990212 0.366815 -0.148606 0.518303 -0.618387 4.701267 -16.490037 19.459397 6435250349.303403 
rand_444 -1.668947 -1.118706 0.000417 -1.628915 0.191474 6957567.701772 -0.234214 -2.044460 -1.656475 0.367119 -0.147653 0.514366 -0.616533 4.669064 -16.359629 19.399518 6334807458.477594 
rand_445 -1.645468 -1.118733 0.006212 -1.628874 0.196531 6146276.267571 -0.234058 -2.987703 -1.675136 0.362024 -0.148770 0.518852 -0.618598 4.706761 -16.510014 19.467794 6898109162.734845 
rand_446 -1.627967 -1.116138 0.005255 -1.628963 0.195404 6046854.471542 -0.199336 -3.207097 -1.696485 0.326844 -0.147984 0.515995 -0.617101 4.680655 -16.416006 19.418712 7750154068.169247 
rand_447 -1.650001 -1.086528 0.002247 -1.628955 0.192560 4929284.494634 -0.256258 -3.815941 -1.736150 0.354604 -0.147708 0.513930 -0.615181 4.670787 -16.343120 19.352462 7217221894.997496 
rand_448 -1.649207 -1.143229 0.007798 -1.628876 0.199326 4583029.883770 -0.168343 -2.738924 -1.789314 0.314974 -0.147696 0.518315 -0.619057 4.670563 -16.493594 19.484852 7387658257.881554 
rand_449 -1.656669 -1.138926 0.005853 -1.628956 0.193266 5959691.197049 -0.228384 -2.410774 -1.601056 0.394459 -0.147012 0.517809 -0.619178 4.647463 -16.479677 19.491515 7061394127.528223 
rand_450 -1.652819 -1.160240 0.001649 -1.628959 0.195712 7553739.087666 -0.081605 -3.163419 -1.445356 0.247516 -0.148562 0.515629 -0.615780 4.699925 -16.404634 19.375123 7490366865.263307 
rand_451 -1.653977 -1.153023 0.007315 -1.628946 0.189984 5398638.671382 -0.047515 -2.648836 -1.768055 0.271429 -0.147556 0.515104 -0.616530 4.665653 -16.382903 19.398214 6849386826.407530 
rand_452 -1.676354 -1.127940 0.001964 -1.628904 0.196410 4339312.343526 -0.214568 -1.875913 -2.154247 0.332037 -0.148027 0.518725 -0.619667 4.681896 -16.506180 19.503805 7050832891.645259 
rand_453 -1.708071 -1.133880 0.002687 -1.628937 0.188911 4651565.385520 -0.097767 -2.643776 -2.159038 0.313548 -0.148176 0.520924 -0.621405 4.686562 -16.576687 19.560442 7190620736.230185 
rand_454 -1.655599 -1.108524 0.010001 -1.628899 0.190940 4345118.482573 -0.258586 -3.214600 -2.097888 0.358771 -0.148516 0.520805 -0.620946 4.698624 -16.574870 19.545851 6930092087.980349 
rand_455 -1.673403 -1.145079 0.001110 -1.628980 0.199094 6621532.978586 -0.149803 -2.812131 -1.190295 0.181142 -0.148297 0.518803 -0.619193 4.691049 -16.508888 19.487825 6837893482.690797 
rand_456 -1.657535 -1.140057 0.007062 -1.628966 0.194077 6591092.810003 -0.235198 -3.023213 -1.333185 0.316748 -0.147995 0.519245 -0.620058 4.680359 -16.524720 19.519395 8048394632.676196 
rand_457 -1.666713 -1.158017 0.003647 -1.628970 0.199364 4962530.755166 -0.090302 -3.296299 -1.686766 0.276891 -0.147492 0.516792 -0.617901 4.663303 -16.443295 19.447060 7945662115.761189 
rand_458 -1.665956 -1.127622 0.008654 -1.628939 0.201681 4200767.244332 -0.171969 -2.375811 -1.992378 0.371077 -0.147303 0.519017 -0.620558 4.657078 -16.514044 19.533693 7229338987.518516 
rand_459 -1.643432 -1.134505 0.012176 -1.628983 0.193872 3066550.365194 -0.126715 -2.984252 -1.777551 0.237624 -0.147466 0.513287 -0.615616 4.662383 -16.323736 19.369166 7357439174.024869 
rand_460 -1.684425 -1.116937 0.007650 -1.628910 0.193156 4450826.708969 -0.031050 -2.774672 -1.603626 0.273856 -0.147892 0.518046 -0.618969 4.677296 -16.484851 19.481960 6395532377.238070 
rand_461 -1.680509 -1.152704 0.005425 -1.628919 0.199393 6321296.272657 -0.202686 -2.372217 -1.154623 0.209096 -0.148287 0.518561 -0.618706 4.690291 -16.500776 19.472093 7374354803.561029 
rand_462 -1.643294 -1.147712 0.008356 -1.629028 0.196546 4697715.856816 -0.154415 -3.125005 -1.254899 0.288772 -0.148591 0.514478 -0.616261 4.701268 -16.357057 19.384249 6652234429.009068 
rand_463 -1.634376 -1.183124 0.006064 -1.628904 0.191573 6323489.749307 -0.190737 -2.785442 -1.786134 0.354325 -0.148031 0.521077 -0.621225 4.681412 -16.586174 19.558175 6975157486.493278 
rand_464 -1.660575 -1.136269 0.003863 -1.628952 0.197299 4200604.612233 -0.187579 -3.028816 -1.900060 0.305044 -0.149078 0.519467 -0.620198 4.717258 -16.529561 19.521635 7673871969.775814 
rand_465 -1.658431 -1.115296 0.014272 -1.628915 0.184753 4417868.600085 -0.062828 -2.341957 -1.697024 0.246646 -0.148792 0.519626 -0.618929 4.707498 -16.534304 19.476914 7266868388.237826 
rand_466 -1.671782 -1.130605 0.004915 -1.628889 0.192241 5571159.205934 -0.065535 -3.094791 -1.134535 0.086840 -0.148122 0.514713 -0.615847 4.684765 -16.371369 19.377034 7519750938.565409 
rand_467 -1.649441 -1.144843 0.000944 -1.628923 0.192663 4165752.577301 -0.101687 -2.701047 -1.543509 0.280998 -0.148696 0.518905 -0.618361 4.704079 -16.511449 19.459462 7259593464.338159 
rand_468 -1.683606 -1.119476 0.009588 -1.628960 0.194211 5484213.626690 -0.109743 -2.517713 -1.547255 0.228923 -0.148035 0.513428 -0.614405 4.681791 -16.326709 19.326783 6498322750.698313 
rand_469 -1.645126 -1.103646 0.004077 -1.628939 0.193576 4260951.365575 -0.106943 -3.285109 -1.056398 0.177631 -0.148791 0.515537 -0.615846 4.707620 -16.399302 19.376530 6922952040.177742 
rand_470 -1.693627 -1.114537 0.000836 -1.628921 0.195319 5364613.469474 -0.021944 -2.330742 -1.967322 0.216830 -0.148442 0.516712 -0.617160 4.696365 -16.438480 19.419107 7088082805.111308 
rand_471 -1.661338 -1.128972 0.004742 -1.628866 0.197336 4165248.441831 -0.228452 -3.694456 -1.295816 0.354235 -0.147892 0.519803 -0.620667 4.677431 -16.543108 19.538606 7257708147.352869 
rand_472 -1.674064 -1.152202 0.004984 -1.628875 0.190431 5172064.701753 -0.206567 -2.334312 -1.732713 0.349814 -0.147402 0.515565 -0.616997 4.660212 -16.401782 19.416488 6416468546.990919 
rand_473 -1.608894 -1.104686 0.003217 -1.628876 0.194597 5861763.948745 -0.103604 -2.601100 -2.042722 0.318741 -0.149364 0.517374 -0.616847 4.726408 -16.459501 19.408724 6827883977.822499 
rand_474 -1.647061 -1.137483 0.004095 -1.628905 0.195648 5831644.959676 -0.106812 -1.553166 -2.219194 0.384545 -0.147324 0.519490 -0.620521 4.658259 -16.531201 19.532479 7383605400.479371 
rand_475 -1.650316 -1.106847 0.006140 -1.628915 0.190563 4173432.405907 -0.088386 -2.880121 -1.777450 0.344840 -0.148264 0.516862 -0.618388 4.689900 -16.439797 19.459149 8212102987.228289 
rand_476 -1.678717 -1.142784 0.008684 -1.628899 0.197685 3620271.996786 -0.185365 -2.552521 -2.017273 0.368438 -0.147630 0.515782 -0.617621 4.667685 -16.405783 19.436054 8053088541.170533 
rand_477 -1.659618 -1.118733 0.007836 -1.628995 0.195622 4376959.928543 -0.357578 -3.073743 -1.608454 0.353097 -0.147403 0.514998 -0.616383 4.660711 -16.384201 19.396305 7260814272.374458 
rand_478 -1.651294 -1.141709 0.004567 -1.628985 0.191597 3854009.918090 -0.129908 -2.910023 -1.342837 0.241223 -0.147528 0.520457 -0.620914 4.664497 -16.565671 19.548018 6676432211.092485 
rand_479 -1.642728 -1.132340 0.003279 -1.628896 0.185363 6053416.369142 -0.089592 -2.818577 -1.788487 0.274044 -0.149061 0.515236 -0.615638 4.716949 -16.387241 19.367155 7249412730.787302 
rand_480 -1.641686 -1.113692 0.001001 -1.628910 0.197713 3753871.486838 0.016228 -3.105527 -2.047708 0.240608 -0.148111 0.517568 -0.618358 4.684586 -16.466551 19.459696 7393766787.964289 
rand_481 -1.636172 -1.154296 0.002111 -1.628941 0.199441 4157344.373827 -0.113859 -3.113493 -1.937924 0.375541 -0.148345 0.515576 -0.615833 4.692495 -16.401150 19.375850 6531857144.502553 
rand_482 -1.666462 -1.161653 0.009345 -1.628978 0.196054 5916025.969988 -0.165828 -2.948876 -1.469755 0.285686 -0.147519 0.517403 -0.619060 4.664058 -16.458272 19.482043 7076993994.463924 
rand_483 -1.658303 -1.146051 0.008192 -1.628913 0.188275 5314187.051562 -0.188780 -3.096058 -1.790560 0.360691 -0.147794 0.518475 -0.620192 4.672978 -16.496833 19.523045 7215698502.240560 
rand_484 -1.649033 -1.141630 0.008320 -1.628978 0.193063 7426531.604870 -0.184594 -2.353386 -1.556837 0.266319 -0.148165 0.519290 -0.618708 4.686505 -16.525789 19.471679 7471742528.348727 
rand_485 -1.651840 -1.126741 0.005619 -1.628953 0.196703 4168462.567612 -0.297785 -2.305415 -1.477299 0.349579 -0.148412 0.519454 -0.620416 4.694444 -16.529108 19.528957 7388210652.198630 
rand_486 -1.661473 -1.092454 0.008334 -1.628941 0.203757 3581926.026807 -0.269107 -3.536957 -1.327329 0.354643 -0.148409 0.512596 -0.613256 4.694419 -16.297464 19.286401 7841495641.106667 
rand_487 -1.659413 -1.124962 0.002708 -1.628953 0.193783 4741569.867560 -0.122921 -3.339560 -1.810228 0.224506 -0.148770 0.515763 -0.615897 4.706688 -16.405924 19.376924 7739096464.774358 
rand_488 -1.653247 -1.107025 0.004193 -1.628942 0.194167 4596025.480644 -0.138446 -2.792828 -1.837696 0.332462 -0.148137 0.514434 -0.615595 4.684834 -16.361571 19.367742 7057602006.445195 
rand_489 -1.714932 -1.131140 0.002734 -1.628888 0.195242 5234344.728948 -0.165887 -3.349924 -1.865864 0.296767 -0.147865 0.514111 -0.615644 4.676136 -16.352358 19.370428 7516960420.278784 
rand_490 -1.668881 -1.125683 0.004074 -1.628924 0.197676 3967206.545860 -0.065737 -2.957224 -1.152993 0.205339 -0.148721 0.513383 -0.614843 4.704604 -16.320717 19.338537 6878978393.527267 
rand_491 -1.634269 -1.103062 0.010856 -1.628942 0.188222 5445280.599138 -0.043859 -2.247012 -1.334198 0.187031 -0.147827 0.517810 -0.618970 4.674654 -16.471784 19.479094 7425034794.114429 
rand_492 -1.656987 -1.117495 0.007051 -1.628920 0.198162 4794591.292898 -0.138123 -2.842793 -1.903800 0.341044 -0.148249 0.519931 -0.620674 4.689192 -16.545793 19.537518 6433241226.253657 
rand_493 -1.640543 -1.127534 0.010425 -1.628964 0.196536 6219645.962759 -0.111950 -2.899563 -1.572841 0.327201 -0.148020 0.514787 -0.616819 4.681127 -16.371860 19.407818 7172773367.308901 
rand_494 -1.685598 -1.119551 0.008774 -1.628930 0.195652 5892830.915657 -0.174717 -3.377834 -1.418496 0.315525 -0.147473 0.520840 -0.621280 4.663192 -16.581369 19.561450 6762943754.400320 
rand_495 -1.680087 -1.145399 0.001271 -1.628943 0.200452 4875245.753808 -0.173622 -3.651855 -1.355913 0.227645 -0.148509 0.515104 -0.614315 4.698332 -16.389976 19.327385 7169905297.051590 
rand_496 -1.695112 -1.121823 0.005856 -1.628930 0.188284 4700233.872586 -0.158160 -2.673980 -1.657355 0.308819 -0.148228 0.516077 -0.618030 4.687674 -16.413008 19.448081 7774272319.451904 
rand_497 -1.654959 -1.137871 0.002590 -1.628944 0.192106 5024580.813751 -0.122074 -2.676803 -2.011969 0.322905 -0.148393 0.519299 -0.619859 4.693860 -16.523717 19.509154 6838216411.248575 
rand_498 -1.704324 -1.123682 0.001344 -1.628940 0.198136 3909467.905990 -0.115497 -2.973934 -1.570207 0.397188 -0.148401 0.514002 -0.615593 4.694183 -16.345316 19.366584 8067483870.397808 
rand_499 -1.664489 -1.148808 0.003617 -1.628911 0.192116 4657092.649800 -0.115444 -1.917686 -2.321314 0.377012 -0.148692 0.516393 -0.618357 4.704192 -16.420767 19.455866 7227011450.164694 
