5.747977142056172397e+02
5.774064322215406264e+02
5.220908516275746933e+02
5.166177694272388408e+02
5.791175709044126734e+02
6.492808145593925246e+02
4.507928258820074348e+02
5.295092013664927890e+02
5.414811268063399439e+02
4.850107837599209120e+02
4.940434442742072179e+02
5.619783140324746000e+02
4.609950035775094079e+02
4.813322454453228261e+02
5.144540499322563392e+02
5.070530165069552595e+02
5.383335538004031378e+02
4.604613742205993958e+02
5.338418659895612564e+02
5.256395688217417046e+02
5.109994965973443755e+02
5.071643942164332088e+02
5.010723306518321465e+02
5.418592167308787566e+02
5.131479490465934532e+02
5.478291439296125418e+02
4.608543213372948344e+02
4.524390027729668304e+02
5.686535992367706740e+02
5.011128036925348397e+02
4.748309430843510199e+02
4.672504962558338661e+02
4.939959012593058674e+02
4.475629747705409045e+02
5.364307061070129521e+02
4.789334749240823044e+02
4.984722195610201538e+02
4.682784090262873065e+02
5.189005513862631460e+02
5.476018801213125471e+02
5.096508734030952041e+02
5.527947249385553050e+02
5.592107777555660277e+02
5.115491102437471227e+02
5.986154326470710885e+02
5.141285237289339420e+02
5.457572316358188118e+02
4.755501336481282237e+02
4.560684611217507722e+02
4.002973282772429684e+02
4.479267198198939468e+02
6.104798739864193067e+02
5.854908964860486549e+02
5.347192600339584487e+02
5.333396928946656317e+02
4.555319627898036288e+02
5.573589568324794072e+02
4.971788241362361305e+02
4.921061688803712286e+02
4.304166479244041739e+02
5.326887429514150654e+02
5.187301547617352071e+02
5.630793856663752877e+02
5.502927737793714869e+02
6.482004405311170103e+02
4.607461199930365865e+02
4.296262453016691438e+02
5.525436896228045498e+02
5.349302321625831382e+02
4.421518829236864008e+02
5.930038199377985393e+02
4.865994786867430548e+02
6.224411432332713048e+02
5.738977782144995672e+02
5.595245206685572157e+02
4.251219544933425709e+02
5.771443308592180301e+02
5.904850647819686174e+02
4.966535967776492271e+02
4.350658219721067894e+02
5.413055045487086545e+02
4.144178086297334858e+02
3.979623924505791024e+02
4.359082759990872660e+02
5.279769637698659608e+02
4.522308996193792154e+02
3.913467409416980445e+02
5.850194624094082201e+02
5.089808652685263155e+02
5.124953596890359222e+02
5.056224225973589341e+02
5.218799819623441181e+02
6.779010947496424251e+02
4.938930280115451410e+02
5.205987796814679314e+02
4.728609818677703629e+02
5.351858783310721037e+02
5.487930170787010411e+02
4.333237393441912673e+02
5.569705181051280078e+02
5.263623456043152373e+02
4.911090975915672061e+02
4.061726817631450217e+02
5.218718873542035226e+02
4.711208460443443187e+02
5.110097429367627910e+02
4.640088618540361836e+02
4.459733576731710514e+02
5.694816059251711522e+02
4.563972661536870987e+02
4.840158642023947095e+02
4.660791347335229489e+02
5.412161564689803299e+02
4.737008743098962213e+02
3.944538409069322142e+02
4.963905732447789774e+02
6.396156475128086640e+02
5.494628202864814739e+02
5.283284132119169954e+02
5.015287026095274996e+02
4.337543929899463819e+02
5.602894099061404631e+02
5.132036891330295703e+02
4.921081156848607066e+02
4.264634052499989139e+02
4.077119893339705072e+02
4.555635215152123010e+02
4.494831387775481630e+02
3.922107122814571198e+02
5.306881451799733895e+02
7.513153994386850627e+02
4.727753224702325952e+02
5.050605133436541223e+02
5.135012428297397946e+02
5.628683110743563702e+02
5.854775762448047089e+02
4.121226286000129448e+02
4.714524175879236054e+02
5.141784234019014548e+02
6.362838453241290608e+02
4.783809923026424258e+02
5.083177221813677988e+02
5.352321917852432307e+02
5.725611432373698335e+02
4.395784123153622431e+02
4.787441225716303848e+02
4.503624796264348333e+02
5.912515934338588295e+02
5.127260047893439605e+02
5.516256176109163789e+02
5.082900570649381393e+02
5.039685609518357410e+02
5.975656951736565361e+02
5.462528470734866914e+02
5.149059135006075394e+02
5.304206132577591006e+02
5.639085194521118183e+02
5.534045870607380948e+02
6.055508724092002240e+02
4.416661039718602524e+02
4.356108247657712695e+02
3.932569659994694575e+02
4.379497566648083193e+02
5.713402918956680878e+02
4.445447105680642039e+02
4.311683193841376465e+02
5.627880822367103519e+02
4.330292595493065733e+02
4.927745376006331526e+02
6.311330104985017897e+02
4.628229505297510968e+02
4.676444680064711861e+02
4.631389476374144465e+02
5.150899377565618806e+02
5.123604153988956114e+02
5.512859514591965535e+02
6.152832554423688407e+02
4.258624574431100314e+02
5.988029406584277012e+02
5.772710780778236312e+02
6.869548627231306455e+02
4.534945806598499303e+02
5.385677851195076755e+02
5.520933630053660863e+02
4.640852995460974171e+02
5.242152251791904973e+02
4.544716715867880907e+02
5.490433351506924282e+02
5.083936475564581201e+02
5.333053676576140560e+02
5.226300140077705692e+02
5.495170234220048542e+02
5.674004719259008880e+02
4.152477621226234987e+02
5.926766543201691775e+02
5.969941543608983920e+02
4.622259987952353981e+02
5.353702099772090151e+02
4.989362762732793044e+02
5.023223840608763453e+02
4.984278529113385048e+02
4.518363130883768122e+02
4.894212180991749506e+02
6.342099862258459098e+02
5.017401870551231582e+02
4.486721410125821876e+02
5.076009907390510421e+02
4.507243803346925688e+02
5.162095552648099783e+02
5.154175132277680405e+02
5.550478949766603591e+02
5.127280540572276095e+02
6.280854417652885786e+02
4.720271347659013941e+02
5.194251639644849092e+02
4.032616967343789156e+02
6.177929938195105706e+02
4.096866638666836593e+02
4.312918902375234893e+02
5.092349744861025442e+02
5.425741038321001497e+02
5.267418700163726726e+02
6.173227893036004161e+02
5.397046164779786750e+02
5.124601122814366363e+02
4.079086165874095400e+02
5.096088634114797742e+02
4.898945989803048064e+02
4.861580663845986123e+02
5.315351075962979621e+02
4.756122264650036868e+02
5.759175366406535659e+02
4.532275610546065536e+02
6.240123169196880326e+02
5.308284175666111651e+02
6.623973585756687044e+02
4.000816428324857839e+02
4.883694313578766355e+02
6.182074582489846080e+02
7.064212682037747300e+02
4.782231986755991784e+02
4.274603740754087653e+02
5.603832663752129974e+02
5.182524704180495974e+02
4.614503509012628797e+02
4.855390850203333457e+02
5.971844288838980219e+02
5.703238550253632866e+02
4.979566237614865258e+02
5.796059114410933262e+02
4.226567876926708891e+02
5.273607489172436544e+02
5.042028947343344498e+02
4.623835874954903034e+02
6.189394567370347886e+02
4.601739643999134159e+02
4.855680821608873998e+02
5.477058804664093259e+02
4.671325608891281718e+02
4.680288081980551738e+02
5.449000228800758805e+02
5.026099988083507242e+02
4.132056666765373052e+02
6.119282965266036172e+02
5.328873170093435192e+02
5.317098076833815412e+02
5.274364693655456904e+02
4.053916033092807538e+02
6.066448740689023680e+02
5.863121405904330459e+02
5.069832389355159989e+02
3.914315806320823299e+02
4.185551780234872581e+02
5.054805107964141371e+02
5.050627675383261703e+02
4.974593689095117952e+02
5.526352918972049793e+02
5.299598353741138226e+02
4.972290311993862701e+02
5.754567587570084015e+02
5.012450839344263045e+02
4.150399663592183970e+02
6.046023687692394333e+02
5.719977994961465129e+02
6.268690988129308153e+02
4.337126903885135221e+02
4.821654777668267116e+02
5.763114059278966579e+02
5.633270396901178856e+02
5.246289723649053940e+02
5.356374345092408475e+02
5.125408534360535668e+02
5.168085562672093829e+02
5.824054162969872550e+02
5.150137049912890461e+02
4.854204324098683401e+02
4.845992907688781202e+02
5.133725488066446587e+02
5.747851112081325482e+02
5.223240583127372929e+02
5.794392034987560010e+02
6.266722666327034403e+02
5.314400215664952611e+02
5.846395281437742142e+02
5.525686906909854770e+02
5.715878434560164578e+02
5.737922409184900516e+02
5.897190484470494312e+02
5.965361429888961311e+02
5.236889731866617694e+02
4.802942912622393692e+02
5.258152935427671082e+02
4.674041913471098155e+02
4.331130746057490342e+02
4.651983593971176560e+02
4.947849718579164460e+02
5.148836789440696293e+02
5.479083481333167356e+02
5.222159594318732161e+02
4.247898706327924288e+02
5.587294047296898043e+02
4.663754588695029497e+02
4.426882787922393732e+02
4.685102836873255683e+02
5.661353563979116643e+02
5.491439542037810497e+02
4.521314076636265895e+02
5.183570855435114026e+02
5.307067935177148001e+02
5.791061974676581485e+02
4.752797327508767466e+02
4.609636497788891347e+02
4.936851297847459250e+02
4.704706133448529499e+02
4.934783586552827046e+02
5.071914445524977850e+02
5.894267203834425572e+02
4.006624053507204053e+02
5.305439791843565445e+02
4.581069703490405232e+02
5.133631221743797823e+02
4.702068725682234458e+02
5.751363557233951269e+02
4.741261998591538145e+02
4.859668696910513290e+02
5.128681215170771566e+02
4.438763418478023368e+02
4.845881222589121080e+02
4.294128140515839505e+02
4.798458089858962126e+02
5.076735348221332629e+02
4.365922191552651270e+02
5.500215531749665843e+02
4.823250132715711516e+02
5.817385845276380678e+02
5.943088961895196007e+02
4.980498654501939200e+02
4.059776939240129536e+02
5.117001412867742260e+02
5.688568866108316797e+02
5.990425000740298174e+02
6.183410705150005242e+02
6.896541583795127508e+02
4.462210116969137061e+02
4.909322457732056932e+02
5.530091808225822660e+02
5.356129457580308326e+02
5.880234842000934350e+02
4.797103523787850463e+02
4.130071950820029656e+02
5.469536966897048842e+02
5.226415923713134362e+02
5.660847394811847835e+02
5.185630369658211976e+02
5.387471985227238065e+02
5.546236965247387616e+02
6.102565037870982678e+02
4.519738189633716843e+02
5.602314156250323549e+02
6.118700973187071668e+02
5.397545161509461877e+02
5.411537562619222399e+02
5.659975431327342221e+02
6.273855143196179824e+02
5.533722086281760539e+02
4.288405559950666088e+02
4.491164222897638183e+02
5.213605950172255916e+02
4.434685375389501587e+02
4.489981795328755538e+02
5.367567446273062615e+02
5.931969634358353005e+02
3.492438150277527029e+02
4.522811066825293551e+02
5.499917363272591047e+02
4.943685606239528738e+02
4.871920244953088854e+02
5.846450611670601347e+02
5.822558197414787173e+02
5.159538066329267849e+02
4.701998025940247885e+02
4.671791817334818688e+02
4.668840871582320915e+02
4.816385085305386724e+02
5.035427230856072356e+02
6.408702093111969589e+02
5.267084669498686935e+02
4.132395820600121965e+02
4.638781185630574555e+02
5.545308646896081655e+02
6.801246528668284554e+02
5.237324176657957651e+02
3.773974769208889484e+02
4.443027944943959255e+02
5.670200253432959698e+02
5.069830340087275999e+02
5.700492531289503404e+02
5.390001806429639828e+02
7.394950173588359803e+02
4.702795191146998945e+02
5.214977935020378936e+02
5.591794239569456977e+02
5.856955158842339415e+02
4.279002494266404710e+02
5.008397387470345734e+02
5.282989037543919721e+02
5.946884206015769223e+02
4.930775218572350695e+02
5.707756161303203726e+02
6.162080900382730988e+02
4.627767395389741409e+02
5.154945657001943573e+02
5.502923639257948025e+02
6.156295817147105254e+02
6.045492927310521054e+02
4.761811032295129849e+02
4.699742806634258727e+02
4.404240427075624211e+02
6.319350939481738578e+02
4.945756391435986643e+02
4.675871909691223323e+02
4.402713722502282963e+02
4.873419284409999932e+02
5.446454013455288532e+02
4.326129507787371722e+02
6.121583268465466290e+02
4.737469828372790062e+02
6.035364420795438036e+02
5.786721625298949903e+02
5.161910093904626819e+02
4.491764658387556324e+02
5.142891863310143208e+02
5.289839740079058856e+02
4.003345224893317891e+02
6.390682880610779648e+02
5.349492903539013469e+02
5.513190471355179625e+02
4.466015607429129091e+02
5.588198799067541813e+02
4.993207189282574632e+02
4.995533108330550363e+02
5.207869024731896843e+02
5.212418399433664717e+02
4.654651740755726905e+02
4.754102711150671325e+02
5.943014163617441454e+02
5.639711245859582505e+02
5.382216637739543330e+02
4.857191132039145600e+02
5.720495435102094461e+02
4.609987947230941927e+02
6.116718306509611693e+02
5.309762722444186238e+02
6.853279489502779143e+02
5.232720496357272850e+02
5.385048725954786732e+02
5.485241531323623576e+02
5.035231525773181147e+02
5.237706365118264102e+02
4.458127975344848437e+02
5.275497938795131176e+02
4.170059315034259271e+02
4.377598919953854306e+02
5.542998097357233291e+02
4.887599193531116839e+02
5.350174285110336996e+02
4.935452672516848338e+02
5.456050734954557129e+02
4.901226824957582835e+02
5.228688561796134309e+02
5.153205828568700326e+02
4.787609265682765454e+02
5.199304109612060074e+02
4.764771199753104156e+02
4.557837153493135816e+02
4.789691321852583314e+02
4.915656744760508445e+02
5.275692619244080106e+02
4.536453043126945204e+02
4.867364722447670147e+02
4.993232805131120813e+02
4.840483450983510352e+02
6.191146691410892799e+02
4.154351676705859404e+02
4.529161747996815279e+02
5.276814593410394991e+02
5.731676240675446934e+02
6.262622081291792711e+02
4.795357547550955815e+02
4.654428370556406094e+02
5.555950495016027162e+02
3.907095210932679947e+02
3.805741495307740365e+02
4.563679616229504745e+02
6.347167701734797447e+02
5.226572692706236012e+02
5.290779329403725342e+02
5.863968778174231602e+02
5.715490098296207861e+02
5.949936590528509441e+02
5.410743471314297039e+02
4.536920276204423885e+02
4.604702885358933599e+02
6.751042539419972854e+02
4.903972843921712865e+02
4.358776394442262472e+02
4.396880481471390567e+02
5.466914928639881737e+02
5.026676856992763192e+02
5.548283159229241619e+02
6.340160230206556662e+02
5.573046512335619127e+02
4.982722110155730775e+02
5.076491485343174759e+02
4.946221575245581903e+02
5.393099274835819870e+02
4.735832463333730402e+02
5.894113508743150760e+02
5.532505845792796890e+02
3.877265042983906369e+02
5.263579396783653692e+02
6.025645767857089368e+02
5.084237717943481698e+02
7.097167983509131091e+02
4.465860887703910862e+02
4.077666023230705719e+02
4.411278637622119732e+02
5.057338003068368835e+02
5.206695818868490733e+02
6.688285759750185662e+02
5.507890039974043930e+02
4.244450813113634240e+02
5.128438376926554838e+02
4.586137542966743581e+02
4.332345961912512280e+02
4.831843737585919598e+02
5.639156918897047035e+02
5.814815038716305935e+02
4.814225156955988609e+02
5.701271253085301396e+02
4.281676788854605888e+02
5.547879453456156398e+02
4.804595647170580719e+02
4.765162609918887142e+02
4.937791911806068015e+02
5.869126785437451872e+02
5.137011489117926430e+02
5.261071092894030699e+02
5.032898434287612304e+02
4.617008739000426658e+02
4.349420461919326044e+02
4.778706221362121482e+02
4.237589864239076860e+02
6.008333552775769704e+02
4.641818200634186837e+02
5.869192362009729322e+02
5.410583628419369688e+02
4.222812593529866945e+02
6.024692858291178936e+02
4.624592054803981114e+02
4.174902759677334529e+02
5.768308953364092986e+02
6.071482767245280456e+02
4.304682894750728792e+02
5.959788445879296432e+02
4.911490583152989302e+02
4.819359597638546688e+02
4.669550942904015187e+02
4.339990755752576774e+02
5.683248966682285754e+02
4.038183803549803201e+02
4.754367066707665685e+02
4.499957631386504886e+02
4.638060867969461469e+02
5.414119640152657666e+02
4.105347533803442275e+02
4.588092544527773384e+02
4.884691282404176604e+02
5.462200587873477389e+02
5.823486515766093135e+02
5.213637713824452931e+02
5.071112157148517667e+02
4.999334500254774980e+02
4.325311849901783603e+02
5.173280456757220236e+02
5.186743122119049758e+02
5.354085312866338882e+02
5.105681257078299495e+02
5.409581536424251453e+02
5.312443164836038250e+02
5.377891657871037978e+02
5.447281917680294328e+02
5.449537136986283485e+02
4.520367314874006297e+02
4.451126651620259054e+02
5.505887905251689745e+02
4.665233135473103516e+02
5.166008629671985091e+02
4.597326545611630877e+02
5.170573373882880333e+02
4.025920984533867681e+02
5.086085132940618223e+02
5.069832389355159989e+02
5.398985796831688049e+02
6.507955309156138810e+02
4.787700458103589085e+02
5.626952504015796421e+02
5.188769848056008414e+02
5.064189730237449680e+02
4.471278127354416938e+02
4.556848381739260958e+02
4.933607306787595235e+02
5.943223188941576609e+02
4.153245072048672455e+02
4.874296371064214668e+02
3.971466813694806319e+02
5.758312624627507148e+02
3.979719215462382067e+02
3.862155790877540653e+02
5.612241834512806236e+02
6.355193659401226114e+02
4.915733592306146420e+02
6.833338063726698692e+02
5.417911810371406318e+02
4.672831820785785339e+02
5.094708452195139898e+02
5.750919890737135347e+02
5.735299346293791132e+02
5.042812792308851613e+02
5.336119381330124725e+02
3.684172776644248302e+02
4.609593463163333809e+02
3.821096659560147373e+02
5.703439378506233197e+02
4.946398836917520043e+02
5.200255994544029363e+02
4.466189795199241530e+02
5.271025411639001277e+02
4.778346574848536079e+02
4.010100636471865414e+02
5.426858913951548402e+02
4.277880520100090393e+02
4.650395411361325841e+02
5.136545280674389460e+02
5.503493335729610862e+02
6.716998052068413472e+02
3.890583234959936476e+02
4.468772897366619077e+02
4.739517046988585207e+02
5.540585084424201341e+02
5.772280434522663199e+02
4.428388999816897922e+02
5.615136425398503661e+02
5.143935965296877839e+02
5.328521720651384612e+02
4.601375898949780776e+02
4.497570234302019117e+02
4.289470154616237210e+02
5.757536976733534857e+02
5.761371156943897631e+02
5.796015055151434581e+02
4.855730004038082370e+02
4.308735321990703824e+02
4.378737288263238270e+02
4.888297993879451724e+02
5.413763067540897964e+02
4.723446688244774236e+02
5.069500407958004189e+02
4.631229633479217114e+02
5.506726055816113785e+02
6.404144521338668028e+02
4.762749596985854623e+02
4.862441356357131212e+02
5.194311068413476278e+02
4.604913959950952744e+02
4.368792191223743657e+02
6.749800683082463593e+02
4.598166745443939476e+02
5.558432158423162264e+02
5.539854520423670010e+02
5.588443686579641962e+02
5.413146237907910745e+02
5.631958865455624164e+02
5.245656499872997074e+02
5.088018617188869825e+02
5.246975203756144310e+02
5.620587477969089605e+02
6.107584719552054366e+02
5.869321465886400802e+02
5.412505841694261335e+02
4.853900007817957203e+02
4.554482501967553389e+02
4.277443001406924736e+02
5.172541695685154082e+02
5.490421055899621479e+02
4.871606706966885554e+02
4.667032392674973948e+02
5.425525865193216077e+02
4.735567083142794331e+02
4.330976026332272681e+02
5.356360000217222250e+02
4.876823118364790730e+02
4.518696136914866202e+02
6.842424517522930500e+02
5.635696730075454752e+02
5.425375244003765829e+02
5.843615449553531107e+02
5.240545625771101186e+02
4.509626077261702903e+02
4.677303323307973528e+02
5.196743549391403576e+02
4.740585740189924309e+02
3.839576957335164593e+02
4.946018697725097581e+02
6.486839652882709970e+02
4.626410780050745757e+02
5.401845550163362759e+02
3.947295699006812129e+02
5.502186927453765293e+02
5.934278134629317947e+02
4.904123465111163114e+02
4.736529214414181297e+02
4.974028091159222527e+02
6.145075050850020943e+02
4.874309691305458614e+02
4.945483838807457460e+02
6.626358933573288823e+02
4.949978907910307271e+02
4.438693743369977938e+02
4.861574516042334722e+02
4.925033169962281931e+02
5.461685197000732614e+02
5.469022600658245210e+02
6.184998887759855961e+02
4.760644998869316282e+02
5.269234351508665668e+02
4.935861501459642113e+02
4.732731921025724091e+02
5.084371944989862868e+02
4.944598555081707900e+02
4.831810949299780305e+02
5.792386826363380123e+02
5.238198189410346686e+02
4.049729378806451336e+02
5.537842139361896443e+02
6.204501770208829612e+02
5.952037090109280371e+02
5.247639166550455911e+02
4.800947950337632051e+02
5.190894938851383813e+02
5.280303471982358587e+02
4.512037040926850864e+02
5.279906938646865910e+02
6.291488068701296470e+02
4.747062451336291815e+02
4.673260117773474462e+02
6.012093959342320204e+02
4.897367028898673311e+02
4.424900121244934326e+02
5.159291129549285415e+02
4.846115863761801847e+02
5.121644029258217188e+02
4.595982225879937459e+02
6.448398461286716383e+02
6.591692493419031962e+02
4.986666950831813097e+02
6.699660221138547058e+02
4.890111595956507813e+02
4.277312872896310978e+02
5.291798840175855503e+02
6.041033720395636237e+02
6.540755890902305509e+02
6.834338106453933506e+02
5.422830053292235561e+02
4.424157261637100760e+02
5.190033221706296445e+02
5.729514263058165398e+02
5.429125404230898084e+02
4.524267071656647659e+02
5.091554628922157804e+02
4.049629989314092882e+02
5.055278488845271454e+02
5.548377425551890383e+02
4.698276555463486375e+02
5.257263553166154679e+02
5.942032564301159709e+02
3.637739440301906484e+02
4.094376778188166668e+02
4.877897959369780665e+02
5.048903216459145824e+02
4.961314433208877972e+02
5.368140216646551153e+02
5.117480941552523177e+02
5.783001179456130103e+02
6.350836915880524884e+02
4.810349991387951718e+02
6.740717303188056349e+02
5.104095123736331630e+02
4.242791930761795811e+02
5.419241785227914079e+02
4.949990178883667227e+02
6.136512184998067596e+02
5.776204782519909031e+02
5.149821462658803739e+02
5.260608982986260571e+02
5.563101415296124514e+02
5.212125354126297907e+02
4.843759205695571382e+02
4.816501893574755968e+02
4.637824177528896712e+02
4.522512898348218187e+02
4.616142923319571878e+02
5.272439406478739556e+02
4.945953121152819563e+02
5.670184883923831194e+02
5.389647283085763547e+02
5.753217120034738628e+02
6.034301875397750337e+02
4.673532670402003646e+02
4.554316511268975205e+02
5.939188180478612367e+02
4.461047157445149196e+02
5.885053695429404570e+02
5.261758622269004491e+02
5.033986595533846184e+02
4.987289928268451717e+02
5.910876520031645214e+02
5.536397405503903428e+02
5.764131520783213318e+02
5.423449956827048482e+02
4.668821403537425567e+02
5.548588500143910096e+02
5.050586690025588155e+02
5.932994268300192289e+02
5.207845458151234652e+02
5.543828050850123645e+02
4.435325771603151566e+02
4.696998836938012687e+02
4.807264818589072775e+02
5.319176034467866430e+02
5.056603340532070092e+02
5.479605020009563532e+02
4.194048044880606199e+02
5.203398546843651502e+02
5.403225732083020603e+02
3.643065487531588360e+02
5.919067443762710354e+02
5.285984042555916176e+02
5.641858878601677816e+02
5.796329617771579024e+02
5.591949983928616348e+02
5.083651627328749782e+02
5.155448752267386681e+02
4.645153384114874484e+02
5.193067162808083594e+02
4.731057669164758295e+02
5.125674939185413450e+02
5.475479843759718506e+02
5.825983548682356741e+02
4.618792626693169154e+02
4.046616540891142790e+02
5.034190497688272217e+02
5.835502398002046220e+02
4.194501957716840934e+02
4.822130207817280620e+02
5.051038553593939469e+02
5.214824239929102987e+02
5.069546516485386860e+02
5.063467363308452605e+02
3.906383090343101685e+02
4.662032179038797040e+02
5.005859369196409148e+02
4.979256798164429938e+02
5.523574111721781037e+02
5.062443754000555032e+02
5.704821609693774462e+02
5.881637565867312105e+02
6.190130254540588339e+02
5.645328289128746064e+02
4.677176268699185471e+02
4.547203502444725132e+02
5.161533028614029490e+02
5.303878249716201481e+02
6.699272909508531484e+02
4.837187203592612263e+02
5.843007841626019854e+02
4.197497987362779668e+02
5.825548079257074505e+02
5.752702753795936133e+02
4.708429653193174431e+02
4.011868130021538832e+02
5.248513179302844947e+02
4.938412839974822646e+02
4.679766543304155562e+02
3.869642791090561786e+02
4.750301319226446708e+02
5.342990576544100350e+02
6.415937033375298597e+02
5.150839948796992758e+02
5.717893889523763846e+02
5.416387155065948491e+02
4.524317278719797741e+02
5.015588268474175493e+02
5.338981183929681720e+02
4.934278442019499948e+02
4.958816375658673223e+02
4.977500575588117044e+02
4.590950248591563536e+02
5.458764990266489576e+02
4.357255837672572625e+02
4.974116209678221026e+02
5.204069682075555647e+02
6.164856633731175179e+02
5.267665636943709160e+02
5.310668498848772288e+02
4.285424899813854722e+02
6.686638148371707757e+02
4.160690062270078329e+02
4.527311259097853053e+02
3.783621697771308732e+02
5.201818561305334470e+02
4.788891082744006553e+02
4.905980101813776173e+02
5.483096972483352829e+02
4.537465381461482252e+02
4.902649016868855938e+02
4.722016299261966310e+02
5.331175522560748732e+02
4.831513805456647219e+02
4.675922116754373405e+02
5.102836873255752721e+02
5.103460875326333053e+02
5.791177758312010155e+02
5.469770583435788467e+02
5.399789109842090511e+02
4.431619670635517991e+02
6.825225012175212669e+02
4.578314462820798667e+02
5.102094013647919155e+02
4.614368257332305916e+02
4.985769371498761870e+02
4.438774689451383324e+02
5.911538433558073393e+02
5.762750314229614332e+02
4.961103358616858827e+02
5.653072472461169582e+02
5.575914462738827524e+02
4.828346661942421179e+02
5.848483485411210268e+02
5.388485348195716824e+02
5.957212516149511430e+02
4.909316309928405531e+02
5.057674083001292047e+02
5.794520114230290346e+02
5.492110677269715779e+02
6.055636803334732576e+02
5.175006964949219537e+02
5.820494584655922381e+02
6.326086883015391322e+02
5.027320327108238303e+02
5.840453429209014757e+02
4.261026316390771740e+02
4.826017668992619747e+02
4.751478623625620230e+02
5.228464166962871786e+02
6.112205818629751093e+02
4.831458475223788014e+02
5.248918934343813589e+02
5.286560911465172694e+02
5.626215792211613689e+02
5.843007841626019854e+02
4.991092344826618046e+02
4.596174857061003536e+02
4.290549094156993988e+02
4.147841152639410893e+02
4.196297116382943955e+02
4.963074754320958277e+02
5.413162632050980392e+02
5.692524977757758506e+02
6.166024716424872167e+02
6.099706309173250247e+02
5.559823611316180632e+02
5.216185978437807762e+02
5.680137153400918351e+02
5.946415948304348831e+02
5.551347839349283504e+02
5.250286820656169766e+02
5.165087483758271674e+02
4.665787462435638986e+02
5.352548361953579388e+02
5.258419340252550001e+02
5.006251803996133845e+02
5.340491494359953322e+02
5.097081504404440011e+02
5.622431819064400997e+02
4.794484559432508490e+02
4.881409379888464741e+02
5.138430607127373833e+02
4.930929938297568924e+02
4.567715649326410698e+02
5.064969476667189383e+02
5.231363881018277198e+02
4.808349905933480954e+02
6.010917679577088393e+02
4.651250980702761808e+02
4.920670278637929300e+02
4.856076330310424396e+02
4.629602514779576268e+02
5.256224574349129171e+02
4.317500040729199213e+02
5.815429819081409732e+02
5.563110637001601617e+02
5.496914161189058632e+02
5.430635714661169686e+02
4.790019204713971703e+02
5.915958704383168651e+02
4.584031920216263529e+02
4.666393021095266249e+02
4.659647855856136403e+02
5.547316929422087242e+02
4.998454339698735112e+02
4.443515670700274995e+02
4.976579429674403059e+02
5.169847933052058124e+02
4.936231394312646330e+02
6.531759604892954485e+02
5.888908368318604971e+02
6.028245264167536561e+02
5.106176155272207779e+02
5.489667949952370236e+02
5.573319064964148311e+02
4.690321297539044281e+02
5.448461271347351840e+02
4.053291006388285496e+02
4.764697426109291882e+02
6.370271147855395384e+02
6.170209321443344379e+02
4.677478535712027679e+02
5.285846741607709873e+02
6.691705987848046107e+02
4.933651366047094484e+02
5.226616751965734693e+02
5.895659681361386220e+02
4.618112269755787906e+02
5.018134483819646903e+02
4.744971173460997420e+02
5.197801996253323296e+02
6.140800278044666811e+02
4.884456641231495269e+02
5.033964053587125704e+02
5.141915387163570585e+02
4.001743722042222657e+02
4.106853745697946465e+02
6.699724773076882229e+02
5.834757489126328664e+02
4.643639999782777750e+02
4.846578998303513686e+02
4.643599014425104201e+02
4.701794123785821853e+02
6.030981036792247778e+02
5.072841739242342669e+02
4.276263647739867793e+02
5.564594306949385327e+02
4.597662625544554658e+02
5.790233045817633410e+02
5.271917867802343380e+02
4.443486980949903113e+02
4.371086346619522374e+02
5.615265529275175140e+02
4.200525780660915416e+02
4.217522408488149495e+02
4.026210955939408223e+02
5.294258986270212972e+02
6.303785725271253568e+02
5.810970612166523779e+02
4.553852352093322224e+02
6.375316445385012685e+02
6.223605045420486022e+02
5.464790862478448616e+02
5.619574115000609709e+02
5.299357564764806057e+02
4.854742256918149224e+02
5.528595842670737284e+02
4.641718811141828382e+02
4.739970959824820511e+02
5.377950062005722884e+02
4.724859658450571374e+02
5.050615379775959468e+02
5.490312444701786490e+02
6.785191539433600383e+02
5.387849050517834257e+02
5.259083303046861602e+02
4.600614595930994142e+02
4.679242955359875396e+02
5.167821207115099469e+02
5.756570746926380480e+02
5.682609595102577487e+02
5.059659823580577154e+02
7.058699126796708470e+02
5.841864350146927336e+02
5.907139680045755767e+02
5.956329281691646429e+02
5.909904142420839435e+02
5.101180040171798282e+02
4.702956058675867439e+02
7.210200476803158836e+02
5.452976833129038141e+02
5.105008072578510792e+02
5.372865828386314888e+02
5.659183389290300283e+02
6.188177302247441958e+02
4.709950209962864278e+02
4.846784949725823139e+02
6.831929192056668398e+02
4.101435481413498678e+02
5.348177273557691933e+02
4.513422346016217830e+02
5.699392074435967288e+02
5.970734610279968138e+02
4.740974076453881025e+02
4.794910807152313623e+02
5.101950564896061451e+02
4.531573736295905519e+02
4.457038789464672845e+02
4.574342981662229022e+02
5.072387826406107934e+02
5.654736477982717133e+02
4.618048742451393878e+02
5.400329091929439755e+02
5.753638244584835775e+02
5.033376938338451509e+02
5.488062348565507591e+02
5.525104914830890266e+02
4.742684190502811248e+02
5.429281148590057455e+02
4.574021246604491466e+02
4.831083459201074675e+02
4.446058812143920704e+02
4.459131091973908951e+02
4.782755574700271382e+02
5.260094616747456939e+02
5.402137570836787290e+02
4.156230855355192944e+02
4.875587409830932302e+02
4.840220120060457702e+02
5.156393464761763425e+02
5.875176224230071966e+02
4.101049194417425383e+02
5.083496907603531554e+02
4.886808176128017180e+02
5.009525509440310884e+02
5.872100273136669557e+02
6.710034639799671368e+02
4.371186760745823108e+02
5.272423012335671046e+02
5.931003404551198628e+02
6.037286634070328546e+02
4.654415050315162148e+02
5.857483869956329272e+02
4.894247018545771652e+02
5.549247339768512575e+02
5.429873387008441341e+02
4.636014673987608035e+02
5.186901940380034830e+02
4.520838646487252390e+02
3.938473600767573544e+02
4.719494675131099370e+02
4.212982255491858723e+02
6.611229188788086049e+02
5.962743490167561049e+02
5.562791975845689194e+02
5.595371236660419072e+02
4.999293514897101431e+02
5.080194512408983201e+02
5.427864079848493475e+02
5.439352275604397846e+02
4.947515687914125238e+02
5.509310182617433611e+02
4.080756319199293785e+02
5.746247559962346259e+02
4.565417395394864570e+02
5.004919779871742662e+02
5.440694546068208410e+02
5.200568507896290384e+02
3.674061688906175505e+02
4.966349484399077028e+02
5.038811596765968375e+02
5.375982764837391414e+02
4.238708764503565476e+02
5.485556093943768019e+02
5.724234324355866192e+02
4.362456879561349865e+02
4.649408688875333837e+02
5.577188082728534937e+02
5.246307142426064729e+02
4.122288831397817148e+02
5.101399311835352250e+02
5.287347830332505509e+02
6.025929591458979075e+02
4.447929793721719420e+02
5.318961885974022152e+02
5.759343406372997833e+02
5.016123127391815615e+02
4.785002596934725716e+02
6.058467866916034836e+02
5.592345492630166746e+02
4.822184513416198115e+02
5.180107592711697180e+02
4.957881909503715292e+02
5.092367163638036800e+02
6.107715872696610404e+02
4.890243773735004993e+02
5.533690322629563525e+02
6.407390561666414897e+02
4.534348445010406863e+02
5.882088404801721708e+02
4.991023694352514894e+02
6.448209928641418855e+02
4.495621380544640147e+02
5.115660167037874544e+02
4.588364072522360857e+02
4.699530707408297872e+02
4.209926797077293372e+02
6.274125646556825586e+02
4.424467725721477791e+02
4.967718395345374915e+02
4.892567643515096734e+02
5.397129160129074990e+02
4.492067950034340811e+02
4.224190726181641367e+02
3.924260903360317911e+02
5.105470182486280351e+02
5.064379287516690056e+02
5.225116687874881336e+02
5.006108355244276140e+02
4.633854745638209920e+02
4.941065617250245054e+02
4.785928866018148256e+02
5.555206610774251885e+02
5.087857749660000763e+02
5.635867843943742628e+02
4.874581219300046087e+02
4.675906747245246038e+02
5.323054273937729022e+02
4.844619898206716471e+02
4.276980891499155177e+02
4.872819873554023502e+02
5.348719304912924599e+02
5.746761926201149890e+02
5.110883323601018446e+02
5.101294799173284105e+02
5.711313690349270473e+02
4.708880492127583466e+02
4.934352215663312791e+02
6.004593638888054556e+02
4.943797291339189428e+02
3.694632239922545978e+02
4.840584889743752228e+02
5.223032582437180054e+02
5.114876322072367429e+02
5.590804443181640409e+02
5.040203049658986174e+02
4.882101007799205945e+02
4.117034508544063556e+02
5.089879352427250296e+02
5.658225356554680729e+02
5.502592682494733936e+02
5.701013045331957301e+02
5.282020758468880786e+02
5.697139929031803831e+02
4.809789516621765415e+02
5.504590718681320141e+02
4.403650237925124316e+02
5.174240538760723211e+02
4.422902085058346984e+02
4.795463084846965103e+02
5.924568703396446381e+02
5.130567566257698218e+02
5.491578892253900221e+02
6.099031075405578122e+02
6.464826417276229904e+02
4.894236772206353407e+02
6.651832358001361172e+02
5.706943626587324161e+02
4.934938306278044706e+02
5.971043025096461179e+02
6.186679287424473159e+02
5.675108250014370697e+02
5.240489270904299701e+02
5.791929839625320255e+02
5.501306766897724856e+02
4.018110199995225003e+02
4.503706766979695999e+02
5.006016138189510798e+02
4.370867074955968974e+02
5.100234303043480395e+02
4.426872541582975487e+02
5.103377879977044245e+02
3.711084787126662832e+02
5.832751255868206499e+02
5.067521839816311626e+02
5.330871206280022534e+02
4.923577165130928393e+02
4.499636920962709041e+02
6.711352319048877462e+02
4.520433916080226027e+02
5.146857196665062020e+02
5.516393477057370092e+02
5.333328278472553166e+02
5.168817151306567439e+02
5.940398273163924614e+02
5.642772852077798689e+02
3.936212233657934121e+02
4.446471739622481891e+02
4.899271823396553032e+02
5.670136726128565670e+02
5.817324367239871208e+02
6.302388124574584936e+02
6.214876188869955058e+02
4.279001469632462999e+02
5.532961807896915616e+02
5.129688430335598923e+02
4.826427522569355801e+02
4.700716208879006217e+02
4.680829088701843261e+02
5.461409570470377730e+02
6.037463895742266686e+02
5.138880421427842293e+02
4.660218576961740951e+02
4.977225973691703871e+02
4.457041863366498546e+02
5.326909971460870565e+02
4.870544161569198423e+02
4.937333900434065868e+02
4.526533561935996772e+02
5.337599977376082734e+02
4.844863761084874341e+02
4.120794915110614625e+02
5.401707224581214177e+02
4.980203559926689536e+02
4.590372355048366444e+02
6.558394964211073557e+02
5.306173429745922476e+02
5.336886832152562192e+02
6.882155723251700010e+02
6.672371145365534630e+02
5.189130519203536096e+02
4.698550132725957837e+02
5.098931993303402237e+02
5.910715652502775583e+02
6.074753398787632932e+02
4.394540217548229180e+02
4.262372685390349147e+02
5.269785604569375437e+02
4.444767773377202502e+02
4.634055573890810820e+02
5.128635106643388326e+02
5.047024037809812285e+02
4.200312656801012849e+02
5.304027846271710587e+02
5.708283847783250167e+02
4.249081133896806932e+02
5.770784468967577823e+02
5.735628253789121800e+02
5.456407307566316831e+02
4.998818084748087927e+02
5.011104470344685637e+02
5.297142306182548737e+02
5.456333533922504557e+02
4.319978630234509183e+02
5.361368410924934551e+02
4.275261555744748421e+02
4.452584705719496583e+02
4.264167844056452168e+02
4.269096333316700225e+02
4.813702593645650722e+02
5.724362403598596529e+02
4.482698697270159869e+02
3.950500753976886017e+02
5.303056493294847087e+02
5.419695698064149383e+02
5.110110749608871856e+02
5.631538765539470432e+02
5.900867895687756572e+02
5.328032970261126593e+02
6.202312127475119041e+02
5.046736115672155165e+02
5.844364456965015506e+02
4.781036238945864625e+02
5.415743684950473380e+02
5.212927642502758090e+02
6.038004902463558210e+02
5.746862340327450056e+02
5.559413757739444009e+02
4.639664420088440124e+02
4.684590519902336041e+02
4.414007237809238404e+02
4.369445907678637582e+02
5.420659878603420339e+02
5.181793115546022364e+02
4.734125423186625881e+02
5.526640841109707480e+02
4.823715316525306207e+02
5.101975156110665921e+02
4.837781491278879571e+02
5.460422847984385726e+02
5.143919571153808192e+02
6.681815196407469557e+02
4.843528663058657457e+02
5.591162040427342390e+02
4.750222422412924743e+02
4.612005451462424048e+02
4.974871364893356827e+02
4.740459710215077962e+02
4.629850476193501549e+02
4.272739931613881481e+02
5.086984761541553439e+02
4.915741789377681243e+02
4.849952093240049180e+02
4.392589314522966788e+02
5.448799400548158474e+02
4.337648442561531397e+02
5.103544895309564140e+02
4.561933639992610097e+02
4.316942639864838611e+02
5.142454344616977551e+02
4.962607521243479596e+02
5.319710893385506552e+02
4.627712065156882204e+02
4.172129075596774896e+02
4.112405212394832574e+02
6.402512279469317491e+02
5.383848879608892730e+02
5.211741116398108034e+02
4.272248107321798329e+02
4.956268111045318392e+02
5.370326785478437159e+02
4.930683001517585353e+02
5.017492038338113503e+02
4.663371375600781334e+02
5.097451397257444228e+02
5.703394294612792237e+02
5.062751144183106931e+02
4.885889079482186617e+02
5.706464097902543244e+02
6.360190799135577890e+02
4.950799639697720522e+02
4.849411086518758225e+02
4.368130277697315478e+02
5.183578027872707708e+02
4.965330998260888578e+02
4.769730428031607516e+02
5.912327401693289630e+02
5.488217068290724683e+02
4.301426608083562542e+02
4.237085744339691473e+02
4.821973438824179539e+02
5.970749979789095505e+02
5.762749289595672053e+02
4.598429051733050414e+02
4.297877276109030618e+02
4.940919094596562218e+02
5.308265732255158582e+02
4.408133011420672460e+02
6.273675832256357126e+02
5.072240279118482817e+02
5.025651198416981629e+02
4.136164424238207857e+02
4.509716245048584824e+02
5.624217756025026347e+02
4.902855992925107671e+02
6.244822140454156170e+02
5.327030878266008358e+02
6.279761133236942214e+02
5.263893959403798135e+02
4.914914909786617159e+02
5.353649843441056646e+02
5.302448885367335834e+02
4.845354560743015213e+02
5.295129925120776306e+02
5.419483598838188527e+02
4.482514263160628616e+02
5.570688829635446382e+02
5.593792275756044319e+02
4.648167857171766286e+02
4.528903540243471184e+02
4.691924849658023504e+02
5.355582303055366538e+02
5.631306173634673087e+02
5.530216813566727296e+02
5.379958344531728471e+02
6.418732234768636999e+02
5.086219359986999393e+02
5.658300154832435283e+02
5.707596318408276375e+02
4.374081351631519397e+02
4.479781564437743100e+02
4.744792887155117000e+02
5.232802467072619947e+02
5.807535014559535966e+02
5.619368163578300255e+02
4.816824653266435803e+02
4.093273247432805420e+02
5.387323413305671238e+02
5.228158826048203309e+02
5.360121431417715030e+02
5.088089316930856398e+02
5.032748837732103766e+02
4.829293423704680777e+02
4.557577921105850578e+02
4.994835332616157757e+02
5.634333966932808835e+02
6.355504123485603714e+02
4.634653960112844970e+02
5.019156043859661054e+02
4.814443403985600867e+02
6.643170102657049938e+02
5.853626123165303170e+02
5.129749908372109530e+02
5.911883735196472571e+02
4.009996123809797837e+02
4.952086579928671313e+02
6.158305124307053120e+02
4.728798351323002294e+02
5.647276118252183323e+02
4.823477601450799739e+02
4.234587686789486725e+02
6.120231776296179760e+02
5.061465228586098419e+02
4.132769811988893593e+02
6.404391458118651599e+02
5.925767525108398104e+02
5.487614583532923689e+02
5.104675066547412712e+02
5.479904213120580607e+02
5.885564987766382501e+02
5.031990608615142833e+02
5.770085668619243506e+02
4.994586346568290764e+02
4.344106710296945835e+02
4.492382512654485254e+02
3.926396240495111556e+02
5.125409558994477948e+02
5.422924319614885462e+02
5.144119374772467381e+02
5.222824581746986041e+02
5.395900624032809674e+02
4.385492699841786362e+02
4.616745408077374009e+02
5.189152036516313728e+02
5.564669105227139880e+02
5.109496993877709770e+02
4.530935389350138962e+02
4.924424537400829536e+02
5.147461730690747572e+02
4.799778843009993352e+02
4.238845040817830068e+02
5.703236500985749444e+02
5.926766543201691775e+02
4.661141772143338358e+02
4.782229937488107794e+02
5.664340371919579411e+02
5.234456226254749254e+02
4.814160605017652870e+02
5.462167799587339232e+02
5.448056540940325476e+02
5.306221587541189137e+02
4.425691138648034553e+02
4.038766820262709984e+02
4.869701912469005833e+02
5.757753174495262556e+02
6.106111295943688901e+02
4.497276164360711164e+02
5.245359356029863420e+02
4.843715146436072132e+02
5.449581196245782166e+02
5.229758279631414553e+02
5.257429543864732295e+02
5.505220868555552443e+02
5.594549480239063541e+02
4.391995026836700049e+02
6.731398257487026058e+02
4.852697087570237500e+02
5.807966385449050222e+02
4.435802226386106781e+02
4.730151892760172245e+02
4.843071676320597021e+02
5.103364559735800299e+02
5.246857370852832219e+02
5.008109465332689183e+02
7.429186267487043551e+02
4.923998289681024403e+02
5.524380498634009200e+02
4.643670738801033053e+02
5.735885436908523616e+02
4.932175893170845598e+02
5.010127994198113015e+02
5.288323281845135853e+02
5.138294330813109809e+02
5.106594205920478089e+02
5.380923549704941706e+02
4.620905421881242319e+02
4.446325216968798486e+02
6.292381549498579716e+02
5.020399949465053737e+02
5.489331870019447024e+02
4.758747376809029674e+02
4.216561301850704240e+02
4.892497968407051872e+02
4.007749101575344071e+02
5.469629183951814184e+02
5.458774211971966679e+02
5.602761921282907451e+02
6.652486074456254528e+02
4.686060869608875805e+02
4.298217454577721242e+02
5.086186571700860668e+02
3.846283186484504313e+02
4.047345055623790699e+02
4.685259605866357333e+02
5.177303169612881675e+02
5.190060886822725479e+02
5.333440988206156135e+02
4.707886597203999486e+02
4.654189630847957346e+02
5.678599177854217714e+02
4.190808152356509595e+02
5.882255420134241604e+02
5.394726393535461284e+02
5.043100714446508732e+02
7.458412926044073856e+02
4.775750152439914586e+02
4.373857981432198585e+02
4.893250049720361972e+02
5.443741807411238369e+02
4.475936113254019233e+02
4.934172904723490660e+02
6.296967811022253727e+02
5.349186537990403849e+02
5.742042462265037557e+02
5.420382202805180896e+02
4.911122739567869075e+02
5.480892984874456033e+02
4.170843159999766385e+02
4.581863794795331160e+02
4.639971810270992023e+02
5.404392790142775311e+02
4.377983157682044180e+02
4.482267326380645613e+02
6.305048074287600457e+02
4.917573834865690401e+02
5.298893405589152508e+02
5.160752257550348077e+02
6.249788541170253211e+02
4.536962286196039145e+02
5.383724898901930374e+02
5.117855957575236516e+02
4.448832496224480337e+02
4.397578257185783173e+02
5.106039878957943188e+02
5.387410507190727458e+02
5.169646080165515514e+02
7.028857687874574367e+02
5.143404180281063418e+02
5.075840842790107104e+02
5.031453700429618721e+02
5.048675747724057601e+02
4.886306105496515784e+02
5.588043054708382442e+02
5.826406722500336173e+02
4.656482761609794352e+02
5.258085309587510210e+02
4.707580231655389298e+02
5.576320217779796167e+02
4.836883911945827776e+02
7.128715437944428004e+02
5.198296894447231580e+02
5.220701540219495200e+02
4.030749059667815573e+02
3.828697394140712618e+02
4.992339324333836998e+02
5.726847140907557332e+02
6.112827771432447435e+02
4.118168778317680108e+02
5.352367001745873267e+02
7.253058865322421980e+02
4.349730926003703075e+02
2.908887603087139837e+02
5.400602669191911218e+02
4.593764918029796718e+02
6.194367115890095192e+02
6.289686762231542616e+02
5.306266671434630098e+02
4.624576685294853178e+02
5.573761706827023090e+02
6.151065060874014989e+02
5.201090046572686560e+02
3.504679451980683780e+02
5.661154784994399733e+02
6.397610430691556758e+02
5.030601204990008455e+02
4.310513061879795487e+02
5.037341247059428611e+02
4.784749512351091312e+02
4.581443694879176860e+02
4.223197855891998529e+02
4.354673760139137357e+02
5.638852602616320837e+02
4.199022642668236927e+02
5.469189615990765105e+02
5.138553563200395047e+02
4.711315022373394186e+02
5.986786525612825471e+02
4.480625862805818542e+02
5.625499573086268583e+02
6.396510998471962921e+02
5.804211102052208844e+02
5.866847999550800523e+02
4.706885529842822393e+02
3.830705676666718205e+02
6.491540673407870372e+02
4.742295854238854531e+02
4.812610333863649430e+02
5.559288752398540510e+02
4.602275527550715992e+02
5.025591769648355012e+02
5.210135515011245388e+02
5.982372402591381615e+02
4.624763168672267852e+02
4.827637615254668049e+02
4.186361241048925876e+02
5.010025530803928859e+02
5.119058877822956219e+02
4.394094501783529267e+02
6.259200828559991123e+02
4.353491332570254144e+02
4.151350523890211548e+02
5.083771509499944727e+02
4.978002646219618441e+02
4.907083632569137421e+02
5.123530380345143840e+02
4.608500178747391374e+02
5.247369687823752429e+02
5.625438095049757976e+02
4.600047973361157005e+02
5.610287857585718712e+02
4.249293233122767788e+02
5.961446303597192582e+02
5.691919419098131812e+02
4.666705534447527270e+02
5.217543618410745694e+02
4.722812439834775660e+02
4.388452867299760669e+02
4.750770601571808811e+02
5.915176908685544959e+02
4.677781827358812166e+02
6.080789517339009080e+02
4.546926851280428536e+02
5.073384795231517614e+02
6.370765021415361389e+02
5.499137616842850775e+02
5.137309657595001227e+02
4.859463770122145547e+02
4.936320537465586540e+02
5.729105434115371054e+02
4.588733965375365074e+02
5.266269060880982806e+02
5.742674661407152144e+02
5.164662260672407683e+02
5.505562071658184777e+02
6.035548854904968721e+02
4.555640338321832132e+02
5.499509558963738982e+02
3.817915171170735675e+02
4.319090272606933922e+02
5.551866304123853979e+02
4.944021686172452519e+02
4.471887784549811045e+02
4.165724088826336242e+02
7.027236716978584354e+02
4.575584837999738284e+02
4.750746010357204909e+02
4.680712280432473449e+02
4.403214768499842648e+02
5.316414645994608463e+02
4.575723163581886865e+02
6.123279037639210856e+02
6.019989788498135113e+02
5.780998020099833639e+02
5.686506277983393147e+02
5.317698512323732984e+02
5.070553731650214786e+02
5.958337564217652016e+02
4.846438623453481682e+02
5.658021454400254697e+02
5.879616987734004852e+02
5.450681653099318282e+02
5.348783856851260907e+02
5.633592131958916980e+02
6.512165530023157771e+02
4.549578603921909234e+02
5.467846320893013399e+02
4.533174214513058473e+02
5.774339948745761149e+02
4.089517964035963473e+02
4.705776875917752022e+02
4.469353864811641870e+02
4.823531907049717233e+02
4.692005795739428891e+02
4.763391017833446313e+02
4.588811837554944759e+02
4.826501296213168075e+02
5.855006305084961014e+02
4.934071465963248784e+02
5.256828083740872444e+02
4.877049562465937242e+02
4.772552269907433811e+02
5.160667212933175279e+02
5.764666379700854577e+02
5.440529580003571937e+02
5.289039500970482095e+02
4.602692553565044591e+02
4.263473142243884695e+02
5.147537553602444405e+02
4.686085460823479707e+02
4.475508840900271821e+02
6.253965973751132879e+02
5.943891250271656190e+02
5.304584222502129478e+02
4.902573193957159674e+02
5.565023628571016161e+02
5.467661886783482714e+02
5.447999161439581712e+02
4.393102656127828141e+02
4.889501938761113138e+02
4.935059213083181930e+02
4.841531651506011826e+02
4.055660984695759907e+02
5.086350513131554862e+02
5.047237161669714851e+02
5.493027724647661216e+02
4.475876684485392616e+02
4.294654802361945372e+02
4.396045404808791659e+02
5.675095954407067893e+02
4.496072219479049181e+02
5.161394703031882045e+02
4.397608996204038476e+02
6.061620665555075220e+02
5.569934699054252860e+02
4.913575713224632864e+02
5.850153638736409221e+02
4.366398646335606486e+02
4.860999696400962762e+02
4.572704591989227652e+02
4.988581991669111062e+02
4.366111748831891646e+02
4.912923021403680650e+02
4.833290520711796603e+02
4.910804078411956652e+02
3.701476794654033711e+02
4.337097189500821628e+02
4.988954958423940980e+02
4.886885023673655155e+02
4.876237027750058814e+02
4.890533745140545534e+02
5.362417636081377168e+02
4.920877254694181033e+02
4.203111956730118663e+02
5.307049491766194933e+02
6.083503772650942665e+02
5.264315083953894145e+02
4.995357895926496212e+02
4.661066973865584373e+02
5.196427962137316854e+02
5.112508393032775871e+02
4.426461663372297721e+02
5.845526391855062229e+02
4.479004891909828530e+02
5.332296472093121338e+02
5.984256704410423708e+02
4.200931535701884059e+02
4.694461843298017811e+02
4.406159566448689588e+02
4.914366730627732522e+02
5.247419894886902512e+02
5.854173277690246096e+02
4.368709195874454849e+02
5.198664738032352943e+02
4.681258410323474095e+02
6.603049536030381432e+02
4.600129944076504103e+02
5.332837478814412862e+02
5.791858115249391403e+02
5.510754916475427763e+02
4.968613925410542720e+02
5.778927234903376302e+02
4.814562261522854101e+02
5.090541265953678476e+02
5.586280684328418147e+02
5.893582748361277481e+02
3.872051705487826894e+02
4.590914386403599678e+02
4.286183128930816224e+02
5.142941045739352148e+02
5.924323815884346232e+02
5.845037641464804210e+02
3.760806173788367914e+02
5.589110723275779264e+02
5.177924097781636874e+02
5.277838202718291996e+02
5.963577542196219383e+02
5.021131538099527347e+02
5.246465960687049801e+02
4.689485196242503662e+02
4.868902697994371351e+02
5.854394598621682917e+02
5.433389930696833972e+02
4.371776949896322435e+02
4.373167378155398524e+02
5.137311706862885785e+02
4.828900988904956080e+02
5.958553761979379715e+02
5.071232039319712612e+02
5.054195450768747264e+02
5.379758540913069282e+02
5.392178128922106453e+02
4.511178397683589765e+02
5.247223165170069024e+02
5.263310942690891352e+02
6.129200397189101750e+02
4.849726673772844379e+02
5.037759297707698920e+02
4.934356314199080202e+02
4.803692944667820370e+02
4.271147650468262782e+02
5.434392022691953343e+02
5.194982203645381560e+02
5.809303532743150527e+02
4.388549182890293423e+02
5.709380206101018302e+02
6.257002988754744592e+02
5.728101292852368260e+02
6.394655386403292141e+02
5.068088462386149331e+02
5.731432377797289064e+02
5.589545168067119221e+02
4.813894200192774520e+02
5.538565530924835230e+02
5.062488837893995992e+02
5.026719891618320162e+02
6.814737883780485390e+02
4.893442680901428048e+02
5.414227226716551513e+02
6.927044936243689790e+02
4.789316305829869975e+02
4.599725213669477739e+02
4.496473875984250412e+02
4.492640720407828780e+02
5.325441671022214223e+02
5.430350866425337699e+02
4.649348235472765509e+02
5.447719436373459985e+02
4.636072053488350662e+02
4.510091261071297595e+02
4.834823373088788685e+02
5.188311836684006266e+02
4.897810695395489802e+02
4.936310291126167726e+02
4.598458766117364007e+02
5.368490641454660590e+02
5.506819297504821407e+02
5.558445478664406210e+02
6.313131411454771751e+02
6.630633706378642955e+02
4.377561008498006458e+02
7.088686063738583698e+02
4.783702336462530980e+02
4.895444815623782233e+02
5.096490290619998973e+02
4.872324975360115218e+02
5.154093161562333307e+02
4.034844521533348143e+02
6.114196682378744754e+02
4.600752921513142724e+02
4.766324544808932728e+02
4.593402197614385614e+02
5.522522837297453862e+02
5.209853740677240239e+02
5.056703754658370258e+02
5.947118847188451127e+02
4.635806673297414591e+02
5.516401674128904915e+02
5.585907717573588798e+02
5.896481437782741750e+02
5.142385694142874399e+02
4.370759488392075696e+02
5.596430708156281071e+02
5.690195984807957075e+02
5.593715428210406344e+02
5.122784446835485141e+02
5.254061572097906492e+02
4.949000382495850658e+02
5.860094637240135853e+02
4.863522345165771981e+02
5.423664105320892759e+02
5.823284662879551661e+02
5.174442391647265822e+02
5.116763697793235792e+02
5.732314587621212922e+02
6.037605295226240969e+02
3.968941091028171968e+02
5.257183631718691004e+02
5.019631474008674559e+02
5.009597233816239736e+02
6.495508056030672606e+02
4.540339479668342619e+02
5.046367247453093228e+02
4.437569719935780199e+02
3.491387900487141565e+02
5.090673443732175656e+02
5.010370832442328606e+02
5.143516890014665250e+02
5.170021096188228285e+02
4.269147565013792018e+02
4.333386989997421210e+02
5.204459042973454643e+02
4.051577818437529572e+02
5.861720731305834988e+02
5.695274070623713669e+02
5.116033133792703893e+02
5.728323638417748498e+02
3.929636133019208160e+02
4.906250605174421935e+02
5.731784851873281923e+02
4.707241077820640385e+02
5.412993567450577075e+02
5.084078899682496626e+02
3.952348168974022542e+02
5.630108376556662506e+02
4.868194675940559932e+02
4.511888469005284605e+02
4.437356596075877633e+02
5.061378134701042200e+02
4.241336950564383983e+02
4.517826222698244578e+02
5.992820594896319335e+02
5.593962364990389915e+02
5.635186462372419101e+02
5.484182059827761577e+02
5.034820647562503382e+02
4.571434045901346508e+02
4.791789772165470822e+02
5.079413741345301219e+02
5.388362392122696747e+02
4.799555472810672541e+02
4.649733497834897094e+02
4.958161634569837588e+02
4.974927719760157743e+02
4.659229805207866093e+02
4.989255176168899766e+02
6.063828751699739996e+02
4.940999016044025893e+02
4.508806370108230794e+02
5.319987544549802578e+02
5.058185375338269978e+02
4.875150915771708924e+02
3.972022165291283500e+02
5.798052027427811481e+02
4.920855737381402264e+02
5.199913766807454749e+02
5.490373922738297097e+02
5.293593998841959092e+02
5.569519722307807115e+02
4.152837267739820390e+02
4.821407840888284113e+02
4.544455434212711680e+02
5.961718856225721765e+02
5.087172269552910393e+02
4.975833496164743792e+02
4.369410045490673156e+02
4.071692407349781320e+02
6.397491573154303524e+02
4.367487832215782078e+02
4.960618706762368788e+02
4.704474566177673864e+02
4.495698228090278121e+02
4.740614429940295622e+02
4.383790782864390962e+02
5.635610660824340812e+02
5.156063532632490478e+02
6.539854213033487440e+02
4.449918608202830228e+02
4.672414794771456741e+02
4.978370489804738668e+02
4.466973640164748645e+02
4.687515849806287633e+02
5.420950874642902590e+02
5.863513840704055156e+02
5.546290246212363400e+02
4.748201844279617490e+02
5.162809722505561467e+02
5.310471769131938800e+02
4.507828869327715893e+02
5.349624056683569506e+02
5.579802948548109498e+02
4.765929036107382899e+02
5.860039307007276648e+02
5.380519843931856485e+02
4.355434038523982281e+02
4.514866055240270271e+02
5.421572827445598932e+02
6.171839514044811494e+02
5.695198247712017974e+02
4.647825629435192241e+02
4.607928433007844546e+02
5.481118404341660835e+02
5.705019364044550230e+02
6.658941268289844402e+02
5.981209443067393750e+02
5.272581830596656118e+02
5.058750973274165403e+02
5.509221039464493970e+02
4.646831734511607692e+02
4.256234103444788843e+02
5.120232083686362330e+02
4.132354835242448416e+02
6.046123077184752219e+02
4.135534274363976692e+02
4.314999933911110475e+02
5.142541438502034907e+02
6.401342147507737081e+02
5.524350784249695607e+02
4.519590642346092295e+02
5.924136307872989846e+02
5.351155884426619878e+02
4.214324525955668150e+02
4.534782889801746819e+02
4.035876327912780539e+02
4.699621899829122071e+02
4.430545854264470336e+02
6.428918120784463781e+02
4.876603846701237330e+02
4.646148303672400743e+02
4.445178651587880267e+02
5.889322320431108437e+02
5.467171087125341273e+02
4.617476996711847050e+02
4.978872560436240065e+02
4.062731983528394721e+02
4.298649850101177208e+02
5.977688800843233139e+02
6.095120047649577373e+02
4.306968853074972685e+02
4.908883914404949564e+02
5.461742576501475241e+02
4.721663825185973451e+02
4.946518719088714988e+02
4.885600132710588355e+02
4.581768503838739548e+02
4.715732219296664880e+02
5.776296999574674373e+02
5.056054136739243745e+02
5.134858733206121997e+02
5.702049974881099388e+02
5.614461191630830399e+02
4.532005107185419774e+02
4.633212300156676520e+02
4.139259843376505046e+02
5.106658757858814397e+02
5.073233149408125087e+02
6.564140086722967453e+02
5.516638364569470241e+02
4.730223617136101097e+02
4.703805480213652572e+02
4.991887460765485685e+02
5.185755374999116611e+02
5.573344680812695060e+02
5.401352701237337897e+02
4.390428361539627531e+02
5.186378352435755232e+02
5.875421111742172116e+02
6.100762706767286545e+02
5.559212929486843677e+02
5.767134722866745733e+02
5.811519815959350126e+02
5.987497621568462591e+02
6.443718958074335887e+02
6.538334680897738735e+02
3.685723047798251173e+02
4.772340170681472955e+02
5.959589666894579523e+02
5.449142652918675367e+02
6.743232779515271886e+02
6.746103803820307121e+02
5.470422250622798401e+02
4.791155523755471677e+02
4.921703109651303976e+02
4.921807622313371553e+02
5.894209824333682946e+02
5.112218421627235330e+02
5.426042280699903131e+02
5.895849238640626027e+02
4.175978625316266175e+02
4.720530580046299178e+02
6.936698012609759871e+02
5.455636782842053663e+02
5.637012360056777425e+02
4.410917966474592049e+02
4.900395846830750770e+02
4.595683032768920384e+02
5.019258507253844641e+02
4.830091613545373548e+02
6.579088471300464107e+02
4.544328379603923622e+02
5.118841655427286241e+02
5.845685210116047301e+02
5.362819292586578968e+02
5.348771561243959241e+02
5.837459448830959445e+02
4.368136425500966311e+02
4.476592903610738290e+02
5.479591699768319586e+02
3.988950142644414427e+02
5.128573628606877719e+02
4.584844454932141957e+02
5.715690926548808193e+02
6.015736533005559750e+02
4.481539836281939415e+02
5.705916943377601456e+02
5.452264712539459879e+02
3.996855193505705870e+02
6.887348568068942996e+02
4.644829599789253507e+02
6.654710554743988951e+02
4.670507951005693599e+02
5.460922869348004269e+02
4.470389769726841678e+02
5.066288180550337188e+02
5.209498192699421679e+02
5.379356884407868620e+02
4.896511459557237345e+02
5.427212412661483540e+02
5.126826627736041928e+02
5.624188041640713891e+02
5.444004113700349308e+02
5.695374484750014972e+02
5.011045041576059020e+02
4.982758996977637480e+02
5.122701451486195765e+02
6.507222695887724058e+02
5.901188606111552417e+02
5.724362403598596529e+02
5.741580352357267429e+02
6.060889076920601610e+02
4.786259822781362914e+02
5.472114945894717266e+02
5.110397647112586696e+02
4.594016977979489411e+02
4.570860250893916259e+02
6.805243625675400381e+02
6.248650172860868679e+02
4.578511192537632155e+02
5.895567464306620877e+02
4.023635026209623788e+02
5.027961747955829424e+02
5.574968725610509637e+02
4.968292190352805164e+02
5.202929264498288831e+02
5.384497472894078101e+02
5.951390546091979559e+02
4.665758772685267672e+02
6.463847891861772723e+02
5.916629839615073934e+02
5.074322335288300678e+02
4.973823164370854784e+02
4.931634886449554074e+02
4.772233608751521388e+02
5.434562111926298940e+02
5.155426210320666769e+02
5.557600155662388488e+02
5.000877598971185307e+02
4.982244630738833848e+02
4.031058499118251461e+02
5.453012695317003136e+02
5.744015907237020429e+02
4.562521779875226002e+02
5.672106072564780561e+02
5.230988864995563290e+02
5.143707471927847337e+02
4.109345655444499812e+02
4.036231875890599099e+02
5.288373488908285935e+02
5.757765470102565359e+02
6.251741493463398456e+02
5.040941810731052897e+02
5.279223507807658962e+02
4.864076672128306882e+02
5.708204950969728770e+02
4.947666309103575486e+02
5.576854052063495146e+02
4.739163548278650637e+02
5.880582192907216950e+02
5.895246753882825033e+02
5.816294610128321665e+02
4.904190066317382843e+02
6.264522777253905588e+02
5.466506099697087393e+02
5.185194900232929740e+02
5.519783990770916944e+02
6.432635492725457880e+02
3.820919397888209232e+02
5.264917568711696276e+02
5.150871712449189772e+02
4.574640125505362107e+02
5.677026364753494363e+02
5.917166747800597477e+02
4.158363118588160887e+02
5.991092037436435476e+02
4.988886307949837828e+02
6.642242808939685119e+02
5.526165410960693407e+02
4.764655416117676623e+02
4.206261681467333347e+02
5.665086305429238109e+02
5.464150466264798069e+02
5.288342749890031200e+02
4.107461353625457150e+02
5.245815318133982146e+02
4.630731661383483129e+02
6.020742894445387492e+02
6.096748190983159930e+02
5.318997748161986010e+02
4.439614889283691923e+02
6.412187897782108621e+02
4.199762428374245360e+02
5.745788523956402969e+02
5.006845067048458873e+02
6.187282796816216432e+02
4.974896980741902439e+02
4.972936856011163513e+02
4.216547981609460294e+02
4.935497756410289298e+02
5.734058514590224149e+02
5.620332344117571211e+02
6.922604172739756905e+02
5.161134446010654528e+02
3.843461344608678587e+02
4.551298964310257702e+02
4.249122119254480481e+02
4.628951872226508044e+02
6.510874491256439569e+02
6.375384071225174694e+02
3.567748745002731994e+02
4.582077943289175437e+02
4.848264521137839438e+02
5.005478205370044975e+02
5.355087404861458253e+02
5.323795084277678598e+02
5.492216214565725068e+02
5.505469854603419435e+02
7.273189848377743374e+02
4.889281642463617459e+02
5.721927873352785809e+02
4.914224306509817097e+02
5.789185869929074215e+02
5.531959715901796244e+02
5.383685962812140815e+02
5.331810795604689019e+02
5.143198228858753964e+02
4.686460476846193046e+02
5.931723722212311714e+02
5.063148702152540750e+02
4.223557502405584501e+02
5.457380709811064889e+02
4.528451676675120439e+02
5.830172252236596933e+02
5.177697653680489793e+02
5.798794887035644479e+02
5.120867356730302618e+02
4.924739100020973979e+02
4.451171735513699446e+02
6.200353027378321258e+02
5.133909922175978409e+02
4.783972839823176741e+02
4.742742594637496154e+02
6.975409707566399220e+02
5.579284483773537886e+02
4.978334627616774242e+02
5.444714185022044148e+02
4.341491844477371842e+02
5.113984890542967037e+02
4.837059124349882495e+02
5.986405361786461299e+02
5.752438398238940636e+02
6.401729459137752656e+02
4.034149819720781238e+02
4.385916898293708073e+02
5.437305056988602701e+02
6.685247720112631669e+02
5.017638560991796339e+02
6.086707802987074274e+02
5.485506911514559079e+02
5.471075967077691757e+02
5.388448461373810687e+02
4.640581467466386698e+02
5.805394554255033199e+02
5.531993528821876680e+02
4.994083251302847657e+02
3.984118993608640835e+02
4.886245652093946887e+02
5.390610438991092224e+02
5.191190033426632908e+02
6.258730521580686172e+02
4.998475857011513881e+02
5.705957928735274436e+02
4.955652306046272884e+02
5.410743471314297039e+02
6.024656996103215079e+02
5.562994853366174084e+02
5.425276879145349085e+02
5.968134089335578665e+02
4.741219988599922885e+02
5.021196090037863087e+02
5.143593737560303225e+02
5.139559753731281262e+02
4.783073211222241525e+02
5.541396594506138626e+02
6.551891612582218158e+02
5.313927859417764239e+02
4.253755513939478874e+02
4.451633845421469573e+02
5.479332467381034348e+02
5.115677585814885902e+02
5.762014627059373879e+02
5.888924762461674618e+02
4.430018167784422758e+02
5.136264530974325453e+02
4.956634929996496908e+02
5.299939556843770561e+02
5.109898650382911001e+02
5.716888723626818773e+02
5.748695410449400924e+02
4.695070475859470776e+02
5.977464406009969480e+02
4.897542241302728030e+02
5.600755688024785286e+02
4.477801971662108826e+02
5.400758413551070589e+02
5.334703337222501887e+02
5.252039969330656959e+02
4.149766439816127672e+02
5.175237507586133461e+02
5.368397399765952969e+02
4.818441525626658404e+02
5.341455674899224277e+02
5.866732215915372990e+02
5.182654832691109732e+02
5.094472786388516852e+02
5.013572813510577362e+02
5.703098175403600862e+02
6.485723826520046487e+02
4.722605463778523927e+02
5.876496977381103761e+02
4.706332227514228634e+02
5.738072005740409622e+02
5.536864638581381541e+02
6.066357548268199480e+02
4.923755451436808244e+02
5.212602833543195402e+02
6.513171720554043986e+02
4.021895197776380542e+02
4.678951959320393144e+02
4.861533530684661173e+02
5.352280932494759327e+02
5.876609687114705594e+02
4.814311226207103118e+02
4.727517558895702905e+02
4.953804891049135790e+02
4.996348716948255060e+02
5.724323467508806971e+02
6.055655246745685645e+02
4.873382397588093795e+02
4.908621608115838626e+02
5.909548594443020875e+02
4.861824526724143993e+02
5.533772293344910622e+02
5.958784304616293639e+02
4.607968393731576384e+02
5.527293532930658557e+02
4.678755229603559656e+02
5.894100188501906814e+02
4.032597499298894377e+02
4.390914038028059281e+02
4.698363649348542594e+02
4.905759805516280494e+02
4.033433600595434996e+02
4.442584278447142765e+02
5.292682074633721641e+02
5.134787008830193145e+02
5.022334458347247050e+02
4.246902762136456317e+02
5.656633075409062030e+02
4.446493256935260661e+02
6.990320180688047458e+02
5.120390901947347402e+02
4.638541421288184097e+02
4.755308705300216161e+02
4.921203088287686001e+02
5.758919207921076122e+02
5.924222377124104923e+02
5.615240938060570670e+02
6.458811816037631388e+02
5.590160973066165297e+02
5.375691768797909162e+02
5.114850706223821248e+02
5.954349688916012155e+02
5.763317961433393748e+02
5.179681344991892047e+02
5.324355559043864332e+02
3.413167345367112375e+02
4.595695328376222619e+02
4.966716303350256112e+02
4.604651653661841806e+02
4.800976640088003933e+02
5.633676151942147499e+02
4.001729377167037001e+02
4.791086873281368526e+02
4.904929852023390708e+02
6.585634857554877044e+02
5.179433383577966197e+02
5.183657949320170246e+02
5.010376980245980008e+02
4.975157237763129956e+02
6.083268106844319618e+02
5.435552932948057787e+02
4.982037654682582115e+02
5.563160844064751700e+02
5.035326816729772190e+02
5.251760244264535231e+02
3.912679465915705350e+02
6.304780644828780396e+02
3.704738204490909084e+02
4.859962766851821243e+02
5.337110202351883572e+02
5.161518683738844402e+02
4.346877320475680335e+02
4.859706608366361706e+02
3.871893911860783533e+02
4.141679004113187830e+02
5.337043601145663843e+02
5.457624572689222759e+02
5.279078009787917836e+02
6.210448745607266119e+02
4.432651477014950387e+02
6.813894610046351090e+02
4.351244310335800378e+02
4.347123232621721627e+02
4.546541588918296952e+02
5.773387039179850717e+02
6.110705754538897736e+02
6.159946587881879623e+02
4.516557725878246856e+02
5.727988583118766428e+02
4.921669296731222971e+02
5.753281671973074936e+02
5.568820921959472798e+02
4.468817981260060037e+02
5.371726435442989214e+02
4.344761451385781470e+02
4.240982427220507134e+02
5.752665866974029996e+02
4.879926734574622742e+02
5.130811429135854951e+02
4.630528783862998807e+02
4.613782166717574000e+02
4.953297697247925271e+02
5.738028971114852084e+02
6.253383981672167238e+02
5.267200453134114468e+02
5.209223590803009074e+02
4.479290764779601659e+02
5.351395648769009767e+02
5.411833681828413773e+02
5.859231895461107342e+02
4.763854152375157582e+02
5.504048687326087475e+02
4.514716458684761164e+02
5.230817751127276551e+02
5.823645334027079343e+02
4.525030423943318283e+02
4.586912166226774161e+02
7.004637390757371804e+02
4.553645376037070491e+02
5.089125221846056206e+02
4.976271014857909449e+02
5.596635634944648245e+02
4.418858879523848486e+02
5.185991040805739658e+02
6.403110665691351642e+02
5.601157344529987085e+02
5.501946138477433124e+02
5.570611982089808407e+02
5.911640896952256981e+02
5.506964795524562533e+02
3.566539676951361457e+02
5.377459262347581443e+02
5.996741868991738329e+02
5.370655692973767827e+02
5.546156019165982798e+02
5.889820292526842422e+02
4.767704726728590572e+02
4.572312157189502955e+02
5.272092055572455820e+02
4.729551457270254105e+02
5.618398859869320177e+02
4.559544193640240337e+02
5.228816641038863509e+02
4.951574262957751102e+02
4.219104443294349949e+02
4.467248242061161818e+02
5.411785524033148249e+02
5.201634127195803785e+02
5.011643427798093171e+02
5.799122769897034004e+02
5.839028163395915954e+02
3.741018443103562845e+02
3.942381554621749729e+02
4.784058909074291250e+02
5.947282788619145322e+02
5.005014046194391426e+02
5.328375197997701207e+02
6.102300682313988318e+02
4.932597017720941608e+02
5.401336307094268250e+02
5.931082301364720024e+02
7.348686926480362445e+02
6.273652265675694935e+02
4.570659422641315928e+02
5.119350898496380182e+02
6.275896214008323568e+02
5.125074503695495878e+02
5.388367515292405869e+02
4.441867034687854812e+02
5.176992705528505212e+02
5.685489841113088687e+02
5.317482314562005286e+02
6.020649652756679870e+02
7.480703837448792228e+02
4.556701859085577553e+02
4.969694914219183488e+02
5.697065130754049278e+02
4.618588724538743122e+02
4.106885509350143479e+02
5.307122240776066064e+02
5.114452123620445718e+02
5.634323720593390590e+02
4.973049565744765914e+02
4.268370892485877448e+02
5.080468089671454095e+02
4.683575107665973292e+02
4.828923530851676560e+02
4.732962463662638015e+02
5.541201914057188560e+02
4.335759017572779612e+02
4.601066459499345456e+02
5.537007062699298103e+02
4.721863628804632071e+02
3.936960216435476809e+02
4.906451433427022266e+02
5.453768875166080079e+02
5.927856753715809646e+02
5.617241023515041434e+02
5.080645351343392235e+02
4.747078845479360893e+02
6.192190793397627431e+02
4.635090454172068348e+02
4.456685290754738276e+02
4.800014508816616399e+02
4.204656080080470701e+02
4.473118369913960350e+02
6.263730735216863650e+02
4.542002460555947891e+02
4.603744852623314046e+02
4.700924209569199661e+02
4.685900002080006743e+02
5.976323988432702663e+02
5.798749803142203518e+02
4.612157097285816576e+02
4.369474597429008895e+02
5.020980916910077099e+02
5.103364559735800299e+02
4.985645390791798945e+02
4.243497903547723240e+02
5.472231754164087079e+02
5.071040432772588815e+02
4.268233591537671145e+02
5.621235046620331559e+02
4.952524098621836401e+02
5.519933587326426050e+02
4.427711716781341806e+02
6.469417801969613038e+02
4.894663019926158540e+02
4.758575238306800657e+02
5.470823907127999064e+02
5.044204245201869981e+02
5.052272212859914475e+02
5.406265820988458017e+02
5.644455301010299308e+02
4.095943443485239186e+02
6.072166198084487405e+02
6.527744064474885590e+02
4.927339620965362883e+02
5.326729635887106724e+02
5.545549435872413824e+02
5.241026179089824382e+02
4.899371212888911487e+02
6.307770526671067728e+02
4.349916384747176039e+02
6.641425151054097569e+02
5.229717294273740436e+02
5.929596582149052892e+02
6.230484437705996470e+02
5.563022518482603118e+02
5.405124378777248921e+02
4.423816058534467857e+02
4.226946991485189642e+02
4.540471657446839799e+02
5.782034949648975726e+02
4.956118514489809854e+02
6.682583671863849304e+02
5.511480357306249971e+02
4.609858843354270448e+02
4.864087943101667406e+02
4.963261237698372952e+02
5.367853319142836881e+02
5.856368043593665789e+02
4.142214887664770231e+02
4.650616732292762663e+02
4.497674746964086694e+02
4.554099288873305227e+02
5.187268759331212777e+02
4.904549712830968247e+02
5.375303432533951309e+02
5.570824081315769263e+02
5.933426663823648823e+02
3.871456393167617875e+02
4.602576769929617058e+02
4.722977405899412133e+02
4.382003821269822765e+02
6.134754937787813560e+02
4.578624926905176267e+02
6.447519325364618226e+02
5.704294947847669164e+02
4.682079142110887346e+02
6.911987940468358147e+02
4.151424297534023822e+02
4.734799632320356295e+02
4.959094051456911529e+02
5.682458973913127238e+02
5.165693042417898369e+02
5.772943372683033658e+02
5.563448766202408251e+02
4.689960626391517167e+02
6.324255862161323876e+02
4.713679877511160043e+02
5.368240630772851318e+02
5.257208222933295474e+02
3.958319735587063519e+02
4.942166074103780602e+02
4.381144153392619387e+02
6.158318444548297066e+02
5.053679035262059642e+02
4.829829307256263178e+02
4.507574760110139778e+02
5.119176710726267743e+02
5.988115475835392090e+02
4.567099844327365190e+02
4.289722214565929903e+02
5.935970829901236812e+02
