1.720458753206976041e+02
4.260245545327090326e+02
1.115052764037151974e+03
7.150340337286951353e+02
1.823816652822154310e+03
6.660066316357983851e+02
9.532345797971081538e+02
7.454697603370963179e+02
8.928099694423419805e+02
1.004868035857679615e+03
2.573357898590544437e+02
9.613859526580182546e+02
9.897402378769667166e+02
9.421510119848358045e+02
5.225591093389953130e+02
1.031385254882303798e+03
7.560594545894019802e+02
2.679571453001629493e+02
5.847282614431375123e+02
1.432741542338437966e+03
4.727876180775346597e+02
1.233205353138551175e+02
3.132359241168398398e+02
6.293970756742372714e+02
3.027054537063725093e+03
2.551390771511446758e+02
5.650686100010625523e+02
2.169394942386370531e+02
5.512612577811981964e+02
3.112064316682382810e+02
6.545817582574993594e+02
5.203801227982794444e+02
2.434232077333631992e+02
3.744635400918256209e+02
2.848069430835313142e+03
1.327916366918545634e+02
1.518111993104623480e+03
1.368458058095309980e+03
6.410012599923583139e+02
3.860526622910015817e+02
2.235933645935487277e+02
4.039975888314080521e+02
4.291284781327235009e+02
2.253924168686305620e+03
1.121419839351742894e+03
3.801557914923209296e+02
1.268487598291853146e+03
8.107319749214694866e+02
1.560933494801980714e+02
1.605597288326765693e+03
7.720974349006510238e+02
8.392916992457567176e+02
2.092911141797759171e+02
3.680704390751121196e+02
3.213142405776968076e+02
6.703912451997180142e+02
4.713097885432194971e+02
9.521542057688325258e+02
1.094809071248228520e+03
2.098046607114258961e+02
4.294654802361945372e+02
1.019243445134899730e+03
1.658741976988156239e+03
5.091762629612351247e+02
4.494515800521395477e+02
1.007487614993386501e+03
4.844094260994552883e+02
9.304445691993192895e+02
2.123282316467824558e+02
8.066002410143958059e+02
2.729281568689973483e+02
9.001400981988676904e+02
1.488145548841584741e+03
2.569902832938661504e+03
3.300344902031162633e+02
6.013350160555015691e+02
4.673981460068529827e+02
2.953228636920245549e+02
6.520535764694044474e+02
1.256238099517161800e+03
4.254145899471319581e+02
9.066155797845051438e+02
7.343060661505721782e+02
1.146025398831077155e+03
4.861929039386211571e+02
8.365634064488206150e+02
3.508519779994698524e+02
5.477366194846644021e+02
1.503257874849775817e+03
2.140095534819469094e+02
3.144664070175949178e+02
4.679978642530116417e+02
4.678297218231557508e+02
3.413471661647838573e+02
3.443169651818115540e+02
2.199792757538923524e+02
2.222769149050733120e+02
3.824243310395536355e+02
2.591552323495788528e+02
8.194157475785594897e+02
1.949067905872617757e+03
3.136272318192283137e+02
4.411712057779517977e+02
9.461968815675833184e+02
2.768520950126659841e+02
1.814079556472853483e+03
5.651825492953951198e+02
7.324243259163839639e+02
2.363381714157254407e+02
8.854566839587306504e+02
9.589789850652430232e+02
1.742946394328528186e+03
4.022784580037896944e+02
4.093971023147198025e+02
3.930372844823390324e+02
1.962722177781571190e+03
9.342533384879251344e+02
1.283898092777119700e+03
1.000855261951253397e+03
1.424319051336517077e+03
2.794573292731871561e+02
2.759812586254965936e+03
1.036841430622599319e+03
7.855763919421557375e+02
7.100150692913825878e+02
2.917535513556265414e+02
4.793942528077275256e+02
2.073504574939318559e+02
5.432874539824089197e+02
1.615041339368700619e+02
2.586045940692343379e+02
6.990316082152280615e+02
3.250101976693061374e+02
3.161373800499467848e+02
4.907341840322480948e+02
1.236602014655749144e+03
2.138252218358099981e+02
3.648317761117457394e+03
1.020931324627291929e+03
2.134654728588301396e+02
2.241902138646702554e+02
3.382674239257968338e+02
2.376364850834303013e+02
5.030968023941186971e+02
3.050202042443821483e+03
8.664531056296154929e+02
1.872312577289419096e+03
3.783142169086527815e+02
4.906358191738315213e+02
1.203106731097015199e+03
6.643048171217971003e+02
8.509429142618081414e+02
9.332984821175249408e+02
4.763842881401797626e+02
4.109691981716841838e+02
1.372614997997352930e+03
7.763973112375805385e+02
7.053653829267091169e+02
1.022856919194190937e+03
3.746136489643051277e+02
2.890817158888858103e+02
2.326429315678753937e+02
9.488193296783274491e+02
2.747478042863101564e+02
9.206353386205128118e+02
8.472522852666963900e+02
2.031376750420586632e+03
4.426922748646125569e+02
8.355985086657902912e+02
1.072339873537629728e+03
1.083918237080416247e+03
3.163054200164085046e+02
2.292635863642944685e+02
7.755761695965903755e+02
2.180384141412599092e+03
1.689584483271467661e+03
2.732085991788788419e+02
3.784550016122615034e+03
1.667467759636861615e+02
4.988210049548223424e+02
6.361420359865785485e+02
1.866054113172663165e+02
1.760794492961430819e+02
8.555148309102960411e+02
1.154223494999735067e+03
5.393881070533443562e+02
5.805337174754290572e+02
4.032995057268328196e+02
4.965389402395573484e+02
2.383205307030023505e+03
4.465900848427642700e+02
5.510476216043247177e+02
2.067424397128442877e+02
4.013999368620565065e+02
2.271965923134215757e+02
3.693736709857378173e+02
3.889581142964817104e+02
1.614327169511238253e+03
5.042694959405540089e+02
8.281110985991922462e+02
1.413536828366539737e+02
4.325385623545595877e+02
8.247903624570844840e+02
8.922315635821735214e+02
7.380730303743509921e+02
2.731090047597320449e+02
1.958532449593389401e+03
6.206682191237064217e+02
1.039372276458942906e+03
4.220436467418741131e+02
1.286403322764917220e+03
2.312122351948848689e+02
8.204044168690404604e+02
6.022663058452394580e+02
2.448221404541567154e+03
8.696139988767962450e+02
1.589698043451241745e+02
5.415614581073801901e+02
1.185505569244095796e+03
8.627085808891630450e+02
4.414591279156086898e+02
1.785350870011556879e+02
1.457125780886334951e+03
1.337740557152902966e+03
4.266224284377723848e+02
1.207021857388783928e+03
1.174312468063440775e+02
3.669786916100821372e+02
7.974894009303470739e+02
1.975681747877957548e+02
2.457395976856797972e+02
4.566256570593231459e+02
7.438675402422419438e+02
2.168662329117955323e+03
1.087089479130409472e+03
6.395422837225729609e+02
7.853296600889607362e+02
1.058607729449096269e+03
3.657537417326129798e+02
1.382342872641177337e+03
2.788109901826748001e+02
6.822065041098579741e+02
1.643146023759416721e+03
7.923664361479378613e+02
4.330573345193129740e+02
4.882649186958090581e+02
4.311770287726432684e+02
7.513196004378465886e+02
1.172186352634123750e+03
2.592800327636949191e+02
2.093666297012894972e+02
9.532889878594197626e+02
3.388295381062899878e+02
1.021064936893307845e+03
8.171700573682297772e+02
4.284487359757071658e+02
2.806509253520360289e+03
1.487158826355593249e+02
4.385616680548748718e+02
3.430307421946204158e+02
9.484471826306513549e+02
6.615313379680259231e+02
2.394167865573764630e+03
2.121518921453918665e+03
1.393369983123254315e+03
2.835413152385711442e+02
1.004455415769300771e+03
1.397995180736717884e+03
1.601085825080846234e+03
7.077373080386734046e+02
1.520217615855103759e+03
3.296206405540072865e+03
4.161775149614486509e+02
1.141424792432217600e+03
1.647053977613592792e+02
1.986867676621019427e+02
1.693902290702379332e+03
8.926225638943794820e+02
1.776583077371236072e+02
7.693710889082043423e+02
4.339879070652916084e+02
3.030255493498031569e+02
1.334790636034347017e+03
1.134068945363751709e+03
3.729837637530209804e+02
8.104141334727108870e+02
1.042514828758564818e+03
9.037897418363058932e+02
3.119476518617649958e+02
1.547082493176194021e+03
4.725375049323316148e+02
9.997027536934723457e+02
1.392223417742335869e+03
4.497589702346913896e+02
1.488218297851455418e+03
9.605071241261025534e+02
1.273274688068127460e+02
3.446212814625379224e+02
4.310592983327259162e+02
2.102591883280259140e+02
4.757377441228790076e+02
8.671708617058741311e+02
5.408909376558403892e+02
3.122698992364735204e+03
2.793279180063328795e+02
2.376403786924092856e+03
3.777463647780853080e+02
7.478479357161058942e+02
6.567281614388647313e+02
3.609112192600852040e+02
3.004868138321073729e+02
2.312067021715989199e+02
2.365990432173177851e+02
3.743563633815092544e+02
9.371579707862517807e+02
3.384817773464296806e+02
7.039550767691611100e+02
7.238077692458786032e+02
4.184181844654633551e+02
9.479199060041806888e+02
1.074269259250113464e+03
2.016154788580618629e+02
6.611050902482206766e+02
1.768618597741317444e+03
2.065165079286686876e+02
7.045808207174425206e+02
7.319796347856255352e+02
8.705133200875487773e+02
2.367989492993706904e+02
9.768569005458532502e+02
5.593333239750099892e+02
1.515391589989039403e+03
1.581592164337349118e+02
8.300296231918924832e+02
1.687022898416868770e+02
2.515525509645237889e+02
5.696498508184212142e+02
5.193159379862848937e+02
5.427973715680270743e+02
6.488639934718522682e+02
2.035209905997008264e+03
1.319216200118386269e+03
1.810539446203797752e+03
6.303871794522368646e+02
5.882608918844175605e+02
1.055342221076453825e+03
1.360940318864033429e+02
3.135335802769442353e+02
4.721990683413420697e+02
7.559438758807625618e+02
4.985819578561911953e+02
3.210696604557797400e+02
2.901273548265330646e+02
8.701270330914753686e+02
1.661214418689814920e+02
2.320883996785518320e+03
2.179264216514168595e+02
4.076087062326330965e+02
9.767786185126966529e+02
4.201007358613580323e+02
1.289685225280629311e+03
3.157709709523450101e+02
6.334196860665050508e+02
6.765691730886452433e+02
6.768916253901421669e+02
6.042348325743015494e+02
8.386406468391119233e+02
3.402103348063129147e+02
2.376581048596030996e+03
1.062198046781302082e+03
9.583399208757177803e+02
8.381676758115587518e+02
3.792790122282888774e+02
7.419071081213203342e+02
4.548896197716643997e+02
2.544049269318166466e+02
1.585787015695240370e+03
1.610668201704929288e+03
1.969714279800684153e+03
1.378120356166856709e+03
8.183232828697701962e+02
2.683814462154786611e+02
9.961327241133151347e+02
8.777850447093896946e+02
9.120034124408798561e+02
8.495373214203926864e+02
3.082608140122380291e+02
2.482854031775742953e+02
8.554706691874027911e+02
6.739530777083406292e+02
4.427774219451794124e+02
3.595474314834968027e+03
1.813116400567524352e+03
3.728138794454639992e+03
3.078741171625877996e+03
1.202106688369779704e+03
9.691580060336593760e+02
2.652568250098390308e+03
4.655136392610216944e+02
4.752870076518638029e+02
1.861067219777730202e+02
3.414134599808209032e+02
9.057779415370513334e+02
6.244942022625351683e+02
3.333026626240076098e+02
1.083376205725183127e+03
1.435031599198449328e+02
4.293336098478797567e+02
5.162014606566694965e+02
2.414924899967549834e+02
1.710925559012101189e+02
2.177337904703510503e+03
2.256175289456527025e+03
1.135565935552779365e+03
2.234085206304408757e+02
1.618487183315106904e+03
1.096892152051988205e+03
4.729480757528267532e+02
2.166211404729075184e+03
2.650242331050415032e+02
9.298947506261281433e+02
2.046564899340473858e+03
2.317899238112939884e+02
4.422582399268493418e+02
7.132473795243096220e+02
4.925378471600682246e+02
7.693265173317344079e+02
4.626403607613153213e+02
4.335750820501244789e+02
2.908557670957868027e+02
9.976963155085621793e+02
3.081157258460735306e+02
7.546927978377764248e+02
4.568986195414291842e+02
5.478166433955220782e+02
1.634235807001180319e+03
1.301315845154449789e+03
3.103043439458427883e+02
2.994348221640207157e+03
4.333702577251507364e+02
2.893178940124798260e+02
1.342257143568531603e+02
6.879513192315696415e+02
1.442721476931955067e+03
2.930272738087272728e+02
6.956712187395711453e+02
7.070804152185600060e+02
2.741212406308753202e+02
5.544118022255663618e+02
4.151502169713603507e+02
2.491077743792946819e+02
1.563421306012767218e+03
3.736966015863587813e+02
5.648095825405655432e+02
1.494925551634736848e+03
3.305844112397015238e+02
5.987437168165894263e+02
3.808321523573292211e+02
1.278911199382186624e+03
2.961833512763813587e+02
6.888002284523836352e+02
9.240513657192116170e+02
2.395827772559544826e+02
1.255104854377487300e+03
1.591142777309235328e+02
1.530412723576406961e+03
8.131444755375306386e+02
5.104342060516315200e+02
1.053996876710818469e+03
3.991338564362841907e+02
4.443542311182762887e+02
4.901199159841153232e+02
2.938933968797642251e+02
3.443407366892622576e+02
4.406878859475860963e+02
3.347588723821499457e+02
1.402864241228339324e+03
1.915959933943898932e+03
2.044999258677343050e+02
2.088218318344134161e+02
5.861650031563848415e+02
2.201859444199613733e+02
4.326480957229422870e+02
1.620079464460725376e+03
5.405268852163048905e+02
5.005759979704050693e+02
2.187622155577753631e+02
1.559208011243923124e+02
7.286269300645324165e+02
6.931767474081627824e+02
4.999837595520218656e+02
3.787837041808036247e+03
3.372312116204145127e+02
6.007990300405252810e+02
1.025719029183931298e+03
1.619855069627462626e+03
5.002901251006318830e+02
1.053785802118799495e+02
3.062565275586057396e+02
6.356838196877879454e+02
5.569706205685222358e+02
3.602674417544274093e+02
2.847194393448982623e+02
2.335565976538136965e+02
8.226592263214524792e+02
4.524401298703028829e+02
5.074235241403244459e+02
2.593372073376495450e+02
1.400101828121139988e+03
2.268002639047180651e+02
7.011219639199748599e+02
1.684354751632318710e+02
2.464212866471856387e+02
3.715812448134310557e+02
3.875964782511711746e+03
3.548940564366325816e+02
4.139721953284274605e+02
8.387115515078871795e+02
4.747040934023513046e+02
2.678265044725783923e+02
7.998145002711693223e+02
4.264216001851718261e+02
4.151183508557691653e+02
3.567614517956351392e+02
1.185050631773919037e+02
3.844039238151875907e+03
1.068229042162969563e+03
3.840110791618863004e+02
2.453535156163946795e+03
4.354124556346311010e+02
1.678223342124351120e+03
3.027363976514160413e+02
4.939350380031605710e+02
7.186805010009136367e+02
4.472526131495577033e+02
1.033724494171523475e+03
1.418375149839906157e+02
2.469575800523444400e+02
5.614214254850847965e+02
4.517563916409133640e+02
1.949029994416769682e+02
4.330684005658848150e+02
1.522364223963257359e+02
1.679774637912296157e+03
7.754245237731980751e+02
3.453934456011081693e+02
1.458320504062519831e+03
9.889164321877276507e+02
2.087846376223246523e+02
3.027598617686841749e+02
6.855180185464890883e+02
4.965597403085766928e+02
9.919039573719492182e+02
8.708885410370504587e+02
2.364793659729109265e+02
3.415603924880807085e+02
3.656260723434597821e+02
5.002319258927353758e+02
2.616544169971196425e+03
8.786828289692294902e+02
6.118825978527976304e+02
4.471319112712090487e+02
6.740014404303954052e+02
7.107177632486962011e+02
1.994382341950470618e+03
7.349192071013690111e+02
7.302788449055661886e+02
8.232204183313979229e+02
7.068957761822405246e+02
2.779803194460255327e+02
2.377209149202378740e+02
5.002047730932766285e+02
4.651000970020952536e+02
2.448917130988075996e+02
3.003866046325954926e+02
3.620693630045464033e+02
1.196480423395138928e+02
8.108429427773706948e+02
5.001077402589844496e+02
1.901022820339762518e+02
3.387771793118619712e+02
2.008209776995595064e+02
1.645441203789137262e+03
2.427457197710189121e+02
8.892502886649972424e+02
1.800110721943755152e+03
4.616810984649651459e+02
1.741830567965864986e+02
3.955826801206567893e+02
1.548036427376046731e+03
4.538086309630237452e+02
3.305322573720619062e+02
1.322723522101302933e+02
6.384985915894152413e+02
3.128087542264869398e+02
3.403837028692721560e+02
3.653207314287915892e+02
2.303936551387492671e+02
1.683940799519815528e+03
1.791228170301948239e+02
4.933301965872927326e+02
1.031885276245921659e+03
4.364693655456385954e+02
7.754077197765519713e+02
3.259813457193816362e+02
5.963138998869111447e+02
3.060620520364445838e+02
3.055362098974925402e+02
9.391540601683493605e+02
2.918377762656457890e+03
2.178363563279291611e+03
6.547335065442857740e+02
1.109725692173528387e+03
8.872236651914328149e+02
4.295067729840506559e+02
3.646879175063114644e+02
4.685147920766696643e+02
4.589403051339386366e+02
1.137735085607653446e+03
2.525310763789805435e+02
7.592410454422079056e+02
3.985887511792255964e+02
5.299409821095839561e+02
6.751322264486095719e+02
2.445115739063851379e+02
1.895690625306429524e+02
4.155265650181980277e+02
5.437679048377374329e+02
1.125842159444722256e+03
1.589066868943068584e+03
4.098208909130646020e+02
1.134188827534946995e+02
4.507077812648347503e+02
3.737230371420582173e+02
4.195423103630554920e+02
1.453564153304500906e+03
8.357885782620015789e+02
2.328360750659121550e+03
2.412035432251562383e+02
4.984260085702431979e+02
4.776960245125227402e+02
5.165821121660628705e+02
1.453096920227021940e+02
5.433895075230160501e+02
2.824264110464555984e+02
1.851147738586781770e+03
3.714809331505250043e+02
2.600862147491342853e+02
1.310469924790844061e+03
1.247408828840330671e+03
2.846139020488887468e+02
3.245435793721924256e+02
9.418954682797410669e+02
2.861157080174429552e+02
8.763661316267304073e+02
1.352060841124052104e+03
7.194415990929120426e+02
3.073499144379426866e+02
8.560192581998636570e+02
1.704876120219480811e+02
1.606602454223710083e+03
1.544496317106991228e+02
5.668221685291266567e+02
1.031186475897587115e+03
1.047389012419895380e+03
8.623523156675853443e+02
7.152164185703426256e+02
5.691304638733028014e+02
1.903807775393682277e+03
2.046439893999569449e+03
6.349090939643630236e+02
1.378080395443124871e+03
3.449419918863336534e+02
1.337308161629446658e+03
1.477307995638747968e+02
1.800027726594466230e+03
5.374811608241868726e+02
9.220714655533951145e+02
7.225074063102900936e+02
5.317234353148080572e+02
1.878544400923686908e+03
9.946130895141728843e+02
5.640381356457545508e+02
2.556503694881226068e+02
6.535787440918326183e+02
2.610671992850514016e+02
2.843235207897714645e+02
6.469447516353926630e+02
3.551320789013219041e+02
1.689919538570449049e+02
2.964459649556748673e+02
5.310737149322875439e+02
9.823760912735718875e+02
4.581957036484038213e+02
1.846027642779409689e+03
5.576995451547468292e+02
9.162747014908321717e+02
2.191197103400831566e+03
4.131739030243402908e+02
5.213292412186053753e+02
3.355155645481984266e+02
1.057626130132814069e+03
2.950977516150023803e+02
3.038284525066285937e+02
7.029780883056171206e+02
5.629555074228069316e+02
3.601938730374033639e+02
1.338680146477569679e+03
7.419434826262556726e+02
1.454559072862027051e+03
1.890234449566134174e+02
3.864485808461283796e+02
1.434211892044977731e+03
4.918637404897319811e+02
5.883902006878777229e+02
3.182050913445789774e+03
9.632649263805635655e+02
3.226978037893626947e+02
1.360176966577362919e+03
2.213887622042867861e+03
3.388563835155661650e+02
1.399062849304114707e+03
4.017580464247294003e+02
6.549301337977248068e+02
4.824675398528810319e+02
3.084594905335607109e+02
1.002949511264979265e+03
9.968148229283976889e+02
1.534143415758644551e+03
5.466737666967943596e+02
6.938826177306960972e+02
3.419518026538634103e+02
4.436647549388124503e+02
2.385126495670972702e+02
5.654807177724703706e+02
5.295191403157286913e+02
4.110342624269910061e+02
5.314607191721203208e+02
4.458754026683312190e+02
2.182958021874500218e+02
5.672984183852937576e+02
2.532495496989984076e+02
4.977083549573787877e+02
3.268152952846448329e+02
7.815093124368121380e+02
4.895998117952375424e+02
2.585903516574427385e+02
2.437978139024997290e+03
1.404458571641841615e+02
1.871579964021003661e+03
4.833156293665416001e+02
3.278390070559366904e+02
1.233963582255512392e+02
7.879131721099149672e+02
2.018745063185589004e+02
1.450663414615153215e+03
8.736132476151900619e+02
1.841754919241938978e+03
1.400555740957374837e+03
2.822741504426982146e+02
2.204320614927912345e+02
3.903981348383429690e+02
3.260221261502668426e+02
7.749161004112572755e+02
3.259382086304302106e+02
3.282816489188114133e+02
7.272393707804933456e+02
1.217821499135772569e+02
9.072139660065394082e+02
4.528301055485669622e+02
2.569424328887822639e+02
4.191585849518365876e+02
2.171967798214329378e+03
4.329064059396799848e+02
9.826156506891738900e+02
4.070775359971834746e+02
1.680633281155557484e+02
1.929973852366438223e+02
3.181176900693400285e+02
3.128568095583592026e+02
2.415795838818113452e+02
1.545038348462224178e+02
3.098725632027516212e+02
4.178517668224144472e+02
1.131175379111996790e+03
3.150331320508263389e+02
4.391796247851983139e+02
6.949887100709117931e+02
1.792528430774142691e+02
1.834279190002277801e+03
4.065211597667646402e+02
3.955497893711237225e+02
3.190490823224721680e+03
4.437341226566749697e+02
4.928981084540189954e+02
2.675570257458745687e+02
4.907477092002803829e+02
2.678117497438158807e+02
1.967745957998410518e+02
3.229166655993396375e+02
6.003577202017750096e+02
1.023073629272890003e+03
3.710964904955467887e+02
1.157653969437013757e+03
8.610052294242489097e+02
6.176248513896546228e+02
4.316237691712852893e+02
2.476745164214495674e+02
1.049226181077613774e+03
2.607257912556304973e+02
1.868915915772221013e+02
2.753891226705075610e+02
2.375795154362640176e+02
3.649729706689312252e+02
4.640264855578358265e+02
1.403086586793718652e+03
1.843774472741304749e+02
1.044597909562324503e+03
1.966269460488219636e+02
1.030079871240400280e+03
6.301984418801499714e+02
1.010931717062091707e+03
3.676433716481533907e+02
5.575614244993869306e+02
3.240521649336861856e+02
2.311165343847170561e+02
8.698734361908700521e+02
2.730291857756627678e+02
2.405056650473693480e+02
1.023908603472095024e+03
1.892195598930815095e+02
3.616027447074326915e+02
6.499614788869565700e+02
5.031096103183916739e+02
1.244672031581677174e+03
4.998569098700220934e+02
2.863164338066493428e+02
4.700849411291445676e+02
1.309284423320135602e+03
1.586424338007064421e+02
6.613603265631328441e+02
1.429362299598251184e+03
5.830461199008195763e+02
1.714557886335922376e+03
5.648447274847706012e+02
5.235745215753582897e+02
5.323733606241167990e+02
1.882948277605713201e+03
2.395841092800788772e+02
1.258352943973118499e+03
2.248623737305169641e+02
2.153433194840394208e+03
3.121122080728244327e+03
8.058276670222487610e+02
8.699028431850008474e+02
1.940961002124783477e+02
3.140975387985326961e+02
7.791363626909059121e+02
9.804921993081056826e+02
2.058236504571967771e+02
1.560517493421593826e+03
5.418046037417786920e+02
2.856460158185037130e+02
9.014115664572964306e+02
1.351369213213310559e+03
7.563754516970653867e+02
6.108214869426285532e+02
1.726100387690744640e+02
3.794674424101931436e+02
2.980707269972497784e+02
1.644389929364809859e+02
1.865926033929933396e+02
6.449719214437748178e+02
3.450243724552575486e+02
8.867827652062593415e+02
6.833978459940348102e+02
4.187012908235935811e+02
5.094416431521715367e+02
5.441291907656300282e+02
2.205562471265421891e+02
1.212416555092569070e+03
2.633502886342582315e+03
3.915577130703227908e+02
5.789642856667134083e+02
1.995676454619013839e+03
5.368581833875484790e+02
2.387032314802794417e+02
2.262123289488905300e+02
1.103279720045415843e+03
4.657295296325672780e+02
1.155628268133997153e+03
2.939775193263892561e+03
2.731719172837609904e+02
3.007661290446528142e+02
2.803103370297685615e+02
2.152433152113158883e+02
2.362286380473427982e+02
1.074334835822391142e+03
1.220885154621872744e+03
1.608062557590831432e+02
6.001799462128658433e+02
7.099491853289223400e+02
6.120537117210848237e+02
2.585749821483151436e+02
4.444609979750159141e+02
3.497954779420390992e+02
3.051648825569699284e+02
3.607819104566250417e+02
5.442119811881307214e+02
1.945401765628715793e+02
3.631023989447090230e+02
2.399802327619940456e+02
1.054113684980188282e+03
3.732115398782919442e+02
4.134089540505982541e+02
1.132422358619215629e+03
9.083975206727582190e+02
2.028484208802773537e+03
3.660614393053473918e+02
2.957828218685162938e+02
3.501177253167476238e+02
2.334819018394535760e+03
4.459785833062744587e+02
3.792522692824068145e+02
2.047196073848647018e+02
3.818014560663094130e+02
3.941613079165369982e+02
2.223590905472088366e+02
3.396424826757454980e+02
2.159213154906311047e+03
6.737801194989581290e+02
1.139637830837649517e+03
3.576399729373683272e+02
5.915262977936660036e+02
4.511586201992441829e+02
1.591990149579136641e+03
1.813337721498961628e+02
5.021719677982143253e+02
2.122455436876759904e+02
2.398564569818198038e+02
8.440606530012604480e+02
6.764328967743806516e+02
3.366667407818551396e+02
3.102417388119963562e+02
6.848244438312580087e+02
4.520565069224781496e+02
1.678264327482024555e+03
6.310966359935665650e+02
9.832367837847169767e+02
5.922614726469358857e+02
9.470384134240161984e+02
3.715934379573389492e+02
1.159645857819949924e+03
1.008010280767118843e+03
1.766876720040190207e+02
8.809378433484299649e+02
5.504622482333518292e+02
3.323881768309158360e+03
4.719734439473489829e+02
4.288005952713348279e+02
6.413092649552752391e+02
3.816910005273791171e+02
4.685035211033094242e+02
6.691707012481988386e+02
1.206840497181078263e+03
1.477878716744352687e+03
3.590631894825834252e+02
7.771358673828584642e+02
1.421452125567250050e+03
5.975049343809054108e+02
2.062112694773946657e+02
4.899816928653611399e+02
3.731258804807541196e+02
1.870280728182751318e+03
1.023860035823251906e+03
9.906627158148047556e+02
5.908707369976769996e+02
1.913131944264422089e+02
3.708083634311014976e+02
2.932365040596508834e+02
4.510065645222751982e+02
1.995922366765055358e+03
4.830436915183773863e+02
3.033575307469591849e+02
7.043326543767290104e+02
3.419868451346742972e+02
2.750131844772466252e+02
2.798731257267856449e+02
9.490612457519957843e+02
1.739035366572526755e+03
4.654935564357616613e+02
7.532156855472205734e+02
3.936904886202617604e+02
6.225333602880368744e+02
8.710721554394281156e+02
4.384118665725779351e+02
7.623404606528782779e+02
2.007074482588036801e+02
1.495730913913022732e+03
5.168459554060865457e+02
5.551966718250155282e+02
1.781270777655151960e+02
3.466475975459197230e+02
5.753500943636628335e+02
9.494060350734247322e+02
9.234072808233712522e+02
8.896246899073454415e+02
6.084026335961279983e+02
9.335134503185228141e+02
8.824720277495462142e+02
5.579637982483473024e+02
4.380811147361521307e+02
2.979907030863921023e+02
1.728165025083551200e+03
6.776013893216544375e+02
8.241008862776207025e+02
3.288920233579651722e+02
8.950275846826651787e+02
4.245344293910918054e+02
1.106958155896619701e+03
1.612740011535328790e+02
3.138053131983200501e+02
8.278056552211298822e+02
6.509333441807913232e+02
3.887679422368763085e+02
8.466411935837832061e+02
5.259539265150980327e+02
8.730711137965628268e+02
8.403602899837011364e+02
3.389397887184319416e+02
4.177216383118008025e+02
1.115026123554664082e+03
1.439284854691025259e+02
2.640251125483537749e+02
9.110663847010677046e+02
1.731303478847405586e+02
1.176853560239202807e+03
4.408368677227295507e+02
2.439405454105979629e+02
2.245758860803786320e+03
4.321213314134425900e+02
3.471039695036150533e+03
1.859800772225616583e+03
5.468365810301526153e+02
7.385250988694906482e+02
2.039161919110683243e+02
2.725750680126394627e+02
4.018058968298133209e+02
2.700884863625832963e+02
2.508085642593541138e+02
5.408992371907693268e+02
3.153158285553798805e+02
3.035879709204788810e+02
9.260016539641088684e+02
1.512299244752567802e+02
7.047086950333840605e+02
3.357886294936986360e+02
6.923338835276056216e+02
1.613540250643905665e+03
5.502528130556397628e+02
1.416499045092397864e+03
3.756204542755566536e+02
1.411693511905170453e+03
4.108662224605292863e+02
8.291779474594354724e+02
4.016820185862449080e+02
2.757943653945050642e+02
1.676747869248102063e+02
1.939919974039874546e+02
2.852041936627825294e+02
1.372529953380180245e+02
3.180763973214839098e+02
1.489859761426282319e+02
1.107976642034808265e+03
2.635496823993402131e+02
9.724466711333875537e+02
2.933237004081014447e+02
4.844348370212128998e+02
5.024845836138695745e+02
3.971726046082091557e+02
3.832852284774871805e+02
4.539386570102431619e+02
8.875159932550396888e+02
8.620784310149316525e+02
1.432842981098680184e+02
3.723040215960046453e+02
1.943691651579785685e+03
9.174213693351447318e+02
5.979088450807785193e+02
5.419784841217089024e+02
2.519787986843290355e+02
7.129673470680048695e+02
3.020642377855693326e+02
3.554121113576266566e+02
1.389013239602552630e+03
2.538159673420472870e+02
2.456807836974182067e+02
5.144711613190850130e+02
5.197810193324858119e+02
1.743861392438590883e+03
2.733010211604327537e+02
5.061894550207729253e+02
1.117449382827114732e+03
8.328059713207009054e+02
5.141567011623344570e+02
8.279794331376658647e+02
2.404900906114533825e+02
1.550833678037268555e+03
9.358950069895404340e+02
8.870436370078516575e+02
9.993650343462420551e+02
1.592356968530315271e+03
5.434706585312097786e+02
6.383973577559614796e+02
3.855718015820962705e+02
7.849818993291004290e+02
5.018341459875898636e+02
7.418573109117469357e+02
2.519643513457490826e+03
6.532251429185038205e+02
1.733163189451844346e+03
3.643939500283977395e+02
1.842960913391484041e+02
6.530838458979241068e+02
3.802591770570525682e+02
9.554575231339289303e+02
9.058777408829864726e+02
3.809394315310398156e+02
3.155728067479932406e+02
2.997875011668019170e+02
4.716407453064337005e+02
1.401336512021056535e+02
7.824414219337035092e+02
7.135559992675916874e+02
6.723460418339594753e+02
6.672649845797715216e+02
1.087025951826015444e+03
1.272040004168210885e+02
3.614419796419580848e+02
3.371759838509493648e+02
3.732086709032547560e+02
1.549644078030793025e+03
9.079541615661242986e+02
3.871890837958957832e+02
6.395971016384613677e+02
1.655619917367371045e+03
4.618678892325625043e+02
4.857517990266592278e+02
4.789212817801744109e+02
4.290740700704118353e+02
8.774419972656618256e+02
1.302131453772153918e+03
2.023707365365917781e+02
5.294714948374331698e+02
1.761896999082850073e+02
1.980442197171743828e+03
4.030110712722049584e+02
1.729195806829041828e+02
2.094592566096317796e+02
1.745398343351350263e+02
3.165947766415839624e+02
2.581377708453322271e+02
2.826678148031529645e+02
1.043344782251454717e+03
4.472892950446755549e+02
7.986178302904950215e+02
4.053841234815052985e+02
2.699646081190149403e+02
3.458630353366532404e+02
2.143093613733291477e+03
1.187357082776999732e+03
3.817364942743967617e+02
6.606529192896869063e+02
3.454711128538996263e+02
3.992588617771886561e+02
5.627445352941821284e+02
2.326341197159755666e+03
4.079108707820815880e+02
5.449474634315830599e+02
9.023141664966627786e+02
3.219646782039765185e+02
1.024537113932019338e+03
8.180478612662036539e+02
6.770180652185651979e+02
8.842665716352839809e+02
1.097008960321358018e+03
1.026656569240714589e+03
1.440762376835157852e+02
9.391613350693364737e+02
1.056670146665077709e+03
3.559793487078290127e+03
4.092553954405634045e+02
3.053892773902327349e+02
1.329000429629011705e+03
2.561837939182442483e+02
1.125629035584819576e+03
8.743271100824697442e+02
2.662761308551810089e+02
1.403323277234283523e+03
3.191346392566157988e+02
5.508751757119131298e+02
6.978764359091982215e+02
8.003802006704589758e+02
1.937329699434904171e+02
4.788964856387818827e+02
3.293150947125507173e+02
3.457663098925435747e+02
3.045815584538806888e+02
1.210592706676094622e+03
2.566688556263110854e+02
1.391449819116247113e+02
2.314970834307162590e+02
6.436475820739472056e+02
9.423611644063071253e+02
1.050110440169421281e+03
2.389564185273079886e+02
2.502658156603617101e+02
1.106570844266604354e+03
1.521233028091466622e+03
4.649390245464380769e+02
3.721282968749791848e+02
5.191809936961445828e+02
6.639441459742696452e+02
1.796473271450225013e+02
2.596014604312499614e+02
6.326397347099768922e+02
3.872075272068489085e+02
4.202677511938778707e+02
2.397181313996714778e+02
6.031461590110970974e+02
1.810111149216108970e+03
9.255745865371502532e+02
2.144817048023465759e+03
5.904824007337198282e+02
1.478147170837114572e+02
1.454339801198473424e+03
1.629140302408412424e+02
5.993573700843570577e+02
6.573178382723933737e+02
6.443962820952493757e+02
7.647263207864516517e+02
2.775402391680054279e+02
1.185665412139022692e+03
6.224672713987882844e+02
1.993565708698824608e+02
1.249776757879921689e+02
2.894522235222549966e+02
1.622237343542239387e+03
4.513238936540628856e+02
6.606807893329048511e+02
1.578371739858147578e+02
5.363764005080954576e+02
6.840758462733499528e+02
4.528826692697833778e+02
6.174088585547149250e+02
1.076368734196942569e+03
7.664274180566935684e+02
2.810921327273921406e+02
7.498067284227205391e+02
1.049234378149148370e+03
6.420485383443124192e+02
1.008300354636053612e+03
3.575803392419532543e+02
3.501593254547863125e+02
4.478267155471704086e+02
1.075582839963551805e+03
1.027648414896415034e+03
3.474806249406352663e+02
3.616103269986023179e+02
6.553240030849678988e+02
7.864956935147741888e+02
8.184966509327293807e+02
9.478882448153779023e+02
6.281757120155646135e+02
3.654303672605684028e+02
4.714867428249751811e+02
5.880187708839608831e+02
1.728231626289770873e+02
1.926972699550790139e+03
4.509668087253318163e+02
6.693033913436670446e+02
1.866783652539253069e+02
2.058162730928155497e+02
1.244715066207234486e+03
2.941231198095246668e+02
2.017258319335979877e+02
4.562571986938376085e+02
1.560688607289881247e+03
9.492130965021764268e+02
2.348801173164878037e+03
3.086246615249852425e+02
5.206214240915826394e+02
1.371561674305141878e+03
1.894657794293055304e+03
2.280762405524907990e+03
2.820105121294628816e+02
6.543415840615321031e+02
1.569652105013093149e+02
3.839781884123532905e+02
1.168124703688671843e+03
1.460631053601367967e+03
1.666677766867703383e+02
2.104491554608429453e+02
1.335193317173489902e+02
3.359368940250828359e+02
2.813494183101880708e+02
4.375662361803778140e+02
9.292450302436077436e+02
9.864391747065423033e+02
3.901256846732078429e+02
1.198310419615264209e+03
2.987073320653146880e+02
2.821998644819148581e+02
1.057211153386369006e+03
2.878688566919303753e+02
4.425354034081169061e+02
2.385781236759808507e+03
3.988262613269440067e+02
1.597017003697801329e+03
6.507369218541407463e+02
3.763596252011996626e+02
8.467710147042142808e+02
9.526325048928832757e+02
1.937928085656938492e+03
3.687583783036631644e+02
2.436289542288845666e+02
3.056533255570448091e+03
4.320079044360809348e+02
2.733470272244213675e+02
2.347835967991665314e+02
9.269469812388500713e+02
2.382189894793660869e+02
2.339758778628144228e+03
8.567244112786376036e+02
2.244457575697650213e+02
1.219329760298160181e+03
6.198223838047179015e+02
1.277560731846842145e+03
1.431260946292480014e+02
5.646904176131296254e+02
3.265971507184272014e+02
6.499497980600195888e+02
5.950825972790025844e+02
9.180251861170708025e+02
3.028403979965127633e+02
2.538470137504850300e+03
1.102930319871248685e+03
1.470910181305902142e+03
1.580062385862182737e+03
1.586120021726338223e+02
1.064689956527855657e+03
1.727411919136299275e+03
4.855762792324221095e+02
3.945636816654973700e+02
7.656582253565546807e+02
2.768661324976692413e+02
8.976490081594674848e+02
1.798268430116327750e+02
3.949904417022735288e+02
2.361536348428001475e+03
2.269450446806999935e+02
3.793762499893693985e+02
3.853075484884958541e+02
4.371993147658050702e+02
3.254908534514231064e+02
5.312355046317040888e+02
1.313895276058413629e+03
1.009723366254480311e+03
2.584824577033670607e+02
4.398670516967784465e+02
4.072574617173705178e+02
8.532157572715965443e+02
5.752282653879781265e+02
3.230158501649096934e+02
9.753147239999905196e+02
1.073299955541133158e+03
1.119563202649129607e+03
8.815430946178745444e+02
9.692914133728869501e+02
8.599645087295225494e+02
2.811642669568976203e+02
2.722460580539147941e+02
6.403579948036714313e+02
2.040318730831020048e+03
1.556193538187031209e+03
5.304483808375829312e+02
8.671150191560438998e+02
5.428572101902304894e+02
7.596289718525883927e+02
5.473848626524309111e+02
1.731173350336792055e+03
1.252326047127218544e+03
4.044165616502262424e+02
1.927551617727929624e+03
1.118880796443864483e+03
7.591802846494568939e+02
9.172418534685344866e+02
3.616831784718671088e+02
4.319754235401246092e+02
2.989895162528972833e+03
1.463615812273946631e+03
5.125158523678726397e+02
4.519652120382602334e+02
3.633162400483709007e+02
7.941103631169487471e+02
2.358928655046019855e+02
8.002011971208196428e+02
3.124541284192162493e+03
3.355564474424778041e+02
2.059760135243483319e+02
1.218345087080052508e+03
1.374184737196251035e+03
4.898304568955456375e+02
3.099251269239679800e+02
6.982285001316142825e+02
3.159233340194965081e+02
1.486726430832136884e+03
4.470303700475727169e+02
5.838350880360359270e+02
7.896685749790743785e+02
2.516292960467675641e+02
1.366053242233812739e+02
4.252339469831856604e+02
4.147145426192901709e+02
2.266966734131980957e+03
6.611778392580912396e+02
2.329249108286696355e+03
2.422932414223025717e+02
5.316684124721311946e+02
2.563663836866800807e+02
2.693759559194281223e+02
4.072566420102170355e+02
1.426094741957725091e+03
2.537096103388843460e+02
4.185898106507214607e+02
8.055093132565192491e+02
2.679446447660724857e+02
5.602192224811244614e+02
5.823578732820859614e+02
1.352088506240481820e+03
2.911469680620575673e+02
5.456701377507624784e+02
2.894669782510175082e+03
1.476641983576552377e+02
1.017541835547686787e+03
9.490214899550524024e+02
4.721592100810044599e+02
3.440304775316732275e+02
6.035288597883741204e+02
3.771121163680866175e+02
8.612630273240157521e+02
8.612607731293437610e+02
4.917300257603219507e+02
2.174937187377780390e+02
1.478409477126225511e+02
2.333262599436881715e+02
4.982983391810900002e+02
1.315039792171448198e+03
5.900882240562941661e+02
3.277713812157753068e+02
9.336154013957358302e+02
7.682046456288143190e+02
6.921646140004137351e+02
1.248521581301168226e+03
4.119414733190956781e+02
4.825669293452394299e+02
4.497164479261050474e+02
2.448395592311679820e+02
3.006012654434108299e+03
3.414159191022812934e+02
2.606335742008649277e+02
1.835562031697460952e+03
3.608637787085780246e+02
2.551507579780816570e+02
8.332503550612766503e+02
1.260187038729011192e+03
4.708464490747197146e+02
5.590584146884144729e+02
7.945365083733597658e+02
6.994788609308410514e+02
3.194652886296473753e+02
3.067082886635627688e+02
1.997946018800188597e+02
6.227705630455727714e+02
4.936917899053678980e+02
3.691845235600742399e+02
1.307681895835098658e+03
1.414619866443064211e+02
3.123962366015023235e+03
6.539364438009288278e+02
5.760145694749458016e+02
8.831901936793815366e+02
1.909074393854737536e+03
5.374224492993193962e+02
1.369940703409151865e+03
2.355990004900824033e+02
1.299226616547038930e+03
1.106328006022388536e+03
4.282606131839854129e+02
1.264265081817532518e+03
6.240460273763745818e+02
1.205618108888463667e+03
5.618858920509205745e+02
2.618469457147912749e+02
7.144302169467691783e+02
3.098572961570181974e+02
1.396307608634508370e+03
1.193613497625871958e+02
5.049012852290922524e+02
7.187541721813319100e+02
3.205124645182073891e+03
1.916109530499407583e+03
2.385228959065156687e+03
3.135162639633271283e+03
3.704351917494835789e+02
2.110509229748853102e+02
4.437190605377299448e+02
1.061865040750204116e+03
3.126085407542514645e+02
3.742068692893948310e+02
1.804212331612938840e+02
6.174588606910766657e+02
2.426071892620822155e+02
2.741877393737007083e+02
2.321505949588215117e+03
5.470818783958289941e+02
1.507981437321656131e+03
6.466143071891493719e+02
2.094065904250212213e+02
6.249162489831788889e+02
1.641810925733200008e+02
1.146706780402400454e+03
3.280883004939862531e+02
5.013218290166700513e+02
3.794798404808893793e+02
2.021386569487651286e+03
6.993851069251626313e+02
7.871107812700604427e+02
9.771832464563291296e+02
5.677692376815689386e+02
9.370687251699175704e+02
2.363037437152796429e+03
6.538398208202132764e+02
5.914221949851751106e+02
7.970054663196162892e+02
3.847259662631077504e+02
7.068443395583602751e+02
3.173850768009247986e+03
1.972877324779142782e+03
5.376044242873902022e+02
8.425975781957077970e+02
1.179922338895012217e+03
2.787206174690045827e+03
4.500966895819216802e+02
2.513490586636744695e+02
4.785258755420185253e+02
1.884721918959037566e+03
4.654793140239700620e+02
4.674967157920578984e+02
4.834501638031051129e+02
1.805291271153695902e+02
1.288892158609645548e+03
4.940864788997644723e+02
9.149915524054664502e+02
1.569309877276518819e+02
3.312662026646015647e+02
2.128190313049236011e+03
2.409431837405348062e+02
2.555300774633506364e+02
8.295950759371584127e+02
8.480338760375315132e+02
1.190974040591693210e+03
3.812721301719550979e+02
3.565412579615338018e+02
6.321291596167582156e+02
7.417142720134661431e+02
8.885946254056141242e+02
1.561882305832124075e+03
2.168636713269409029e+02
1.299166163144470374e+03
3.656871405263933639e+02
5.399589306223431322e+02
1.723658685007341091e+03
4.825891639017773400e+02
2.153823580372235028e+03
3.346133743624087060e+02
7.634997314946755296e+02
4.319716323945398244e+02
4.055561595203401453e+02
3.379535785494113611e+02
2.892566209027578452e+02
3.633860176198102181e+02
1.893514302813962331e+03
2.625601934017058170e+02
3.872708495844545951e+02
5.789398993788976213e+02
6.043584034276874490e+02
7.254451342849381490e+02
8.790761859395016700e+02
4.374307795732665909e+02
7.132937954418749769e+02
8.963802039492875338e+02
2.131533693601458253e+03
3.237423156296739535e+02
3.747009477761498601e+02
9.204969105749702294e+02
2.294963831958803837e+02
2.946195549543459151e+02
1.137480976390077331e+03
3.218309634745664880e+02
2.030428964024385095e+03
5.455968764239210032e+02
1.862311125383123454e+02
5.782987859214886157e+02
2.976107688207580395e+02
5.037505188490122805e+02
2.698107081009506487e+02
5.673664540790318824e+02
4.694081704105595350e+02
7.707979941356101108e+02
4.521509781719157672e+02
7.287266269470734414e+02
5.782467345172432260e+02
2.051574334682127301e+03
9.522097409284801870e+02
3.114321585256255389e+02
2.002227964043135842e+02
2.227265242787525040e+03
2.000462519761346414e+02
1.493309703908455788e+02
5.254601554185255736e+02
1.212243391956398227e+03
1.050428076691391425e+03
1.574388987726217465e+03
1.973717524611451154e+03
6.812193717702897402e+02
2.425580068328739003e+02
4.993627289198728931e+02
3.540576477499089947e+02
5.455040445887902933e+02
3.312869002702266812e+02
2.958083352536681332e+02
4.067309023346591630e+02
8.243969030234180764e+02
1.984362446633221850e+02
4.775475550543501981e+02
5.500896913320989370e+02
1.173409765560680171e+03
2.160954007973496573e+03
5.982234077009233033e+02
9.506397968027937395e+02
1.196674079210146601e+03
1.183103827284423915e+02
6.285076934127206414e+02
1.142082607422878709e+03
7.564100843242995325e+02
6.331644497515928833e+02
5.597379519186424659e+02
4.555379056666662905e+02
9.593561528192341257e+02
2.272518200828867521e+03
5.283291304556762498e+02
8.743831575590883176e+02
2.577778169415640264e+02
1.324646760010135722e+03
2.572576102892920517e+03
1.098446521741758943e+03
2.650632716582255398e+03
3.587089735288894872e+02
7.987008256397839432e+02
3.076933717352472968e+02
3.797658158140567934e+02
9.842447161933046118e+02
2.371322627206510845e+02
5.074406355271531766e+02
2.032544833114283733e+02
1.156090378041766826e+03
1.131502237339443809e+03
3.287649687491771147e+02
1.152063566650337407e+03
1.130484775835197070e+03
4.172997965179454809e+02
6.016435333353894066e+02
6.641673112468022282e+02
3.054753466413473006e+02
2.037791983530443986e+03
2.594335229281824695e+02
6.887595504848926566e+02
5.985706561438126982e+02
5.734157904082582036e+02
2.940940202055764075e+03
3.987071988629022599e+02
2.430634587563833406e+02
1.154024716015018157e+03
4.962141312799942625e+02
3.136612496660974330e+02
3.711392177309214730e+02
6.677425664600629034e+02
1.385372715207196961e+03
4.646022273697554397e+02
5.054351195127906635e+02
1.370547286702720839e+03
6.769180609458416029e+02
4.550515119344750588e+02
2.530295607916854692e+02
2.275824694559183570e+02
6.723943020926201370e+02
1.064416379265384649e+03
2.697622429155015880e+02
9.807081921430454940e+02
8.102695576235173576e+02
8.692717711402218583e+02
9.542125928945939677e+02
2.484779318952459562e+03
3.036003689911751280e+03
7.325377528937456191e+02
1.653494826571995873e+03
1.054562474646714008e+03
3.988007479417921786e+03
3.538244410647463383e+02
3.389747287358486574e+02
1.591281102891383910e+02
3.773540324417549527e+02
1.918313518108304379e+03
1.155701017143867830e+03
2.913702357979843782e+02
5.248653554152876950e+02
2.603623535964600251e+02
4.176486843751418405e+02
4.149074811905385900e+02
3.494239456747280883e+02
5.448754316654717513e+02
2.921867665862363310e+02
9.820271009529813000e+02
6.035427948099832065e+02
5.994719241590547654e+02
4.613297514863083961e+02
2.498313708690217538e+02
4.183571162825297165e+02
2.800650396640921826e+02
6.719692839335450572e+02
4.066765967357416685e+02
4.700261271408829771e+02
7.091892143342599866e+02
1.757099662967157485e+02
5.536428144522158163e+02
8.228073883894425080e+02
2.418247787840935530e+02
3.011939137153708543e+02
3.106845856016594212e+02
7.412512399351488739e+02
1.215026297742434309e+02
1.645747569337747223e+02
1.528950570941401793e+03
2.589163901777360934e+03
1.495815958530195360e+02
3.601073939327120570e+02
2.449346452609706830e+03
3.165435449444919982e+02
3.111203624171237607e+03
9.703986328104386985e+02
7.249002339546678968e+02
3.955431292505018064e+02
2.127850134580545216e+02
6.153405324797175808e+02
1.172258077010052602e+03
1.322389491436263143e+03
5.158023657363229404e+02
1.760320087446359139e+03
3.253541672835816598e+02
4.521636836327945730e+02
6.143466375561332597e+02
7.893078013681526954e+02
6.141592320081708749e+02
4.696100232971019182e+02
8.379632613401618073e+02
1.058623098958223864e+03
1.400428686348586780e+03
7.411731628287807325e+02
2.094439895638983671e+03
4.446420507925390098e+02
2.665542165069962266e+02
3.452976423275461457e+03
1.743234316466185021e+02
6.520815489760167338e+02
1.942115764577236519e+02
8.985102129875835999e+02
4.031020587662403045e+02
1.325185717463543369e+03
1.062597654018619551e+03
2.117473666651536348e+02
1.302663238787968794e+03
2.082898418918103289e+03
4.354465759448943913e+02
4.823753227981154623e+02
2.010435281917270345e+02
1.040154072156566599e+03
3.697591382746578574e+02
1.090664426953487691e+03
2.173702503477863672e+02
6.427058410180025021e+02
1.157636550660002513e+03
7.301929805812400218e+02
8.245457823351673596e+02
1.218500831439212106e+03
6.530828212639822823e+02
3.824041457508993744e+02
3.540599019445810427e+02
7.713753753618366318e+02
2.931123184258999572e+02
3.735795883902006835e+02
1.084566830365600651e+02
1.032333041278505334e+03
4.195114688814060742e+02
4.830667457820687787e+02
2.795010811425037218e+02
4.259138940669903377e+02
4.406598109775796956e+02
2.696192040172207953e+02
3.826764934526403522e+03
3.954134105934649142e+03
6.425116728860239164e+02
1.450387788084798331e+03
8.932651118393071101e+02
9.185974441735882010e+02
3.235299090135305846e+02
5.042720575254086270e+02
2.524015626487320105e+02
1.410419891915463950e+03
3.656198220764145503e+02
4.150120963160003953e+02
1.606214117959752912e+03
2.284554575743656244e+02
7.878466733670895792e+02
2.628289548846502726e+02
1.715134755245177871e+02
3.617551077745842122e+03
3.367373380604478825e+02
3.995251641386727442e+03
3.323573353492664637e+02
4.229997326730045870e+02
9.672775978235955563e+02
7.283008915442391071e+02
7.297135543598533332e+02
4.485640421317181108e+02
7.611671523260778258e+02
6.405288012817760546e+02
2.111699854389270570e+02
4.029891441058496184e+02
5.950560592599089205e+02
4.536291150964134431e+02
2.000354933197453192e+03
3.293244188814214795e+02
7.544531359587801944e+02
4.789753824523035632e+02
2.059770381582901791e+03
3.204629746988165380e+02
1.230011569141837299e+03
2.754821594324265561e+02
9.055056962987046063e+02
1.332956541278454324e+03
5.778636238863894050e+02
4.698743788540965056e+02
