3.939735949783919864e+02
4.276870231033436767e+02
4.269757222209186693e+02
5.457189103263940524e+02
4.379841843652541229e+02
5.813819094524837965e+02
3.609814066851012058e+02
4.092475057592112080e+02
3.947353078507555324e+02
4.406225143020967039e+02
3.264417137494501731e+02
3.939968541688717778e+02
4.650590091810275339e+02
4.124106532010640080e+02
3.568271308313070449e+02
5.232059607464785813e+02
4.349364107052524560e+02
5.065211290277463831e+02
3.850671693657403125e+02
4.257289476404883430e+02
4.108690914355664745e+02
4.402975004157452190e+02
4.362166908155809324e+02
3.483350671847352373e+02
4.337009070981823697e+02
4.317757223848601029e+02
3.629464496587610256e+02
5.077959785781831101e+02
3.517580617942385288e+02
6.407578069677772419e+02
3.418091736091593020e+02
4.681291198609612820e+02
4.655718384689182017e+02
4.647435243903350965e+02
3.273622448827987910e+02
5.823467047721198924e+02
4.103750129488114453e+02
3.919970761045835843e+02
4.912598212444117962e+02
3.784957820431467326e+02
3.541569347788732216e+02
4.779916314047434298e+02
3.881854378409405513e+02
4.106276876788690515e+02
3.653631512739837603e+02
4.059318927868127389e+02
3.978064431646311050e+02
4.369185650657410065e+02
4.253699159072677389e+02
4.355715812857987999e+02
2.971166903340030103e+02
4.800784008906937856e+02
4.872061644437062569e+02
4.073190422172750687e+02
4.279430791254093265e+02
5.183162026492320820e+02
3.806338856895832805e+02
4.596651311843958752e+02
4.317372986120411156e+02
4.336223176748432593e+02
4.232348861626567214e+02
4.288464988719292705e+02
4.433523440499456001e+02
4.926727914502084786e+02
4.647500820475628984e+02
5.263155198331731981e+02
5.530749623216483997e+02
6.019772566102465134e+02
3.308249952892454644e+02
3.761767280425813169e+02
3.585332488078640267e+02
3.932282762490979167e+02
4.011441882301733699e+02
5.729251956769054459e+02
4.664261782496240016e+02
6.036952603405288755e+02
4.734882627669645103e+02
4.149384251355821220e+02
3.201258701319513307e+02
4.135745348955995269e+02
4.149483640848179675e+02
4.437663986258429532e+02
3.643311399677629652e+02
4.087668499770942958e+02
4.611494159125446117e+02
3.933202883770751441e+02
4.690512904086168646e+02
5.022571148787811808e+02
3.182250717064448509e+02
3.743496007974931103e+02
4.103918169454576059e+02
4.748712111982653141e+02
4.327521985314331801e+02
4.257438048326450257e+02
3.481467394662251422e+02
4.008865952571949265e+02
4.016508697144129769e+02
4.924207315005159558e+02
3.942826245752507930e+02
3.751465610774558854e+02
4.717808127662831339e+02
4.455614548285515752e+02
5.174135001464713923e+02
4.501140058955387531e+02
3.643398493562685871e+02
4.611885569291229103e+02
5.496354711056815177e+02
4.899504415301350377e+02
4.736570199771854845e+02
3.654975832471531021e+02
4.263659625621299369e+02
5.875152657649409775e+02
4.213711794858448343e+02
4.620278345908836286e+02
5.325329985922554670e+02
3.637865470276752831e+02
3.581803648782944833e+02
4.224741979242350567e+02
4.286338873289975595e+02
3.316004382564295838e+02
4.343767556462197490e+02
4.948030054152928301e+02
4.599325606432159930e+02
3.576524734714587908e+02
4.301656126086534755e+02
4.978061050354302779e+02
3.514314084935800793e+02
4.392899778607344388e+02
4.515667318982788743e+02
4.624038752475387355e+02
3.427470210561250497e+02
3.586426797128524981e+02
3.656761769432156939e+02
4.002803193538084656e+02
5.036616830862548113e+02
4.428519128327511680e+02
3.654460441598785678e+02
4.865908717616316039e+02
3.735196473046030974e+02
4.713074318851532780e+02
5.321147430171965880e+02
4.522001606011240256e+02
4.559216310778851948e+02
3.532171405274180529e+02
4.563466492369602179e+02
4.756678640880455760e+02
4.849352682384073319e+02
4.241460931271346340e+02
5.269405465376953543e+02
4.250399837779954169e+02
5.295813355959983255e+02
4.142775362430956534e+02
5.082602402172306029e+02
3.877122618865990376e+02
3.407797238877931818e+02
6.104936040812399369e+02
4.022258942825733357e+02
3.498778585109629944e+02
4.414153760462921241e+02
3.884852457323227668e+02
4.482520410964280018e+02
5.646630598868824791e+02
4.579071667303818458e+02
4.473579455187788199e+02
4.387919033016062258e+02
3.929764212261937928e+02
4.831837589782268196e+02
4.783381626038735703e+02
4.209772077352075144e+02
3.571843182234322853e+02
3.631747381010029017e+02
4.702270578568777069e+02
3.541412578795631134e+02
5.714340459013463942e+02
3.842229734610587570e+02
4.756912257419194816e+02
4.409548030894353019e+02
4.696527505324766594e+02
3.478815642020770724e+02
4.329373498847235737e+02
4.284149230556264456e+02
3.959150713713895584e+02
4.515553584615244063e+02
4.736733116568607329e+02
5.147845968418937446e+02
4.717938256173445097e+02
3.641870764355403480e+02
4.475519087239690634e+02
4.595937141986496499e+02
3.615564312532615645e+02
5.172726129794684766e+02
6.024850651918222866e+02
3.585196211764375676e+02
4.392916172750413466e+02
4.532102447409894239e+02
4.694056088257049737e+02
5.110101527903395322e+02
3.618533701696066487e+02
4.474315142358029220e+02
3.227689133849264067e+02
6.092452925498968170e+02
3.933063533554661149e+02
3.677483966271919371e+02
3.638315284577220154e+02
4.183727931818398247e+02
4.181385618627353438e+02
5.439002875430230688e+02
3.894059817924597837e+02
5.837499409554691283e+02
3.725378430615324419e+02
4.049080785521266534e+02
4.899985993254015284e+02
4.481226298295736683e+02
4.292797141025390033e+02
4.867286850268090461e+02
3.032264800657978867e+02
3.984487861827703341e+02
4.841454803960373852e+02
4.035345567530907829e+02
4.800425387027294164e+02
4.221818698606282396e+02
4.864991670238370034e+02
5.189724806889802267e+02
4.470356981440702953e+02
4.388027644213897247e+02
4.426578471641667534e+02
4.022097050662922584e+02
4.469757570584727091e+02
4.393627268706050017e+02
5.569443899396111419e+02
3.494168757005294310e+02
4.405600116316444996e+02
3.726917430795967334e+02
3.475671040453265164e+02
3.937947963555409956e+02
3.998534568536381357e+02
4.420305662649726059e+02
4.457537786194348541e+02
3.154081480735396212e+02
4.561776870999509015e+02
5.027401273189643689e+02
3.253987388600517079e+02
3.624042133767395626e+02
3.640189340056844571e+02
4.837621648383952220e+02
2.932582262992178812e+02
4.539638630052124313e+02
4.077033824088590563e+02
4.473138862592797409e+02
4.429913655122355181e+02
4.663482036066499745e+02
4.648476271988259896e+02
4.086360042227213967e+02
3.331619803837930363e+02
3.296237144558327827e+02
4.593444207606001441e+02
5.110426336862958010e+02
3.549462103042721992e+02
5.002732186405914945e+02
4.036677591655299011e+02
3.620594240553105578e+02
4.225406966670604447e+02
5.513135141122320420e+02
3.974691336709775555e+02
3.710961831053642186e+02
3.981988779643556313e+02
3.967052690673361894e+02
4.567782250532630428e+02
4.161530262102386928e+02
3.922166551583197815e+02
4.294767512095547772e+02
4.899734957938264301e+02
4.867260209785602569e+02
4.562806628111057421e+02
4.140260910737682138e+02
4.999623447026373810e+02
3.509408137622273216e+02
4.235052870599081984e+02
5.526168484862519108e+02
5.213561890912757235e+02
3.782348077781601887e+02
4.129383396811113585e+02
4.785681929238165253e+02
3.803476029662332962e+02
4.109328236667489023e+02
3.577268618956363184e+02
4.139518051129848573e+02
5.411095945390289899e+02
4.306019017410887386e+02
3.664892239760653752e+02
4.064906256752977924e+02
3.492781402648043354e+02
4.647752880425321678e+02
3.786382061610624419e+02
3.953759089911935689e+02
4.474832582498657985e+02
4.342558488410826385e+02
4.566396945443263462e+02
3.074127244985774610e+02
4.656510426726223955e+02
3.066964029098374453e+02
3.701249325918945488e+02
4.102655820438229739e+02
3.757571404433980433e+02
4.293649636465000867e+02
3.584546593845249163e+02
4.062941008852529876e+02
5.093252447363785791e+02
4.185586617788895296e+02
4.345571936833776476e+02
4.959309224584698086e+02
3.796228793791701719e+02
4.292068626292742124e+02
3.823294499365392767e+02
3.694623018217069443e+02
4.119110416910230583e+02
4.506030636759787740e+02
3.663122696943096912e+02
4.383935256250190378e+02
4.340004075993820720e+02
3.358131182449085941e+02
4.588962458744395008e+02
4.020761952636705701e+02
4.760708526173710311e+02
4.387121867809311198e+02
4.390922235099594104e+02
4.844106556601854550e+02
4.144407604300306502e+02
4.637300589584616546e+02
3.535157188580700449e+02
4.835938174817509889e+02
4.892329928440590265e+02
4.999171583458022496e+02
4.132095602855163179e+02
4.342772636904671231e+02
4.545549743262596394e+02
4.230057780132614198e+02
3.606825209642665868e+02
3.648828028820493614e+02
3.947224999264824987e+02
4.064813015064270871e+02
3.867410113731293677e+02
3.400723166143471303e+02
3.055753509140708388e+02
4.712431873369999380e+02
4.315564507213064189e+02
3.854527391180545237e+02
4.224830097761349066e+02
5.021557785819332480e+02
4.445177626953938557e+02
4.141098036668165037e+02
4.051010171233750725e+02
3.164717181051690318e+02
4.154254336481384371e+02
4.409880012291508820e+02
4.916258204884368297e+02
2.943178002584741648e+02
4.911934249649805793e+02
4.677567678864967888e+02
3.766962174510939576e+02
4.851848690666394077e+02
4.582629196349885206e+02
4.471748434333720752e+02
5.026769074047528534e+02
4.612686833033747575e+02
4.703414070047870155e+02
4.609789168246225017e+02
4.211284437050230736e+02
3.630398962742568187e+02
4.968125175020285269e+02
3.704633691828841506e+02
5.130647487705160756e+02
3.671349482862126479e+02
3.863682495450881333e+02
4.048642242194159167e+02
4.667061082425345262e+02
3.426443527351527223e+02
4.730765648491334332e+02
3.804642063088146529e+02
4.255745353054531392e+02
7.462567816678233612e+02
4.540859993710797085e+02
4.353508751347265502e+02
3.804442259469487340e+02
4.936613582772952213e+02
4.424996436835467080e+02
5.133013367476868325e+02
3.320664417731782123e+02
4.079581064068003684e+02
5.249135132105541288e+02
3.974152379256368022e+02
4.638427686920639985e+02
4.450027219400665217e+02
4.594330515965692143e+02
4.094421862081607628e+02
4.235247551048031482e+02
3.860435430489192186e+02
4.940959055320294055e+02
5.061331001539717249e+02
4.874317888376993437e+02
4.385738611987827653e+02
4.132462421806341695e+02
3.210551106538055706e+02
3.824140847001352199e+02
3.594574686234032583e+02
4.109989125559975491e+02
4.120009020877224089e+02
4.322586323616490631e+02
5.581812255708056227e+02
4.622809191745180328e+02
2.864723830925972834e+02
3.940181665548620344e+02
4.517021885053900405e+02
4.175541106623100518e+02
4.826450064516076282e+02
5.119553776016864504e+02
4.740722016504188900e+02
3.908992832992967124e+02
3.686282497930495765e+02
4.763949443331748625e+02
5.176911759447099257e+02
4.379443261049165699e+02
4.012449097466561625e+02
3.746602698086588248e+02
3.161833861139353985e+02
3.788366777555967246e+02
3.917956330716179423e+02
4.187204514783059608e+02
4.260681014752371993e+02
5.203026604722763295e+02
4.096404528759067034e+02
3.666698669400116728e+02
4.176017561406055734e+02
4.309968981256678831e+02
4.577855426814854809e+02
5.232692831240842679e+02
3.930434322859900931e+02
4.364399585515078002e+02
4.262836844566002696e+02
3.907122876049110118e+02
4.323915273839056681e+02
4.374331362313328100e+02
4.235049796697256284e+02
2.931088346704976857e+02
5.464427117429095233e+02
4.831297607694918952e+02
4.932589845283348495e+02
4.668455609220188762e+02
3.452023513709551139e+02
5.301893533770859221e+02
4.923003370123498144e+02
5.907760608214510967e+02
4.801320917092461968e+02
3.623726546513308904e+02
5.766154148184405130e+02
4.178902930586276057e+02
3.515880750232873879e+02
4.315489708935310205e+02
5.055843062147225169e+02
4.358437240607513559e+02
4.412616809550162316e+02
4.443388616091486938e+02
4.236984305579449597e+02
4.473308951827142437e+02
4.785250558348650998e+02
5.282245153302144445e+02
4.952886819037248074e+02
4.284758887751659131e+02
4.651050152450160908e+02
3.399954690687092125e+02
4.759940050717331133e+02
4.440848548549666361e+02
4.036289255391342294e+02
4.127474503777466452e+02
5.261166383850621742e+02
3.941664310862461775e+02
4.713053826172696290e+02
4.029803322539497685e+02
3.928781588311713904e+02
4.637296491048849134e+02
3.836298128721278431e+02
5.506577483894548095e+02
3.783032533254750547e+02
3.306551109816884377e+02
4.022054016037365614e+02
5.179441580649501020e+02
3.202309975743840482e+02
4.645461798931368094e+02
4.041365291939214899e+02
4.629357627267476687e+02
4.813752800708800805e+02
4.632223528402801662e+02
4.517703266625223364e+02
3.527598463991750464e+02
5.015454041427794891e+02
4.540166316532171322e+02
4.365474426520067368e+02
5.120565089717459841e+02
5.331114044524238125e+02
4.121280591599046943e+02
5.957533226573307275e+02
3.735493616889164059e+02
4.014101832014749220e+02
4.815797970056712529e+02
4.336597168137204221e+02
4.116022170209526507e+02
4.773714204797479397e+02
4.115593873221837384e+02
4.306290545405474859e+02
3.653652005418674094e+02
3.658115310869326890e+02
3.838603555090417103e+02
3.185519299338916426e+02
4.585081145372707283e+02
4.788895181279773965e+02
3.345979023898869400e+02
4.340628078064401052e+02
4.307215789854955688e+02
3.563979116730704391e+02
6.160559318979099999e+02
4.415761411117667876e+02
4.051586015509064396e+02
4.166709786678385967e+02
4.273394672702717116e+02
4.152972519420143271e+02
4.301054665962674903e+02
3.690963025776818540e+02
3.806079624508546999e+02
3.010342757472322432e+02
4.209180863567634105e+02
5.542360775045409582e+02
4.150948867385010317e+02
5.459151277262562871e+02
5.178728435425980479e+02
3.271730974571352135e+02
4.553696607734162285e+02
4.145776515246604390e+02
4.261433096065682093e+02
3.678266786603484775e+02
5.428974783041447836e+02
3.704020960731621699e+02
4.755360961631250234e+02
3.506529940879646006e+02
4.273789156770325235e+02
4.860052934638703164e+02
3.893597708016828278e+02
3.533725774963950812e+02
4.488391563451020261e+02
3.591920884324668464e+02
4.195040915170248468e+02
3.905295953730810083e+02
5.831727646560309495e+02
3.577198943848318322e+02
4.918517522726124866e+02
4.064384718076581748e+02
4.063931829874288724e+02
4.457158671635867790e+02
4.044000650437626518e+02
3.508394774653793888e+02
4.482953831121678263e+02
4.981427997487187440e+02
4.823843395768036544e+02
4.133083349975096326e+02
3.599661993755265712e+02
4.604231553745687506e+02
4.781054682356817693e+02
4.098577777349708526e+02
4.016987201194968975e+02
3.103271932827457817e+02
3.976548998046330325e+02
4.753155949388411159e+02
4.047310218069767984e+02
4.741019160347321986e+02
3.397945383527144827e+02
4.213639045848577780e+02
5.622464607350539154e+02
3.866882427251246099e+02
5.806818795434189724e+02
5.461358338773285368e+02
4.897111895047154917e+02
4.648092034260070591e+02
4.443775927721501944e+02
3.399874769239628449e+02
3.975455713630387891e+02
4.156001337352220730e+02
4.603670054345559493e+02
4.997823165190561667e+02
4.874586342469755209e+02
4.076554295403809647e+02
5.942545905906021062e+02
3.925918761078214061e+02
5.376976659760975963e+02
4.997488109891580166e+02
4.385998869009055170e+02
4.926284248005268296e+02
4.313046981617964661e+02
4.626409755416804046e+02
4.193781640055727848e+02
4.393823998422883506e+02
3.216973512085506286e+02
4.171412856471429222e+02
4.636780075542162081e+02
3.854587844583113565e+02
5.047476926012105309e+02
4.546437076256229375e+02
3.536599873170810611e+02
4.579937482984672670e+02
4.272007318345466160e+02
4.474412482582503685e+02
3.491832591617900334e+02
3.883287841294039140e+02
3.861971356768009400e+02
4.211823394503638269e+02
4.052790985024667521e+02
4.405996649651937105e+02
3.698589376205929966e+02
5.905630394249426445e+02
5.248604371723669146e+02
4.588351776915058622e+02
3.940160148235841575e+02
4.319416106200438890e+02
3.174171478433043490e+02
4.642818243361422219e+02
3.829857279762875351e+02
5.574004545071238681e+02
3.777638860184907230e+02
3.969928838148105115e+02
3.617879985241172562e+02
4.604447751507415774e+02
4.075015295223166731e+02
4.219923125813879778e+02
4.375630598151581125e+02
6.253695470390487117e+02
4.681943890430564466e+02
4.842979459265831110e+02
5.475782110772560145e+02
4.311519252410681702e+02
4.351567070027479645e+02
5.847537748282892380e+02
5.517170149585284662e+02
4.230196105714762780e+02
4.694858376633509920e+02
3.280692423026680444e+02
3.232727258941288824e+02
3.571947694896390431e+02
4.186804907545742367e+02
5.206908942728392731e+02
3.209254944601628949e+02
4.387804274014576436e+02
4.125008209879458718e+02
4.079804434267324496e+02
4.231977944139621286e+02
3.576729661502955651e+02
3.432441734447055524e+02
4.466029952304314747e+02
3.940017724117926150e+02
4.362570613928894545e+02
4.105277858695397413e+02
5.199653509786227232e+02
3.174386651560830046e+02
4.238036604637718483e+02
5.091227770694711126e+02
4.891213077443985071e+02
5.100952571436710059e+02
3.697312682314397989e+02
4.477110343751367054e+02
3.942245278307485137e+02
4.107011539324989826e+02
3.696138451817050168e+02
3.413672489900439473e+02
3.886235713144711212e+02
3.916712425110786171e+02
4.814488487879041827e+02
4.399059877865683461e+02
4.616905250972300792e+02
4.321791207677622992e+02
3.601035003237331011e+02
4.635859954262390374e+02
4.032331094474016027e+02
4.952106047973566092e+02
4.196812507255689297e+02
5.212520862827848305e+02
4.050861599312183898e+02
3.849709562386016160e+02
3.713819535117432906e+02
4.785322282724579281e+02
5.151880976881901688e+02
4.794325741171523418e+02
3.594013186833904570e+02
4.922478757545276267e+02
4.118296857560409876e+02
3.695148655429233031e+02
4.617023083875612315e+02
3.910453960994030354e+02
5.228677290822773784e+02
5.381531157632451823e+02
4.499120505456021988e+02
4.282498545275960851e+02
3.711258974896775840e+02
3.678725822609429201e+02
5.360846872248537238e+02
3.629689916054815058e+02
3.879759001998343706e+02
4.721347213297945018e+02
4.780269812757368868e+02
4.682614001028527468e+02
4.051781720591955605e+02
4.469880526657747737e+02
3.362408004522324632e+02
4.486747025974368057e+02
4.225398769599070192e+02
4.733606958412054837e+02
4.497721880125411076e+02
5.336670634390834493e+02
3.832714983826665502e+02
4.641624544819179050e+02
3.938749227297928428e+02
3.545024413440615376e+02
4.647038710567859425e+02
4.122467117703696999e+02
4.561997167297004125e+02
4.469872329586212913e+02
4.284781429698379611e+02
5.137114977146052297e+02
6.015112530934979986e+02
4.087524026385143543e+02
3.840432526676600560e+02
3.867973662399305113e+02
4.756048491006224594e+02
3.845182729630968765e+02
4.183423615537672049e+02
4.032132315489299117e+02
3.882708923116899769e+02
5.575756669111784731e+02
3.457291156804548109e+02
3.946235202877008419e+02
4.091914582825926345e+02
4.586283040986484707e+02
3.638625748661597754e+02
4.026699706329665673e+02
3.527142501887631738e+02
3.674706183655592895e+02
5.349005177782698865e+02
4.448596830417856722e+02
3.911619994419843351e+02
4.671357372543478732e+02
4.837352169657248737e+02
4.714012883542258123e+02
4.135374431469049341e+02
3.694042050772046082e+02
4.657811711832359833e+02
5.556622654881873586e+02
4.898853772748282154e+02
3.365743188003012278e+02
4.099426174253551380e+02
4.565570065852198809e+02
4.479095059696710450e+02
4.398467639447300144e+02
3.494881902228814283e+02
3.585656272404261813e+02
4.286782539786792086e+02
4.893287961176209819e+02
3.501018434906491166e+02
4.404484289953782081e+02
3.079594691699430200e+02
4.176700992245262682e+02
2.605459679988376820e+02
3.918854934683172360e+02
3.370951402329382063e+02
4.517405098148148568e+02
4.944538101679139572e+02
4.087919535086693941e+02
3.864681513544175004e+02
4.817347216576773690e+02
4.902226867684818217e+02
3.868963458787122249e+02
4.994385518315690433e+02
3.622160905850178096e+02
4.604530746856704582e+02
4.777937745905742304e+02
4.415731696733354283e+02
4.543596790969450012e+02
5.235063834182259370e+02
4.573975138077108227e+02
4.125566635377761600e+02
4.252140690847139695e+02
3.190985721418630305e+02
4.527413722492036641e+02
4.752871101152579740e+02
3.801961620696293949e+02
5.036024592444164796e+02
4.409008048807003206e+02
3.791559536918739468e+02
3.612874648435286531e+02
5.272331819914846847e+02
4.752641583149608095e+02
4.549158504005754935e+02
3.949628790492380404e+02
3.810327756831413808e+02
4.729519693618057090e+02
4.555763294394852778e+02
4.749115817755738362e+02
4.430194404822419187e+02
4.211482191401005366e+02
4.216329734579848605e+02
4.058331180748193674e+02
4.224348519808684728e+02
3.212857557541136657e+02
3.475725346052182658e+02
3.955065498187781259e+02
4.548359289531120453e+02
4.039459472807393468e+02
4.374350830358223448e+02
3.608390850305796675e+02
4.473705485162634545e+02
3.814181405086672498e+02
5.006418819328653740e+02
5.543945883753434600e+02
4.266729428911050945e+02
3.306141256240148891e+02
4.379383832280539082e+02
4.294164002703803931e+02
4.331144066298734288e+02
4.023015122674810868e+02
4.927961573768059793e+02
3.892059732470127074e+02
3.999418827628188637e+02
4.379025210400895389e+02
3.483335302338225006e+02
3.254199487826477935e+02
3.964925550610103073e+02
4.553398439257086920e+02
3.654378470883438581e+02
4.507170029703113414e+02
3.646360710288544169e+02
4.036102772013927051e+02
3.512895991560295101e+02
4.097044924972716444e+02
3.654813940308720248e+02
4.760842753220091481e+02
5.716510633702280302e+02
3.958814633780971803e+02
4.525483312145611308e+02
4.865136143624169449e+02
4.783732050846844572e+02
3.517198429482079405e+02
4.531162858085227754e+02
4.793132042629280249e+02
3.642231435502930594e+02
4.356582653172783921e+02
3.891858904217526742e+02
3.784298980806864279e+02
4.663303749760619894e+02
4.678717318147711808e+02
5.574374437924243466e+02
3.562066125161290415e+02
4.095294850200054384e+02
4.827092509997609682e+02
3.572563499895435939e+02
3.184166782535688185e+02
4.936067452881952136e+02
5.624943196855849692e+02
5.003251675814427699e+02
3.784318448851759626e+02
4.230667437328008873e+02
4.099812461249625244e+02
4.764734312931198019e+02
3.456272670666359659e+02
3.565040637494450380e+02
4.364359624791346164e+02
4.196357569785512283e+02
4.995127353289582288e+02
3.869584386955876880e+02
4.997429705756895828e+02
4.051063452198725940e+02
3.025063673314730863e+02
3.825048672673822239e+02
4.347135528229023862e+02
5.334180773912164568e+02
5.204055337200370559e+02
4.512764531025557062e+02
4.265473227698355458e+02
3.845866160470175714e+02
4.092908477749510325e+02
3.773700167312476310e+02
5.426852766147898137e+02
3.748639670362965148e+02
3.793596509195116369e+02
4.643859271446331149e+02
4.721891293921062243e+02
3.898132737843409927e+02
5.148065240082490845e+02
5.588039980806556741e+02
3.733926951592091541e+02
4.016582470787942611e+02
3.313858799090083949e+02
4.941834092706624801e+02
4.015998429441094117e+02
2.486344959615590255e+02
6.435643817978698280e+02
4.264748811501474961e+02
4.323899904329928745e+02
3.897348892877902813e+02
3.704071167794771782e+02
4.012879443722134170e+02
5.490717175108813990e+02
4.149149610183139885e+02
4.955076461770958645e+02
4.382726188198819841e+02
3.691084957215897475e+02
4.066256724288322744e+02
4.131326102764841721e+02
4.987375997519566226e+02
4.607091307077361648e+02
3.629874350164346311e+02
4.404561137499420056e+02
4.129927477434230809e+02
5.282531026171917574e+02
3.739623916308719345e+02
3.928940406572698976e+02
3.662727188241546514e+02
5.437356288685695063e+02
5.312557923837524640e+02
4.387659800628777020e+02
4.739266011672834793e+02
3.679333430536939886e+02
4.083014612407108075e+02
4.322047366163083097e+02
4.513640593045830087e+02
4.076547122966217103e+02
4.059532051728029955e+02
3.916958337256827463e+02
3.040982386235149875e+02
3.668353453216187745e+02
4.459750995508721871e+02
3.457417186779393887e+02
4.889564441431565456e+02
3.975848148430112019e+02
5.277298220630942751e+02
3.711506936310701121e+02
4.446895938074403603e+02
4.632639529783188550e+02
3.989992195363265068e+02
4.152118999346590726e+02
4.264909679030344023e+02
4.203842520730649994e+02
4.384064360126861857e+02
4.670795873143350718e+02
4.312679138032844435e+02
3.480025734706082972e+02
4.591800694763290380e+02
4.633350625738825102e+02
3.562272076583599869e+02
3.768334159359062596e+02
4.113376565371696643e+02
4.705207179446089185e+02
3.758924945871150385e+02
5.100231229141654694e+02
4.633491000588857105e+02
3.713382016424267249e+02
3.970138888106182549e+02
4.335843037556010131e+02
5.031806174505611580e+02
5.088072922787787320e+02
4.109238068880607102e+02
4.540991146855352554e+02
3.749473722391622914e+02
3.600814706939835332e+02
4.108312824431125705e+02
3.903835850363688564e+02
4.335938328512601174e+02
3.205109275672946296e+02
4.500967920453158513e+02
3.588836736159731231e+02
4.430373715762241318e+02
4.066811051250857645e+02
4.395830231681005102e+02
3.878406485195115465e+02
4.861727186499668960e+02
4.294872024757615350e+02
4.344622101169691177e+02
5.251281740213695457e+02
4.967213250812047818e+02
5.577823355772475225e+02
3.651557653641553998e+02
5.806608745476113427e+02
4.736018946711145077e+02
4.194724303282220035e+02
3.368407236251794643e+02
4.829211452989333679e+02
3.570553168101546930e+02
3.595765310874450051e+02
4.849336288241003672e+02
4.294354584616986017e+02
3.498198642298548862e+02
4.936250862357541109e+02
4.012332289197192381e+02
4.072982421482557243e+02
4.480973213712102279e+02
5.051924861953630739e+02
3.976034631807527262e+02
4.006589215953181338e+02
4.580423159473104420e+02
4.159653132720936810e+02
4.255712564768392099e+02
5.683798170475110965e+02
4.048392231512350463e+02
5.031974214472073186e+02
4.632058562338165757e+02
3.392943120623083928e+02
4.857478029542860440e+02
4.491375297489657328e+02
4.810828495438790924e+02
3.820037188064285374e+02
4.067317220418126453e+02
5.099781414841187370e+02
5.014908936170735956e+02
4.669427986830994541e+02
3.464934926010670893e+02
3.987568936090814304e+02
4.006303343083408208e+02
4.691004728378251230e+02
5.078767197328000407e+02
4.709288296436436099e+02
3.938913168728623191e+02
3.810197628320800050e+02
4.494663347809020024e+02
4.558013390531132245e+02
3.747540238143371312e+02
3.934730612978033832e+02
4.227187780461521811e+02
4.361051081793146409e+02
4.698880064855230216e+02
5.123637966909036550e+02
4.627096260157836696e+02
3.545655587948788252e+02
3.988791324383429355e+02
4.786800829502653869e+02
5.540022560390131048e+02
3.897175729741731516e+02
3.872280198856856828e+02
3.744681509445639449e+02
4.178162120246325912e+02
4.587941923338323136e+02
3.697781964659760661e+02
4.941233657216706661e+02
4.611682691770744782e+02
4.839033593955807078e+02
4.304478992596302760e+02
3.503652768770961075e+02
4.275907075128107522e+02
4.147981527489442897e+02
4.529096171424537260e+02
3.810899502570960067e+02
4.702354598552007587e+02
4.544908322415004704e+02
3.640996751603014445e+02
3.905423008339598141e+02
4.149552291322282827e+02
3.916497251982999614e+02
3.383275699381828190e+02
3.956749996388165300e+02
4.018718832556677967e+02
4.355060047135210652e+02
4.477256866405050459e+02
4.347055606781560186e+02
4.542866226968918681e+02
4.081994077001035635e+02
4.283631790415635692e+02
4.730464406112433267e+02
5.231988907722799240e+02
3.801795629997716333e+02
3.759693421327530132e+02
5.232369046915221134e+02
4.507611646932045915e+02
3.883649537075507965e+02
4.861096011991496084e+02
3.761865645284229913e+02
5.906175499506484812e+02
4.016178765014857959e+02
3.587784437101462345e+02
3.936074932709727250e+02
3.877805025071255614e+02
4.335069438929921262e+02
5.433712690388513238e+02
6.144185668588504541e+02
3.677139689267461335e+02
4.803254401340713002e+02
4.269610699555503288e+02
5.093909237720504848e+02
3.502344311227231515e+02
3.515396098378383840e+02
4.827228786311874273e+02
3.607363142462131691e+02
3.621542026949306887e+02
3.959292113197869298e+02
5.585038827990908885e+02
4.361502945361497723e+02
3.596461037320959235e+02
5.189569062530642896e+02
4.059800505820791727e+02
4.865890274205362971e+02
3.676226740425282742e+02
4.255276070709168721e+02
3.869565943544923812e+02
3.737223198982989061e+02
3.489322238460393351e+02
4.111795555199438468e+02
3.709330613818233928e+02
3.453058393990808668e+02
4.104104652831990734e+02
3.865220470997582538e+02
4.253787277591675888e+02
4.137200329153407665e+02
6.337992104785624861e+02
3.999173940116089057e+02
4.342340241381214696e+02
4.884112364227037233e+02
4.743487503513213710e+02
5.549335458287511074e+02
3.890260475268256641e+02
4.607674323790268431e+02
4.726538008847304013e+02
4.636680686049803626e+02
3.857908683188615555e+02
3.850897113124607927e+02
3.883009140861858555e+02
4.439817766804175676e+02
3.879456734985500930e+02
4.096077670531619788e+02
3.729239251308175653e+02
3.332423116848332825e+02
4.271470410159942048e+02
5.166518897375020742e+02
4.787168673087774096e+02
4.330502645451142598e+02
4.170872874384079978e+02
4.010180557919329090e+02
4.661163289456117127e+02
3.361247094266220188e+02
4.135574235087707962e+02
3.709172820191190567e+02
4.560860848255504152e+02
4.627108555765138931e+02
5.044108954245278937e+02
4.427215793953491811e+02
4.135371357567224209e+02
4.384166823521046013e+02
5.422659964057891102e+02
4.367601566583326189e+02
3.313794247151748209e+02
4.479496716201911681e+02
4.555082937457471530e+02
3.990537300620323435e+02
4.215476214506296060e+02
4.690094853437897768e+02
4.339465118540413187e+02
4.582720388770708837e+02
4.227620175984977777e+02
3.683257778534185150e+02
5.536976323681042231e+02
4.714568235138734735e+02
5.401376267818000088e+02
5.124299880435465866e+02
3.572817609113012054e+02
4.964455960874557832e+02
5.009974299106837066e+02
4.281415507199436661e+02
6.540313249039430730e+02
4.046588875774713188e+02
4.830645940507909017e+02
5.036266406054439244e+02
3.897549721130503144e+02
3.643587026207984536e+02
3.879378862805921244e+02
6.647927478049010688e+02
4.405181041034232976e+02
5.168251553370671445e+02
4.650048060455042105e+02
3.911285963754804129e+02
4.464902854968291308e+02
4.192835902927409961e+02
3.846782183214180577e+02
5.043805662598494450e+02
6.168873198783185217e+02
4.531645460671833803e+02
4.381071404382748824e+02
3.780523204731185842e+02
5.448866001754378203e+02
3.899032366444345143e+02
4.152049324238545864e+02
4.614289360518784520e+02
5.173451570625506974e+02
4.510386355646547827e+02
3.820869190825058581e+02
5.327910014188106516e+02
4.202091421324046223e+02
4.640297643864496990e+02
5.468235681790912395e+02
5.250025539000999970e+02
5.055526450259196736e+02
3.749279041942673416e+02
4.748286888896789719e+02
4.370883469099038621e+02
4.230689979274729353e+02
3.951941389299112188e+02
3.522789856902697352e+02
4.768460906577668084e+02
4.517292388414546167e+02
5.349179365552811305e+02
4.699062449696877479e+02
3.279802016131221762e+02
4.493878478209571199e+02
3.726499380147697025e+02
3.809086925127846257e+02
5.683275607164773646e+02
3.990601852558659743e+02
3.743455022617257555e+02
3.507728762591598297e+02
4.844912943514082713e+02
4.498183990033180635e+02
4.411744846065656702e+02
3.610829479087374807e+02
4.321544270897639990e+02
4.420556697965476474e+02
4.159188973545283829e+02
3.605155056317467483e+02
4.135428737067966836e+02
4.012013628041279958e+02
3.879164714312076399e+02
4.813759973146393918e+02
5.573210453766313321e+02
3.875751658651809066e+02
4.010549426138391595e+02
3.725330272820057758e+02
4.595826481520778088e+02
4.890494809050755407e+02
4.113127579323829650e+02
3.932805325801317622e+02
3.829746619297156371e+02
5.492000016803996232e+02
3.935688645713653955e+02
3.566393154297678620e+02
3.885802292987312967e+02
3.871017849840510507e+02
5.121298727619816873e+02
4.375669534241370684e+02
3.687937281746566214e+02
4.480280561167418796e+02
5.176132013017358986e+02
5.308205278852590254e+02
3.285472340365361674e+02
3.717701873123062910e+02
4.301209385687892564e+02
4.233529239927566437e+02
4.614513755352047042e+02
3.503225496417213662e+02
5.641068885832519300e+02
4.176090310415926865e+02
4.634054549256869109e+02
5.018125262114170368e+02
4.480067437307516229e+02
4.547441217519232168e+02
3.805953594533700652e+02
5.176033648158943379e+02
4.393859860610847932e+02
4.360887140362452215e+02
5.361609199901266720e+02
4.185591740958604419e+02
3.541949486981154678e+02
4.982084787843907066e+02
4.906656360215390578e+02
4.159156185259144536e+02
4.319655870542829348e+02
4.341191626732412487e+02
4.367709153147219467e+02
4.711234076291989368e+02
4.403023161952718851e+02
3.994561038109927722e+02
4.524329574327099976e+02
4.244481552131888975e+02
4.028635239845800697e+02
3.514167562282117956e+02
5.294091970937693077e+02
4.135945152574653889e+02
4.085841577452643492e+02
3.767752167280098092e+02
3.157223008401076072e+02
5.504153199988155620e+02
5.132237719582896034e+02
4.106923420805991327e+02
4.031954029183419266e+02
4.199168140687978052e+02
5.433695271611502449e+02
4.627451808135655256e+02
3.802298725263159440e+02
4.173044073706837480e+02
3.067524503864560756e+02
4.440586242260555423e+02
4.689484171608561383e+02
5.254417120075725052e+02
4.100323753586603175e+02
4.321353688984457904e+02
5.604263010007701951e+02
3.948178933464677698e+02
5.065710287007139527e+02
3.681479014011151776e+02
3.012778312352074863e+02
4.037077198892616821e+02
4.102626106053916715e+02
3.742571788159391417e+02
2.974007188626808897e+02
4.255489194569071287e+02
4.023155497524842872e+02
3.232407573151434690e+02
5.609815501338530339e+02
4.834177853705429584e+02
4.387903663506934890e+02
4.720770344388689637e+02
3.427445619346646026e+02
3.299239322007917963e+02
4.528336917673634048e+02
6.151016903078748328e+02
3.944578369793053412e+02
3.747273833318492962e+02
3.577275791393956297e+02
3.849308930514756639e+02
4.723189505125372420e+02
3.865081120781492245e+02
4.158179709112571913e+02
4.394500256824497342e+02
3.926809167973672743e+02
5.053417753606890983e+02
5.185318880939892097e+02
3.668230497143167099e+02
3.478623010839705216e+02
4.429608314207686703e+02
5.037892500120138379e+02
3.488198215026195044e+02
4.064160323243318658e+02
3.642252952815709364e+02
3.793002221508849061e+02
5.532625727963992404e+02
3.733141057358700436e+02
3.675343505967416604e+02
4.248522708398504051e+02
3.821669429933635342e+02
4.842404639624459151e+02
4.602455863124479833e+02
3.418741354010719533e+02
4.810875628600115306e+02
4.889245780275653033e+02
4.033298348915112683e+02
4.409014196610654608e+02
3.797431714039421422e+02
4.506473278622662519e+02
4.030572822629819143e+02
4.533507220544156553e+02
5.201523466730084237e+02
5.373342283169270104e+02
4.092841876543290596e+02
3.894182773997618483e+02
4.045099058023278076e+02
5.673243416240222814e+02
5.494666114320663155e+02
4.492136600508443962e+02
4.987456943600971613e+02
4.380041647271199849e+02
3.682172691189777538e+02
4.430948535403613278e+02
3.726631557926194205e+02
5.134435559388141428e+02
5.143507668309189285e+02
3.608052721104990042e+02
4.227476727233120641e+02
3.323253667702810503e+02
3.763591128842287503e+02
4.674338032680289530e+02
3.863664052039928265e+02
4.029109645360872491e+02
4.062611076723257497e+02
3.709816290306665678e+02
3.682796693260357301e+02
4.579152613385223276e+02
3.401110477773486878e+02
4.737779267823225382e+02
4.041301764634820870e+02
4.731931681917147330e+02
5.484132877398552637e+02
3.714868760273876660e+02
3.833035694250461347e+02
4.173178300753218650e+02
4.280069138199859822e+02
4.423718718309993392e+02
4.348651986462946297e+02
4.113661413607528061e+02
4.401052790882561112e+02
3.809225250709994270e+02
5.318722121631631126e+02
4.853620282751834907e+02
3.608050671837106051e+02
4.740354172919068105e+02
4.435957970745266721e+02
4.180520827580440937e+02
3.961381341805280272e+02
3.587201420388555562e+02
4.272377211198470377e+02
4.246344336638153436e+02
4.251933714790887961e+02
3.944631650758029195e+02
4.054331009839252147e+02
5.365211812840774428e+02
4.440082122361170605e+02
3.425585908742207266e+02
3.822571107802454549e+02
3.851207577208985526e+02
4.879663403651570093e+02
3.946398119673760903e+02
5.100618540771670268e+02
5.801921045192196971e+02
3.325811154021641869e+02
3.969937035219639938e+02
3.851836702449274981e+02
4.899854840109459815e+02
4.609256358596468885e+02
4.796979543080887538e+02
4.613708393073761727e+02
4.761819229366664672e+02
3.646106601070968054e+02
4.418391646446369805e+02
3.615368607449723868e+02
4.301381524190121581e+02
3.733194338323676220e+02
4.304393947979129962e+02
3.542949529708390060e+02
3.741036886514515913e+02
4.108386598074937979e+02
4.072098162390749962e+02
4.110015766042462815e+02
4.830710492446244757e+02
3.976400426124763499e+02
5.002037484593348040e+02
3.388964467026921170e+02
3.291438783808693529e+02
4.567824260524245688e+02
3.933178292556146971e+02
4.862250774443949126e+02
5.071845795050874699e+02
4.700450828688070146e+02
3.600649740875199427e+02
4.186477024684353978e+02
5.378549472861699314e+02
3.722174400279192241e+02
4.255433864336212082e+02
4.427519085600276298e+02
4.024077668072498568e+02
3.417546630834534653e+02
4.263107347926647890e+02
4.500033454298201150e+02
3.739878025526295460e+02
4.900729877495790561e+02
3.855581739506698113e+02
3.920292496103573399e+02
4.345085235711403016e+02
4.217504989711138137e+02
4.823849543571687377e+02
4.087090606227745866e+02
4.829237068837879860e+02
3.860607568991421203e+02
3.881738594773977411e+02
3.033346814100561346e+02
4.656944871517563911e+02
4.417304509834078203e+02
3.616155526317056683e+02
3.595594197006163313e+02
3.832998807428555210e+02
5.622302715187728381e+02
3.848305813885695557e+02
3.839029802810222805e+02
4.160454396463455282e+02
5.307061787373497737e+02
3.062793768955087330e+02
4.560181515952064615e+02
3.016739547171226263e+02
4.890547065381789480e+02
4.252275942527462576e+02
5.110589253659710494e+02
4.891391363749864922e+02
3.786216070912046234e+02
4.412261261572343756e+02
4.963698756391538609e+02
4.868300213236569789e+02
3.611549796748487893e+02
3.809352305318782328e+02
4.339991780386518485e+02
3.751702301215123612e+02
3.640081753492951293e+02
4.123664914781707580e+02
4.713793611878704155e+02
5.543471478238362806e+02
4.451295716220662371e+02
3.912183543087855355e+02
4.729689782852402686e+02
4.276656082539591921e+02
3.763296034267037840e+02
3.529541169945478032e+02
4.649198638917256972e+02
3.612455573153074511e+02
4.959979335182661089e+02
3.063214893505183340e+02
4.404823443788530994e+02
4.543571175120904400e+02
4.411039897913670984e+02
4.388763331384138269e+02
4.694547912549132320e+02
4.077597372756602567e+02
3.621724411790954719e+02
4.288811314991634163e+02
4.560448945410884676e+02
3.983170182578497247e+02
4.282173736316398163e+02
4.593805903387470835e+02
5.250388259416411074e+02
4.073893321056852415e+02
3.499967160482163990e+02
4.698981503615472093e+02
4.738535447672303462e+02
3.763732528326261217e+02
4.165981271945738058e+02
3.800309910782048632e+02
4.571513967348809615e+02
4.741076539848065181e+02
4.936259059429075933e+02
3.500324757727865972e+02
3.606578272862682866e+02
4.666896116360709357e+02
3.454818715102888973e+02
5.109852541855528330e+02
3.462749381812727165e+02
4.623659637916907172e+02
4.288341008012329780e+02
3.629036199599921702e+02
3.568140155168514980e+02
4.500980216060460748e+02
4.138935034416941789e+02
4.640915498131426489e+02
5.065473596566574770e+02
3.368239196285333037e+02
3.814465228688561638e+02
3.793569868712628477e+02
4.645031452675795549e+02
4.368446889585343911e+02
3.483603756430986778e+02
4.871735810843557601e+02
4.347889658810217384e+02
4.278971755248149407e+02
4.023199556784342121e+02
4.583880274392871002e+02
5.089043251130709109e+02
4.507708987156520948e+02
5.511348179527752791e+02
4.486533902114465491e+02
4.325888718811039553e+02
5.046592666920297461e+02
4.439761411937374760e+02
4.689311008472390654e+02
3.390639743521828677e+02
3.791101525546736752e+02
4.066274143065334101e+02
3.214143473138145168e+02
4.201945923304305097e+02
4.342640459126173482e+02
3.814796185451775727e+02
4.114639939021984674e+02
6.551981780369100079e+02
4.295875141386675864e+02
3.347313097291144572e+02
4.842028598967804101e+02
5.301922223521230535e+02
4.043427880064137980e+02
3.593814407849187660e+02
4.441066795579278619e+02
4.578025516049199837e+02
3.948238362233304315e+02
3.807545875679319352e+02
5.590014450412481892e+02
4.412919076563004523e+02
4.242592127143137191e+02
4.086293441020994237e+02
3.707701445850709092e+02
3.547490707338623110e+02
4.699660835918911630e+02
4.002737616965806637e+02
4.863525419067597682e+02
4.663658273104496175e+02
4.169530603920269982e+02
4.789979243990240434e+02
3.624201976662322409e+02
4.382484374588545393e+02
5.632268304906059484e+02
3.586251584724470263e+02
3.378744768091013952e+02
3.971498577347003334e+02
3.735812278045076482e+02
6.294316058380773029e+02
4.617071241670878976e+02
4.718082729559244513e+02
5.053829656451510459e+02
4.451819304164942537e+02
3.609117315770561163e+02
4.250481808495301266e+02
5.028602144169479402e+02
3.558670488278033872e+02
3.387361939541884226e+02
4.002466088971219165e+02
4.020636947295801633e+02
4.732375348413963820e+02
5.093842636514285687e+02
4.050251942116789223e+02
4.938114671497747281e+02
4.165835773925996364e+02
3.778868420915114825e+02
5.065623193122083308e+02
4.000054100672128925e+02
4.379941233144899684e+02
4.471420551472332363e+02
4.676014333809139316e+02
3.785516245929769639e+02
4.172928290071409947e+02
4.350720722391520212e+02
4.628876049314811780e+02
2.805206943780282245e+02
3.624666135837975958e+02
3.137539790378339148e+02
4.431388103364662356e+02
4.455094034243061287e+02
5.645687935642332604e+02
4.426883812556335442e+02
4.250280980242700934e+02
3.302700535463451388e+02
4.374322140607851566e+02
4.359807176187753157e+02
4.059951127010241976e+02
3.946599972560302945e+02
4.054178339381918477e+02
3.651246164923234687e+02
4.381885988366511242e+02
3.838147592986298946e+02
4.391768582735553537e+02
3.610198304579201931e+02
4.426331534861683963e+02
3.813430348407304109e+02
5.127859458749416035e+02
3.871187939074856104e+02
4.578506069367923033e+02
4.596156413650050467e+02
4.836551930548671976e+02
3.821860011846817429e+02
3.954449693188735750e+02
4.078172192397974527e+02
4.777286078718732369e+02
4.036380447812165926e+02
4.984940442639813796e+02
4.434823700971650169e+02
4.570501629014272567e+02
5.062470394483042924e+02
3.751844725333039605e+02
3.344050662820327489e+02
3.470527378065231119e+02
4.648463976380958229e+02
4.206521938488560295e+02
3.894327247383417898e+02
5.619499316722856292e+02
3.816988902087312567e+02
4.648520331247759145e+02
2.937518949323961692e+02
4.369825022237118333e+02
4.298335287481032765e+02
4.111687968635545189e+02
4.682499242027041646e+02
4.318242900337032779e+02
3.963827143024450947e+02
4.438133268603791635e+02
3.604952178796983162e+02
3.894576233431284891e+02
3.694691668691172595e+02
4.409854396442962639e+02
3.892854848408994712e+02
4.278095693227876382e+02
4.422552684884179826e+02
3.999771301704181496e+02
4.707876350864581241e+02
4.767782598908170826e+02
3.705198265130795221e+02
4.041169586856323690e+02
4.633579119107855604e+02
4.468589487891029535e+02
4.648555168801781861e+02
4.300944005496955924e+02
4.613091563440773939e+02
4.544454409578769969e+02
4.323743135336827663e+02
4.351963603362971753e+02
4.062924614709460229e+02
4.389026662307190918e+02
4.431743651342480348e+02
3.851635874196674081e+02
3.823184863533616067e+02
5.966176013872724297e+02
3.526975486555111843e+02
3.641493699064806151e+02
3.087762048849833150e+02
4.290354413708044490e+02
5.825587015346865201e+02
4.585753305238553708e+02
5.798527457576824418e+02
4.407565364216893045e+02
4.979931007298160353e+02
3.418319204826681812e+02
5.804230570097103055e+02
3.733235323681349769e+02
4.865026507792392181e+02
6.447001885223990030e+02
4.471713596779698605e+02
4.291935423880303233e+02
3.788441575833721799e+02
4.127614878627498456e+02
4.177717429115567711e+02
4.144082795340743814e+02
4.821779783009171751e+02
3.910399655395112859e+02
5.583043865706147244e+02
5.057100287993861798e+02
3.910203950312221082e+02
4.023951638097652221e+02
4.519451292130002003e+02
5.153731465780863346e+02
4.812092893723020666e+02
4.226926498806352583e+02
3.549107579698845711e+02
4.195565527748470345e+02
4.859064162884828306e+02
4.628294057235847276e+02
4.932149252688357706e+02
3.758027366538099159e+02
4.032601597834661789e+02
3.420939193815965496e+02
4.811214782434864219e+02
4.541311857279147830e+02
3.148136554604843127e+02
3.405926257300132534e+02
3.145805512387158274e+02
4.978048754747001112e+02
4.593242354719458831e+02
4.271275729710992550e+02
4.380834713942184067e+02
4.752938726992741181e+02
4.543935944804198925e+02
3.850382746885804295e+02
4.066287463306577479e+02
3.820201129494979568e+02
4.154116010899236358e+02
5.294119636054122111e+02
3.787106477807504916e+02
2.933250324322258393e+02
3.763547069582788254e+02
5.167295569902935313e+02
5.366871719826553999e+02
4.700572760127149081e+02
3.500861665913390084e+02
4.006880211992664158e+02
3.534566999430201122e+02
4.218630037779278155e+02
3.980544045785562730e+02
5.878396648709273222e+02
4.734574212853151494e+02
5.291358247580865282e+02
4.689524132332293220e+02
3.272149025219622445e+02
3.911165056949666905e+02
3.734499721965580079e+02
4.083342495268496464e+02
4.090863308401598601e+02
4.624772390377744387e+02
4.019365376573978779e+02
4.345091383515053849e+02
4.797065612332002047e+02
4.210687075462138296e+02
3.691363657648078060e+02
3.825120397049751091e+02
3.465821234370362163e+02
4.090264922179564451e+02
4.397815972260290209e+02
5.253211125926179648e+02
4.888941463994926835e+02
4.521733151918478484e+02
4.925344658680601242e+02
4.699624973730947204e+02
3.336399721176611592e+02
3.518879853780637745e+02
3.289204057181541430e+02
3.282426103656272858e+02
3.452194627577837878e+02
5.742818110159009848e+02
3.606212478545446061e+02
4.206987122298155555e+02
3.258877966404917288e+02
4.005263339632440989e+02
4.043634856120389713e+02
3.241231720658556696e+02
4.773419110222229733e+02
3.846761690535343519e+02
3.186881037847621201e+02
3.226475967262126119e+02
3.461893812471291199e+02
3.904336896361248250e+02
5.149163647668143540e+02
3.811822697752557474e+02
4.104628240776270900e+02
4.239457771915049875e+02
4.573839886396785346e+02
4.529702754718106235e+02
5.738470588343784584e+02
5.550545550972823321e+02
4.296335202026562001e+02
4.419194959456771699e+02
3.945869408559771614e+02
6.016129992439225589e+02
4.712059931249111742e+02
4.529343108204520831e+02
5.027912565526621620e+02
3.678086451029721502e+02
3.822023953277512192e+02
3.545752928173263285e+02
5.148361359291683357e+02
4.880810993666430022e+02
4.575656562375667136e+02
4.698808340479301364e+02
4.099572696907234786e+02
3.214822805441584705e+02
4.857882759949887372e+02
4.492761627212966005e+02
4.855976940818065941e+02
4.486648661115951313e+02
3.740296076174566338e+02
4.025098203478571008e+02
5.091862019104709702e+02
4.513022738778900589e+02
4.029501055526654909e+02
3.306910756330470349e+02
3.291752321794896261e+02
4.422763759476198970e+02
4.821752117892742149e+02
4.268255108850449915e+02
4.320374138936059012e+02
3.476532757598352532e+02
4.053616839981790463e+02
4.461081994999171343e+02
3.435306610948439356e+02
3.730793620997946505e+02
3.626093450918958183e+02
3.437459366860243790e+02
5.260558775923110488e+02
5.229812585230332616e+02
5.266340785256910522e+02
3.980238704870894821e+02
5.192792560911669852e+02
4.259986312939805089e+02
5.228913981263339110e+02
3.860149557619419056e+02
4.651601405510870677e+02
4.644834722958962629e+02
3.546645384336605389e+02
4.294093302961817358e+02
3.327946491156435513e+02
4.341406799860199044e+02
4.909663660834689267e+02
4.060835386102049824e+02
3.658687056608873718e+02
4.652667024810384078e+02
4.566589576624328970e+02
4.357432074710569054e+02
3.863522652555954551e+02
4.079521635299377067e+02
3.058812041457098871e+02
5.442887262703744682e+02
4.759721803687718875e+02
3.535700244569875395e+02
4.011153960164076580e+02
4.620529381224587269e+02
4.721458898397605708e+02
4.226900882957806971e+02
3.594478370643499829e+02
4.148360642047923648e+02
3.805411563178467986e+02
4.651979495435409717e+02
4.987898560829904113e+02
3.958471381410455479e+02
4.300267747095342088e+02
3.901120570417813838e+02
4.565165335445172445e+02
4.132922482446227264e+02
5.300381174072704198e+02
3.263767519575375218e+02
5.206270595782626742e+02
3.896491274268582856e+02
4.883600047256117591e+02
5.356962484975024381e+02
5.167550703754453707e+02
5.413583756601076402e+02
4.480406591142265142e+02
4.061940966125294494e+02
3.692203857480386091e+02
3.931436414855019734e+02
4.538143689130980079e+02
3.163287816702824102e+02
4.295429425621975952e+02
4.216904554221220565e+02
4.339504054630202745e+02
4.243810416899984261e+02
4.722638252064663220e+02
3.571475338649202627e+02
4.128768616446009787e+02
3.427796044154755464e+02
3.957449821370441896e+02
3.629275963942312160e+02
4.484133184788735207e+02
3.848896003036195452e+02
4.997041369492938543e+02
3.945790511746249649e+02
4.158216595934478050e+02
5.208653894331346237e+02
4.043922778258046264e+02
4.415071832474809526e+02
4.089548703054218777e+02
4.184043519072484969e+02
3.407368941890242695e+02
4.200667180144889130e+02
6.137951795686352625e+02
4.331587732795550778e+02
3.479829004989250052e+02
4.775064672332824216e+02
4.491867121781739911e+02
4.190473097057528094e+02
3.758536609607193100e+02
6.017340085124538973e+02
4.954448361164611470e+02
3.990828296659806256e+02
4.712292523153909087e+02
3.746016607471856332e+02
4.381854224714314228e+02
4.578103388228780091e+02
3.578279932656959090e+02
5.210995182888449335e+02
4.797901713628543234e+02
3.474135114174447949e+02
4.296940760686189265e+02
4.550704676623990963e+02
5.001631729552379397e+02
4.860802966684129842e+02
4.504266217111940023e+02
4.435733575912003630e+02
5.367655564792061114e+02
5.680877963740869063e+02
5.889634833783369459e+02
4.908923875128681402e+02
3.837196732688271368e+02
3.829530421535428104e+02
4.590213536787381372e+02
4.101218259017828700e+02
3.719952993893284088e+02
4.623586888907036041e+02
4.561310662555972044e+02
3.944862193394943120e+02
3.564102072803725605e+02
4.757923571119790722e+02
3.701478843921917701e+02
3.837479531656219365e+02
4.451912545853649590e+02
3.430141431247625974e+02
4.710860084903217739e+02
3.466702419560343742e+02
3.530225625418627260e+02
3.730919650972792851e+02
5.538118790526193607e+02
4.214347067902388631e+02
4.616470806180960835e+02
5.765040371089625069e+02
4.491948067863145297e+02
3.748484950637747488e+02
5.525621330337577319e+02
5.396538970978575662e+02
4.547828529149247743e+02
5.149354229581325626e+02
3.717788967008119130e+02
4.482644391671242374e+02
4.376921636918298759e+02
3.943587548771294564e+02
4.434428192270100340e+02
3.980945702290763961e+02
3.589461762864253274e+02
6.680470876675775571e+02
5.074205527018930866e+02
4.231870357575728576e+02
3.516063135074521142e+02
4.562933682719845478e+02
5.131870900631718087e+02
4.222321793871726072e+02
3.621645514977432754e+02
5.977347597740599667e+02
4.676367832519073886e+02
6.104378639948038199e+02
4.535228605566446731e+02
4.462154786736277288e+02
4.647063301782463327e+02
4.492179635134000932e+02
4.142004837706692797e+02
5.100021179183577829e+02
4.895051356190115825e+02
5.026329506086479455e+02
4.431122723173725717e+02
4.118216936112946769e+02
4.353360179425698675e+02
4.021476122494167953e+02
4.470320094618796816e+02
4.596792711327933034e+02
4.389467254902181708e+02
4.462206018433369650e+02
4.941332022075123405e+02
6.327102295251754640e+02
3.735788711464413723e+02
3.695128162750395973e+02
4.206424598264085830e+02
4.553709927975406231e+02
5.078459807145448508e+02
4.121232433803780282e+02
3.895921577796920019e+02
4.107216466113357569e+02
3.952050000496947746e+02
4.375390833809190667e+02
3.797525980362070754e+02
4.343442747502634234e+02
4.603109579579373190e+02
4.172204898508471160e+02
3.743457071885140977e+02
3.967920555622100096e+02
4.472012789890715680e+02
5.264274098596221165e+02
3.702870296814935500e+02
5.416274445332346659e+02
4.133198108976582148e+02
3.909118862967813470e+02
3.017165794891031965e+02
3.885839179809219104e+02
3.682063055358000270e+02
4.928254619075425467e+02
3.670668101290802952e+02
5.357132574209368840e+02
4.465110855658484752e+02
3.897901170572554292e+02
4.254214549945422732e+02
4.837961826852643412e+02
4.485983673687697433e+02
2.947764264108415091e+02
4.074669993584766985e+02
3.792066730719949987e+02
4.864289795988210017e+02
4.297591403239257488e+02
4.560353654454293633e+02
5.181882258698963142e+02
3.599346406501179558e+02
3.478155777762225966e+02
4.971260554882314295e+02
4.278712522860864169e+02
4.830194076939557704e+02
3.947160447326489248e+02
4.007201947050401714e+02
4.585419274573513917e+02
5.049937072106461642e+02
3.859977419117189470e+02
3.963296382642578237e+02
4.420274923631470756e+02
4.944112878593276150e+02
4.351071147199629081e+02
4.213319360058723646e+02
3.601248127097233578e+02
4.143945494392536943e+02
5.216889901955852338e+02
3.862301288897281779e+02
3.652302562517271554e+02
4.073767291082006068e+02
3.762563420998622519e+02
4.102110715181171372e+02
3.754680912084050988e+02
3.963484915287876333e+02
4.288764181830309781e+02
3.909401661935760899e+02
4.944433589017071995e+02
4.213907499941339552e+02
3.623144554434344400e+02
4.470207384885194415e+02
3.976401450758705778e+02
3.415909265795474994e+02
3.752052726023232481e+02
4.020471981231165159e+02
3.893144819814535253e+02
4.178228721452545642e+02
4.433739638261183700e+02
4.355035455920606182e+02
3.550016430005257462e+02
3.967212533568288677e+02
4.710813976375835068e+02
4.148236661340960723e+02
4.087630588315095110e+02
4.001500883798006498e+02
4.491223651666264800e+02
4.802746182905560772e+02
3.747531016437894777e+02
4.086444062210445054e+02
4.477072432295519206e+02
4.559169177617527566e+02
4.391489882303372951e+02
2.927660946169523868e+02
5.328865997655842648e+02
3.545349222400178633e+02
3.841720491541493061e+02
4.212787575042909225e+02
4.535365906514653602e+02
3.949562189286161242e+02
5.952768678743753981e+02
4.460851452362257419e+02
3.752552747386850456e+02
4.833184983415787315e+02
3.229016034803946127e+02
3.612048793478164157e+02
3.889254284737370426e+02
4.065902200944445894e+02
3.553634412453892537e+02
5.498595585487618109e+02
5.607667868596435028e+02
3.097357745715160036e+02
3.533090501920010524e+02
4.240740613610233254e+02
5.679166825057997130e+02
4.312722172658401405e+02
3.712567432440504831e+02
6.089313447101171732e+02
4.190808152356509595e+02
3.423353231382939157e+02
3.937382365619514530e+02
3.988914280456450001e+02
4.268048132794198182e+02
5.340835771364411357e+02
4.412500001280792503e+02
3.298455477042410280e+02
4.647746732621670276e+02
5.672472891515959645e+02
4.314363636233228476e+02
4.662608023314110710e+02
5.373896610131805573e+02
4.033189737717277694e+02
4.597716931143472152e+02
4.600396348901382453e+02
4.071825609762220211e+02
3.609964688040462306e+02
3.936888492059547957e+02
3.794920336247972728e+02
3.938138545468592042e+02
3.927006922324447942e+02
4.964951883702408395e+02
4.567434899626346692e+02
4.131458280543338901e+02
5.022051659379299053e+02
5.095975924381195341e+02
3.886419122620300755e+02
4.752827041893081059e+02
3.898201388317513079e+02
5.869493604388629819e+02
4.201743045783820776e+02
4.152850587981064336e+02
4.773684490413166372e+02
3.767597447554880432e+02
4.394505379994206464e+02
4.153144657922372289e+02
4.187111273094352555e+02
3.325404374346732084e+02
4.773087128825073933e+02
4.350558830228709439e+02
4.449516951697628997e+02
4.084846657895117232e+02
4.798780849550641392e+02
4.217899473778746255e+02
4.359227233376672075e+02
4.741681073873750734e+02
5.060601462173127629e+02
3.908554289665859756e+02
5.117423562051780550e+02
4.337256007761807268e+02
3.951732363974977034e+02
3.692668016656039640e+02
