4.812649269953439557e+02
3.553656954400613017e+02
5.381289344022178511e+02
4.571513967348809615e+02
4.113195205163991091e+02
3.061917706934814873e+02
4.143735444434460078e+02
4.541100782687129254e+02
4.653614811206585387e+02
3.696312639587162607e+02
4.269721360021222267e+02
4.476873653310802297e+02
4.624642261867131197e+02
4.400127546433080283e+02
5.956347725102599497e+02
4.884700504109653139e+02
3.900633869295440377e+02
4.978010843291152696e+02
4.970493104059876259e+02
4.310758974025836778e+02
5.523175529118406075e+02
4.150629181595156183e+02
3.759679076452344475e+02
4.695132978529923093e+02
4.735460521212842764e+02
3.434377267963190548e+02
2.989378747022285552e+02
4.393830146226534339e+02
4.206322134869901674e+02
4.610686747579276812e+02
4.540645845216952239e+02
4.710751473705382750e+02
4.838897317641542486e+02
4.355855163074078291e+02
4.568330429691514496e+02
4.804287232354087109e+02
4.472049676712621817e+02
4.829056733264116019e+02
3.764152628242415517e+02
3.054118193369532150e+02
4.241055176230377697e+02
4.327781217701617038e+02
4.652619891649059127e+02
4.065827402666691910e+02
4.282881758370209013e+02
4.364864769324673262e+02
5.175218039541238113e+02
4.498500601921209068e+02
3.880043850234175125e+02
4.622572501304615002e+02
4.892628096917665630e+02
4.082475654953700541e+02
3.724457284701610433e+02
3.790352518135252353e+02
4.324981917772511224e+02
4.186526207113562350e+02
5.470665088867013992e+02
4.669353188553240557e+02
5.560554175316711962e+02
3.577733802765958444e+02
4.118585804332008706e+02
3.840759384904047806e+02
4.169554170500932173e+02
3.143845387656419348e+02
3.962008417777685736e+02
4.523132801883031107e+02
4.337032637562485888e+02
3.350492536412672280e+02
4.999337574156600681e+02
4.268697750713324695e+02
5.020750374273163175e+02
4.124960052084192625e+02
4.419120161179017714e+02
4.084295404834407464e+02
4.331769093003256330e+02
4.327931838891067287e+02
3.755897152573014637e+02
4.301215533491543397e+02
4.275651941276589127e+02
3.548493823967683625e+02
5.162877348345723476e+02
3.450222207239797285e+02
6.311402853994889028e+02
3.553798353884587300e+02
4.783016856355440609e+02
4.787207609177564223e+02
4.635496209213036991e+02
3.164283760894292072e+02
6.091142418687355757e+02
4.261518140682854892e+02
3.902740516679862139e+02
4.724255124424885821e+02
3.797684798623055826e+02
3.394360189364647908e+02
4.421268818555055304e+02
4.068959708626895235e+02
3.463657207485196636e+02
3.662084742760013683e+02
4.009973581863077357e+02
4.035835342555106990e+02
4.277931751797182187e+02
4.310423918726855277e+02
4.126081001616565231e+02
2.988537522556035242e+02
4.937479398453806994e+02
4.922503348759880168e+02
4.118632937493333657e+02
4.042961671620601010e+02
4.830937961181332980e+02
3.777197242955974730e+02
4.947511589378357826e+02
4.196389333437709297e+02
4.300959375006083860e+02
4.260762985467719091e+02
4.249835264478001022e+02
4.294845384275127458e+02
4.989245954463423232e+02
4.690774185741337305e+02
5.540989814831227704e+02
5.792730078733897017e+02
6.005311907281284221e+02
3.373821402000475018e+02
3.836240749220535236e+02
3.354261140050758172e+02
4.037006499150629679e+02
3.840427403506891437e+02
5.476867198116968893e+02
4.541604902586514072e+02
6.457481841181124764e+02
4.920293213347332539e+02
3.999547931504860685e+02
3.222960448207674631e+02
3.979966152242365069e+02
4.147179239112982714e+02
4.365829974497885928e+02
3.719805446605659540e+02
3.899864369205118919e+02
4.541362064342298481e+02
4.248256303573626269e+02
4.543212553241260139e+02
4.856490282422927294e+02
3.250508756367971728e+02
3.750579302414867584e+02
4.106580168435475002e+02
5.766388789357085898e+02
4.110362092314804840e+02
4.107870182568250925e+02
3.417967755384630664e+02
4.033543236427212264e+02
3.735793834634123414e+02
5.124682068895771181e+02
3.688076631962656506e+02
3.766031806891749625e+02
4.870510348649117418e+02
4.246541066354986924e+02
5.189426638412727470e+02
4.600603324957634186e+02
3.557222680518214588e+02
4.448325302423269250e+02
5.930913236764316707e+02
5.129894381757909514e+02
4.955371556346208877e+02
3.597282793742314766e+02
4.186672729767245187e+02
6.146509538368595713e+02
4.149557414491991949e+02
4.452715858864052052e+02
5.099003717679331089e+02
3.537964685581341087e+02
3.594322626284340458e+02
4.253867199039138995e+02
4.358606305207917444e+02
3.436401944632265781e+02
4.363050142613675462e+02
4.694279458456370548e+02
4.532043018641267622e+02
3.542424917130168183e+02
4.296883381185446069e+02
4.946510522017180165e+02
3.508049473015394142e+02
4.444230865191678959e+02
4.319772678812199160e+02
4.647627875084417042e+02
3.424729314766829589e+02
3.523403612633859439e+02
3.594300084337619978e+02
4.122095175582809361e+02
4.986226358236822307e+02
4.269679350029607008e+02
3.690938434562214638e+02
4.902583440296578488e+02
3.799095719560968973e+02
4.755065867056000002e+02
5.002287495275156743e+02
4.291743817333178868e+02
4.436058384871566886e+02
3.443415563964156831e+02
4.441427466726805733e+02
4.218556264135465881e+02
4.546629707437295451e+02
4.304401120416722506e+02
5.209450034904155018e+02
4.157386642441587696e+02
5.370704875402975631e+02
4.030116860525700986e+02
5.211649923977284971e+02
3.882304192709872837e+02
3.374962844211684114e+02
5.956112059295976451e+02
3.892266708526378807e+02
3.466449334976709338e+02
4.500991487033821272e+02
4.029297153372228877e+02
4.440973553890570997e+02
5.427728828168170594e+02
5.001611236873542907e+02
4.279398002967954540e+02
4.296344423732038535e+02
3.945702393227251719e+02
4.671911699506013633e+02
4.808869395341993709e+02
4.220221294290954575e+02
3.323108169683069377e+02
3.631657213223147096e+02
4.726254185245414874e+02
3.705822267201375553e+02
5.841514949972760178e+02
3.885515395483598127e+02
4.480417862115625098e+02
4.376652158191594708e+02
4.793235530657406116e+02
3.520025394527614822e+02
4.388144452483267060e+02
4.231146966012789790e+02
3.962176457744147342e+02
4.378938116515838601e+02
4.792483449344096016e+02
5.098975027928959776e+02
4.678998067847775815e+02
3.535397977557033187e+02
4.535746045707076064e+02
4.526584793633088566e+02
3.673535027060070206e+02
5.140358968205915744e+02
5.978272842190081064e+02
3.503466285393545832e+02
4.137840725367057075e+02
4.464360823613058074e+02
4.865943555170338755e+02
4.715805992940477154e+02
3.624760402160625290e+02
4.351853967531194485e+02
3.167488815864366529e+02
5.874634192874839300e+02
3.869537253794552498e+02
3.705516926286707076e+02
3.806720020722196978e+02
4.092193283258106362e+02
4.245274618802873192e+02
5.419336051550562843e+02
3.874136835559469887e+02
5.849979450966296781e+02
3.718898645567131211e+02
4.092309066893534464e+02
4.737718814420657054e+02
4.710074190669826635e+02
4.258441164955510772e+02
4.939837081153979739e+02
3.020108543571994915e+02
3.796648893707856018e+02
4.840572594136450562e+02
3.995071305812963374e+02
4.375568095481128807e+02
4.206855969153600086e+02
4.957343976684249469e+02
4.871422272857354869e+02
4.248197899438941363e+02
4.301661249256243877e+02
4.353763885198783328e+02
4.006578969613763093e+02
4.535361807978886191e+02
4.340531762473867730e+02
5.836897949430831432e+02
3.439644911058187517e+02
4.530274500457652493e+02
3.586016943551788927e+02
3.475339059056109363e+02
3.872362169572203925e+02
4.149551266688341116e+02
4.676631163442126535e+02
4.489951056310500235e+02
3.013332639314610333e+02
4.808101944519555673e+02
4.958046875568351766e+02
3.266131350079199365e+02
3.650331166813172104e+02
3.672057504915937329e+02
4.826328133076997347e+02
3.002142612035780758e+02
4.713305886122388415e+02
3.944966706057010697e+02
4.369063719218331130e+02
4.420058725869742489e+02
4.583884372928638413e+02
4.527592008797917060e+02
4.058602708742781147e+02
3.343769913120263482e+02
3.261302250311309194e+02
4.250362950958048032e+02
5.328591395759430043e+02
3.518743577466373154e+02
4.989884301409189220e+02
3.958165015861845859e+02
3.683208596104976777e+02
4.131493118097361048e+02
5.488197600245830472e+02
3.862863812931351504e+02
3.665247787738471743e+02
3.927309189337290150e+02
3.834666911485869605e+02
4.485680382040912946e+02
3.963127318042174352e+02
3.967271962336915294e+02
4.170651553452642588e+02
5.134276741127156356e+02
4.740463808750845374e+02
4.520902173791646419e+02
3.970174750294146975e+02
4.927829395989562045e+02
3.589286550460199123e+02
4.287196491899295552e+02
5.452505501515792048e+02
4.932544761389907535e+02
3.720224521887871560e+02
4.135024006660940472e+02
4.753373171784081137e+02
3.693715192544599404e+02
4.182215572120243223e+02
3.509183742789010694e+02
4.179920392090522796e+02
5.240357093125802521e+02
4.386369786496001097e+02
3.533052590464162108e+02
4.103949933106773074e+02
3.549515384007697776e+02
4.468327181601918596e+02
3.846135639196879765e+02
4.007003168065684804e+02
4.451844920013488149e+02
4.390898668518931345e+02
4.373764739743490964e+02
3.095055393247846496e+02
4.552338967761224922e+02
3.123736946547818434e+02
3.741326857920056455e+02
4.192241615241143222e+02
3.693587113301869636e+02
4.418280985980650826e+02
3.627535110875126634e+02
4.014478897305345981e+02
4.799690724490995422e+02
4.425434980162574448e+02
4.510412996129035150e+02
5.052122616304405369e+02
4.024661709419347062e+02
4.316521515314742601e+02
3.673953077708340516e+02
3.663159583765003049e+02
3.989623327144202563e+02
4.540032089485790721e+02
3.712931177489857646e+02
4.327408250946787120e+02
3.903164715131783851e+02
3.376420898310921643e+02
4.583067739676992574e+02
3.975706748946138305e+02
4.602643371135836219e+02
4.329590721242905715e+02
4.279102908392704876e+02
4.631786009709636005e+02
4.197868904849725595e+02
4.674897482812534122e+02
3.507116031494378490e+02
4.617105054590959412e+02
4.959407589443114261e+02
5.010225334422587480e+02
4.148419046182608554e+02
4.299550503336054703e+02
4.484717226135583701e+02
4.299693952087911839e+02
3.640974209656293965e+02
3.635478073192266493e+02
3.975517191666897929e+02
4.097601301203135336e+02
3.832976265481834730e+02
3.423710828628641138e+02
3.017761107211240414e+02
5.183639505909217178e+02
4.458167936068579706e+02
3.835446657915609876e+02
4.176965347802257611e+02
5.252061486643435728e+02
4.427943284052197441e+02
4.275227742824667985e+02
4.487183520033591435e+02
3.142061499963676852e+02
4.097936356502116837e+02
4.346753339768717410e+02
4.866581902116104743e+02
2.852606509929779008e+02
4.911713953352310114e+02
4.656122090462266669e+02
3.757030397712688909e+02
5.031737524031508428e+02
4.538056595245923859e+02
4.269545122983225838e+02
4.985766297596936170e+02
4.641804880392942891e+02
4.680282958810842615e+02
4.616548678360540521e+02
4.166924959806171955e+02
3.568621733121179318e+02
5.058080862676202401e+02
3.822871325547413335e+02
5.067421425690011461e+02
3.678663319938976883e+02
3.732043674406990590e+02
3.995664568865288402e+02
4.761926815930557950e+02
3.331186383680532117e+02
4.728821917903664485e+02
3.915260518815199475e+02
4.362694594635856902e+02
7.022319498691696253e+02
4.535119994368611742e+02
4.312676064131018734e+02
3.866648810712507043e+02
4.767173966346717862e+02
4.475651265018187814e+02
4.996361012555556727e+02
3.314145696593799357e+02
3.905365628838854946e+02
5.357002445698756219e+02
3.966581359060115801e+02
4.683783108356166167e+02
4.442034050020374707e+02
4.540312839185854727e+02
4.303416447198615060e+02
4.100110629726700608e+02
3.780366435738084192e+02
5.047792513266192032e+02
4.727532928404830272e+02
4.809492372778631761e+02
4.587068935219875812e+02
3.955541952970736475e+02
3.229297809137951845e+02
3.773907143368728043e+02
3.608823245829253210e+02
4.293862760324903434e+02
4.150955015188661150e+02
4.360801071111337706e+02
5.592932607878840372e+02
4.572069318945286795e+02
2.870707693146316046e+02
3.923648172263097536e+02
4.611073034575350107e+02
4.147257111292562399e+02
4.699169011626828478e+02
5.104513174384602507e+02
4.846207056182626047e+02
3.778614311697538710e+02
3.684911537716314456e+02
3.869394829676637073e+02
5.349738815685055897e+02
4.193843118092237887e+02
4.069396202686118613e+02
4.031340273452257179e+02
3.159447488688809926e+02
3.620434397658178796e+02
3.852169708480372492e+02
3.886517487478716930e+02
4.315415935291497362e+02
5.152559284551399514e+02
4.090549770415395869e+02
3.703186908702963933e+02
4.129890590612324104e+02
4.266110550010179736e+02
4.636024920327026280e+02
5.366267185800868447e+02
4.031143543735423691e+02
4.202282003237228309e+02
4.171889311254384438e+02
3.896572220349988243e+02
4.262183128111108772e+02
4.393510460436680773e+02
4.046142135376070996e+02
2.854984685308788244e+02
5.314861300938779323e+02
4.425145008757033906e+02
4.790862478448106003e+02
3.667447676811601696e+02
3.177974919625152097e+02
4.555135193788505035e+02
3.640364552460899290e+02
3.794471546581447114e+02
5.390138082743903851e+02
4.017901174671089848e+02
4.807918535043966699e+02
4.163021104487763182e+02
5.399188674352172939e+02
4.018012859770750538e+02
4.283145089293261663e+02
4.766031499501567055e+02
3.939048420408945503e+02
4.064880640904432312e+02
4.459750995508721871e+02
3.940780051770654495e+02
3.653336418164587371e+02
4.516984998231994268e+02
3.926855276501055414e+02
4.607636412334420584e+02
4.160009705332697081e+02
5.551403169582142709e+02
4.434623897352991548e+02
4.400640888037941636e+02
5.630778487154625509e+02
4.205751413764297126e+02
3.455318736466506948e+02
4.725384271028792682e+02
3.735468001040618446e+02
5.045914359250800203e+02
5.662463242538128725e+02
4.887278483107321563e+02
4.048054102311543261e+02
4.142329646666256053e+02
3.821521882646010795e+02
5.571551571414474893e+02
3.697849590499922101e+02
3.046828947507285648e+02
4.788221996779985261e+02
4.695120682922620858e+02
5.220569362440998020e+02
3.468910505705007949e+02
4.775328003255876865e+02
4.051129028771003959e+02
5.813772985997454725e+02
3.603822007559134590e+02
4.512664116899256896e+02
5.339305992889245545e+02
3.220145778769441449e+02
3.927863516299825619e+02
4.085317989508363326e+02
4.161648095005698451e+02
4.248981744404448477e+02
5.678997760457593813e+02
3.699074028060420005e+02
3.952270296794442856e+02
4.763742467275497461e+02
4.317587134614255433e+02
3.908033775623405290e+02
4.503415770940213179e+02
4.014207369310758509e+02
4.245028706656831332e+02
3.685342908605828711e+02
3.693594285739462180e+02
3.921980068205783141e+02
3.366863112901442605e+02
4.491233898005683045e+02
4.892480549630040514e+02
3.388389647385549210e+02
4.439865924599442337e+02
4.397956347110322213e+02
3.561185964605249978e+02
5.782068762569056162e+02
4.121661755425411116e+02
4.066672725668709631e+02
4.189165664147740813e+02
4.288274406806110619e+02
4.201658001166647978e+02
4.271912027388875117e+02
3.886459083344032024e+02
3.717528709986891613e+02
3.089386093647648863e+02
4.325434805974804249e+02
5.865710655875358270e+02
4.358357319160050452e+02
4.398971759346684962e+02
4.915520468446243854e+02
3.309464144113534303e+02
4.573050918261569109e+02
4.169412771016958459e+02
4.315526595757216342e+02
3.630652047326202592e+02
5.353744109763706547e+02
3.604286166734787571e+02
4.936288773813389525e+02
3.534005500030073108e+02
4.586550470445304768e+02
4.827515683815589114e+02
4.062372337014808750e+02
4.493835443584013660e+02
5.230039029331478559e+02
3.717230541509816817e+02
4.104804477814267329e+02
4.460364751239883958e+02
4.408604343033918553e+02
3.953930203780222996e+02
4.579414919674334215e+02
5.506182999826938840e+02
4.328149061286737265e+02
4.001010084139865626e+02
4.185632726316277967e+02
3.597061472810877376e+02
5.923978514245947053e+02
4.748318652548986734e+02
3.564637956355307438e+02
3.995328488932365190e+02
4.892241809921591766e+02
5.024393972570344431e+02
4.438622018994049085e+02
3.198468623095884595e+02
4.137957533636426888e+02
4.127491922554477810e+02
4.572693321015867127e+02
3.488953370241330845e+02
4.651620873555765456e+02
4.306934015520949970e+02
5.093216585175821365e+02
4.328319150521082861e+02
3.999688306354892688e+02
4.180015683047113839e+02
5.114287157555809245e+02
3.384495013772616971e+02
3.868747261025393982e+02
4.497296657039547654e+02
3.861853523864697877e+02
5.123086713848326781e+02
3.255636024612936694e+02
5.044083338396732756e+02
4.823796262606711593e+02
3.478247994816991877e+02
3.863042099237231923e+02
4.480461921375124348e+02
3.443645081967129045e+02
4.038122325513293163e+02
4.929911452159379905e+02
4.884904406264079171e+02
5.360185983356051338e+02
3.470018134996136610e+02
3.357393446010961497e+02
3.480977619638052261e+02
3.562260805610239913e+02
3.689043886403753163e+02
4.078026694378233401e+02
4.727048276550340233e+02
4.065606081735254520e+02
3.927476204669810045e+02
4.449609168752394339e+02
4.301380499556179871e+02
5.394645447454056466e+02
4.515850728458377716e+02
4.425455472841411506e+02
4.410804232107047937e+02
5.255751193467999656e+02
3.436086357378179059e+02
3.691074710876479230e+02
3.693150619242645689e+02
4.200082114164098925e+02
5.501092618403880579e+02
3.425754973342611152e+02
4.989012337924683607e+02
5.239624479857387769e+02
4.243574751093361215e+02
4.720390205196267175e+02
4.684212429977797001e+02
4.029406789204006145e+02
4.474177841409822349e+02
4.389850467996429870e+02
4.058809684799032880e+02
4.243022473398709735e+02
4.816388159207211856e+02
3.800012766938915547e+02
2.980370165405632861e+02
4.599506966639865482e+02
3.805232252238645856e+02
4.261916723286230422e+02
3.460740074652779867e+02
3.689040812501927462e+02
4.043414559822894034e+02
4.147043987432659833e+02
4.110773995159424317e+02
4.784777177467520914e+02
3.674607818797176151e+02
5.794678932491275418e+02
3.939346588886020868e+02
4.870991926601782325e+02
3.422966944386865862e+02
4.462555418607536808e+02
4.269417043740496069e+02
3.461688885682922887e+02
4.777354729192835521e+02
3.623201933935087027e+02
5.527620391158105804e+02
4.616604008593399726e+02
3.881813393051731964e+02
3.905191441068742506e+02
3.088797953765032958e+02
3.729675745367399600e+02
5.005665713381401360e+02
4.278863144050314418e+02
4.157120237616709915e+02
3.988236997420893886e+02
4.850192882216381349e+02
3.965068999361960209e+02
4.646259988772061433e+02
4.146203787600351234e+02
5.304136457469545576e+02
5.053736414762802838e+02
5.174604283810076595e+02
4.610048400633510823e+02
4.187752693941944244e+02
4.331702491797036600e+02
5.071566069984752403e+02
4.225783007327259497e+02
4.735672620438803619e+02
3.169341354031212177e+02
3.463589581645035196e+02
5.099546773668506034e+02
5.974447883685194256e+02
4.424060946046568006e+02
4.551266176024118977e+02
3.623800320157121746e+02
3.744724544071196419e+02
4.586901919887355916e+02
4.434865710963265428e+02
3.994289510115340249e+02
3.596741787021023242e+02
4.039328319662837998e+02
3.902218978003465963e+02
4.654011344542077495e+02
4.592483100968555618e+02
4.420883556192923152e+02
4.071909629745451298e+02
4.015569107819463284e+02
4.666809022475653137e+02
4.314914889293938245e+02
4.722570626224501780e+02
5.275109602531173323e+02
4.560673340244147766e+02
4.641767993571036754e+02
4.099861643678833616e+02
4.375468705988770353e+02
3.469185107601421123e+02
3.949559115384335541e+02
5.450316883416022620e+02
4.113655265803877228e+02
4.048371738833513405e+02
3.649388503586679917e+02
3.972109259176339719e+02
4.255291440218296088e+02
4.588244190351165344e+02
4.180811823619923189e+02
5.079718057626027417e+02
4.254845724453596176e+02
4.419556655238241092e+02
4.891283777185972212e+02
3.913130304850114953e+02
3.534338506061170619e+02
4.166522278667029013e+02
4.804297478693505923e+02
3.655310887770512522e+02
4.917018483269213220e+02
4.169153538629673221e+02
4.202182613744869855e+02
3.587033380422093956e+02
3.228939187258308152e+02
4.765077565301714344e+02
4.478517166153512790e+02
3.676859964201339608e+02
4.390097404776412873e+02
5.441265267173812390e+02
3.940703204225016520e+02
4.283673800407250951e+02
4.149826893218696000e+02
4.435268392102408370e+02
4.794898511545011957e+02
3.557905086723479826e+02
4.953532338420606607e+02
3.427721245877000911e+02
4.150542087710099963e+02
3.703236091132172305e+02
4.773667071636155015e+02
3.711581734588455106e+02
4.419550507434590259e+02
3.773256500815659820e+02
4.211302880461183804e+02
4.466450052220469047e+02
4.723358569725776306e+02
5.466160798058687078e+02
4.593223911308505762e+02
3.763132092836343645e+02
5.446010346958471473e+02
4.256946224034367106e+02
4.833981123988596664e+02
4.654413001047278158e+02
2.775132912953350797e+02
4.135990236468094849e+02
4.750559526979790235e+02
6.183392261739052174e+02
4.061256510652145835e+02
4.153149781092081412e+02
4.464447917498114293e+02
5.646820156148064598e+02
4.649364629615835156e+02
4.818311397116044645e+02
3.352906573979646510e+02
4.869854582926340072e+02
3.876936135488575701e+02
4.493083362270703560e+02
4.129660047975410180e+02
3.161852304550307053e+02
4.696082814194007824e+02
5.717350833534588901e+02
3.186986575143630489e+02
3.894222734721350321e+02
4.819354474468837566e+02
4.051819632047803452e+02
5.336351973234922070e+02
3.522755019348675205e+02
4.507853460542320363e+02
4.084543366248332745e+02
3.656016860556439951e+02
3.860607568991421203e+02
4.327976922784508247e+02
3.502363779272126862e+02
3.719679416630813193e+02
4.599933214359671183e+02
4.581663991176671971e+02
3.688034621971041247e+02
4.065908348748097296e+02
3.840544211776261250e+02
3.796972678033477564e+02
5.311831458372760153e+02
4.078004152431512921e+02
3.797478847200746372e+02
3.449369711800186451e+02
3.364008482739477586e+02
4.557962158834040451e+02
4.118139063933367083e+02
4.400583508537199009e+02
3.237011253452120059e+02
4.424993362933641947e+02
4.628731575929012365e+02
5.241289510012876462e+02
4.050371824287984168e+02
4.287366581133640580e+02
5.615865964765092713e+02
3.909653721885453592e+02
4.333855247708841603e+02
5.079745722742457588e+02
6.020489809861753656e+02
4.114669653406298266e+02
4.311804100646513120e+02
5.556689256088093316e+02
4.271562627214707959e+02
5.660880183097987128e+02
3.574653753136788623e+02
3.785550058849850643e+02
5.714844578912849329e+02
3.098584232543541930e+02
3.610634798638425309e+02
3.540218880253387965e+02
4.530523486505519486e+02
4.765450532056543693e+02
3.283805260941988990e+02
4.271082073895985332e+02
5.219731211876572843e+02
4.470338538029749884e+02
3.657117317409975499e+02
4.940327880812120611e+02
3.295076234302223952e+02
4.452200467991306709e+02
4.688383714755025835e+02
4.316322736330025691e+02
3.683841819881033643e+02
4.661840572491673242e+02
3.650979760098356905e+02
5.329001249336165529e+02
5.361898146672865550e+02
4.290054195963085704e+02
5.079010035572216566e+02
3.527431448659230568e+02
3.837167018303958343e+02
3.366188903767712191e+02
4.752134389348397576e+02
4.542530147035995469e+02
5.168274095317392494e+02
5.244290662828524319e+02
4.827292313616268302e+02
4.284012954241999864e+02
4.477971036262512712e+02
4.538675474146795068e+02
3.680346793505419214e+02
4.637456333943775917e+02
4.355070293474628897e+02
5.302928414052116750e+02
4.035287163396222923e+02
4.861789689170121278e+02
4.669996658668715668e+02
4.432460895101768301e+02
3.611734230858019146e+02
4.766028425599741354e+02
5.237472748579524477e+02
5.051563166172161345e+02
3.510600811530574674e+02
4.041499518985596069e+02
4.362393352256955836e+02
4.769898467998069123e+02
4.379690197829149270e+02
3.980595277482654524e+02
3.767599496822763854e+02
4.137528212014796054e+02
4.635152956842520666e+02
4.544605030768220217e+02
3.344814015106998113e+02
4.173283838049227938e+02
3.241754283968895152e+02
4.420731910369531192e+02
3.659862311740163250e+02
4.147060381575729480e+02
4.095588920141362337e+02
4.447947212498730778e+02
3.440868323984744279e+02
5.234780010580369662e+02
4.493482969508020801e+02
3.354992728685231782e+02
4.490417264754037205e+02
4.154970555606730045e+02
4.256811996987985935e+02
3.956331945739894991e+02
4.501447449137939429e+02
4.920074966317720850e+02
4.051807336440501786e+02
4.168963981350432846e+02
3.678556758009025316e+02
3.783129873479225580e+02
3.755794689178830481e+02
4.301953269929667840e+02
4.086570092185290832e+02
4.653776703369396159e+02
3.503223447149330241e+02
3.148949089320722123e+02
4.477358305165292336e+02
6.529846613323541078e+02
4.265589011333783560e+02
5.987888007100303867e+02
3.100062779321616517e+02
4.212832658936350185e+02
5.080565429895929128e+02
3.485698108208106873e+02
3.436758517244025484e+02
4.040897034227794506e+02
4.987885240588660167e+02
4.468899951975407134e+02
4.251049455699080681e+02
4.169571589277943531e+02
3.678013702019850371e+02
3.851851047324460637e+02
3.948225041992060369e+02
5.026439141918256155e+02
3.268358904268758351e+02
3.957071731445902856e+02
3.511746352277551182e+02
4.015537344167266269e+02
3.265313692193611246e+02
4.261426948262031260e+02
4.646522295061172372e+02
3.953248822208899469e+02
3.736128889933104915e+02
4.280856057067192069e+02
4.863163723286128288e+02
3.742647611071087681e+02
4.405473061707656939e+02
4.594477038619375548e+02
4.648811327287241397e+02
3.608724880970836466e+02
4.034519712573785455e+02
3.947101018557862631e+02
3.927724166083735327e+02
3.807609402983713380e+02
3.745666182663746895e+02
4.812067277874474485e+02
3.958701924047369403e+02
3.597267424233186830e+02
4.358281496248354188e+02
4.388498975827143340e+02
4.718150355399405953e+02
3.717805361151188777e+02
3.081475919616647730e+02
4.352960572188381434e+02
3.843797424541601799e+02
3.688225203884223333e+02
4.548650285570602705e+02
3.377862558267090094e+02
4.686459452212251335e+02
4.517560842507307939e+02
4.597459748024070336e+02
4.579458978933833464e+02
3.616270285318543074e+02
3.596015321556259323e+02
4.581338157583167003e+02
3.720662040581037218e+02
3.942909241101797306e+02
5.617607842466220518e+02
5.049494430243587431e+02
4.955391024391103656e+02
3.784416813710175802e+02
3.870081334417669154e+02
3.721536053333426253e+02
4.222328966309318616e+02
4.552291834599900540e+02
4.676061466970463698e+02
4.000596132027362160e+02
4.280076310637452366e+02
4.201292206849411741e+02
4.868862737270639514e+02
4.996076164319725308e+02
3.806782523392649296e+02
4.727095409711665184e+02
4.119606339738081147e+02
4.572159486732168716e+02
4.513875234218511423e+02
4.164123610609182720e+02
3.791458098158497023e+02
3.974733346701390815e+02
3.280617624748926460e+02
3.829925930236978502e+02
4.562917288576776400e+02
4.142943402397418140e+02
4.524535525749409430e+02
3.901632887388733479e+02
4.059677549747771081e+02
4.361977350876568948e+02
4.363905711955111428e+02
4.658804582122002671e+02
3.953793927465958404e+02
4.816118680480508374e+02
3.958176286835205815e+02
4.243379046010470006e+02
3.956092181397504532e+02
3.765073774156129502e+02
3.605291332631732075e+02
3.836769460334524524e+02
4.858801856595717368e+02
4.828431706559593977e+02
3.735253852546773601e+02
3.663133967916456868e+02
4.489894701443698750e+02
4.767535662128187255e+02
4.666044645555040802e+02
4.169726309003161191e+02
3.612274212945368390e+02
4.882716812798251453e+02
4.837082690930544686e+02
3.772995219160490592e+02
3.442760822875321765e+02
4.375329355772680060e+02
4.514747197703016468e+02
4.500118498915373948e+02
4.769019332075970965e+02
5.037159886851723058e+02
4.187493461554658438e+02
5.165799604347849936e+02
5.394428225058386488e+02
4.188100044848227412e+02
4.223113835908768010e+02
3.893509589497829779e+02
4.029491833821178375e+02
3.532055621638752427e+02
4.362202770343773750e+02
5.135253217273730115e+02
4.451236287452035754e+02
4.679450956050068839e+02
3.901116471882046426e+02
5.457435015409981816e+02
4.421841588928543274e+02
6.056927842101450779e+02
4.398478910420660668e+02
4.350764781651019462e+02
3.775936943207511831e+02
3.427248889629813107e+02
5.209532005619502115e+02
3.678958414514226547e+02
3.456816751289476315e+02
3.787577809420751009e+02
4.886885023673655155e+02
3.568143229070340681e+02
4.525820416712476231e+02
4.286085788706341191e+02
4.371521816044804609e+02
3.949596002206241678e+02
3.853666698669400148e+02
4.270821816874757815e+02
4.776031926773920304e+02
4.816937363000038204e+02
4.357237394261619556e+02
4.507131093613323287e+02
3.858919996889211461e+02
4.804493183776397132e+02
6.276602186794251566e+02
4.434880055838451085e+02
4.430882958831335259e+02
4.285055006960850505e+02
5.097047691484359575e+02
3.511615199132995713e+02
3.795662171221864583e+02
4.034301465544173197e+02
4.136143931559370799e+02
3.605839511790616712e+02
4.382246659514038924e+02
4.564613057750520966e+02
4.810981165896124594e+02
4.622788699066343270e+02
3.683893051578126006e+02
3.906789870018012039e+02
5.201076726331442615e+02
4.588351776915058622e+02
3.358297173147664125e+02
4.064872443832897488e+02
2.849283622056393028e+02
3.985542210153856217e+02
4.566806799019998948e+02
2.878259245297672919e+02
3.935671226936642597e+02
3.996141023648244186e+02
3.967283233310275818e+02
4.277238074618556993e+02
5.253075874245856767e+02
4.417264549110346366e+02
4.873988980881662769e+02
4.593327399336631629e+02
5.300982634196564049e+02
4.879237155931764960e+02
4.366893544529515339e+02
5.116570041978228005e+02
3.635841818241619308e+02
4.834389952931390440e+02
3.785086924308138805e+02
4.437885307189866353e+02
4.394520749503334400e+02
4.877892836200070974e+02
3.511564992069845630e+02
4.492294394135487323e+02
4.526225147119503163e+02
3.646300256885975841e+02
3.583016815370082782e+02
3.555554576460900194e+02
4.267363677321049522e+02
3.297297640688132105e+02
5.582777460881269462e+02
4.358130875058903371e+02
3.710883958874062500e+02
4.474634828147882786e+02
3.828933059947335664e+02
3.279625779093225333e+02
4.176452006197395690e+02
3.578242021201110674e+02
5.225049062034720464e+02
3.976531579269318968e+02
5.160254285454614092e+02
4.169577737081594364e+02
4.735154155664232576e+02
4.983731374588442691e+02
4.540439893794642785e+02
5.458989385099753235e+02
4.355106155662593324e+02
4.388278679529647661e+02
4.467495178841145389e+02
5.101897283931086235e+02
4.769157657658118978e+02
4.427897175524814770e+02
4.992414122611590983e+02
3.843303550981635226e+02
3.337696907746980628e+02
4.320137448495494255e+02
4.063440005582205572e+02
4.761259779234420080e+02
4.310943408135368031e+02
4.252932732884181632e+02
3.794153910059476971e+02
4.612473709173845009e+02
5.288001546787398865e+02
4.226435699148211711e+02
4.113662438241469772e+02
3.913348551879726642e+02
4.168663763605473491e+02
3.814905821283552996e+02
4.501258916492641333e+02
4.160816092244924675e+02
3.912905910016852431e+02
4.497150134385864817e+02
3.782577595784574100e+02
5.181790041644197800e+02
3.852360290393554578e+02
5.039465313220861731e+02
4.290359536877753612e+02
4.127727588361100857e+02
4.690014931990434661e+02
3.808997781974906047e+02
4.335234404994557735e+02
3.688606367710587506e+02
4.525311173643382290e+02
3.804466850684091810e+02
4.010554549308100718e+02
4.765228186491164593e+02
5.086300306068404780e+02
4.679565715051555230e+02
4.262366537586698314e+02
5.803442626595829097e+02
5.165266794698093236e+02
3.423924977122485416e+02
5.003368484083797512e+02
4.520702370172987798e+02
3.624261405430949026e+02
4.242146411378436710e+02
5.033683303887061697e+02
4.408598195230267720e+02
4.308922830002060778e+02
4.895216322254752299e+02
4.193972221968909935e+02
3.818175428191962624e+02
5.147093887105627346e+02
4.107219540015183270e+02
3.691484564453214716e+02
5.329409053645017593e+02
3.687335821622706362e+02
4.005152679166722578e+02
4.069219965648122184e+02
4.000550023499979488e+02
3.929225254808530394e+02
3.759969047857885016e+02
4.600891247095290737e+02
4.495188985021183612e+02
4.041665509684174253e+02
4.443122211266608588e+02
4.684371248238782073e+02
5.259307697880124124e+02
5.125080651499147280e+02
4.406207724243955681e+02
3.399275358383652019e+02
3.895372374004094240e+02
4.528614593471872922e+02
4.593459577115128809e+02
5.418957961626024371e+02
3.561889888123293986e+02
3.722758441626040735e+02
3.980707987216256925e+02
3.864715326464255440e+02
4.239862502322076807e+02
3.608731028774487868e+02
5.081691502598010857e+02
3.001274747087042556e+02
4.653563579509493593e+02
4.093129798680947715e+02
4.406654464642597873e+02
4.337217071672017141e+02
4.137179836474570607e+02
3.748285147019088868e+02
4.465260452213993290e+02
4.721775510285634141e+02
4.738937104177504125e+02
4.296853666801133045e+02
4.471939016246903407e+02
4.288253914127273561e+02
4.895444815623782233e+02
4.177193841171287545e+02
4.504047970082328334e+02
4.779605849963056698e+02
4.890964091396118079e+02
4.390570785657542956e+02
4.785823328722138967e+02
5.414516173488150343e+02
4.063365207304451587e+02
3.249446210970284028e+02
4.472695196095980918e+02
5.161453107166566951e+02
4.492252384143871495e+02
4.511297255220842999e+02
4.402415554025207598e+02
5.308429673685852777e+02
4.893266443863431618e+02
4.209086597244984773e+02
3.424962931305569214e+02
3.522053145098515188e+02
4.253372300845230711e+02
3.910752129471105718e+02
4.023513094770544853e+02
4.030938616947055948e+02
4.949906158900436708e+02
5.040728686871150330e+02
4.454276376357473737e+02
4.563372226046952846e+02
4.167345059722326255e+02
5.020731930862210106e+02
4.145960949356135643e+02
2.950918087381397186e+02
3.827383813427274504e+02
4.121555193495459548e+02
4.048597158300718206e+02
4.072309236982768539e+02
4.455509010989506464e+02
4.763655373390441241e+02
4.243603440843732528e+02
3.627455189427662958e+02
3.616330738721111402e+02
4.679783962081166919e+02
5.353667262218068572e+02
4.213887007262503062e+02
4.358899350515283118e+02
3.881730397702442588e+02
4.190502811441841118e+02
4.447995370293997439e+02
3.482845527314025844e+02
5.524889741703103709e+02
4.193680201295485404e+02
5.399608774268326670e+02
3.896529185724431272e+02
4.101147559275842127e+02
5.901124054173216109e+02
4.001320548224242657e+02
5.009676130629761701e+02
3.731179907994019800e+02
2.962587643345007677e+02
4.040201307781285323e+02
4.122745818135877585e+02
3.807324554747881962e+02
2.952710172145674505e+02
4.394218482490491624e+02
4.243600366941907396e+02
3.281291833882656874e+02
5.663233767262391893e+02
4.348161186804804856e+02
4.265256005302685480e+02
4.740341877311766439e+02
3.532384529134083095e+02
3.197783142988793657e+02
4.379492443478374071e+02
6.240645732507218781e+02
4.057662094784172382e+02
3.733839857707035321e+02
3.572870890077987838e+02
3.937847549429109790e+02
4.596812179372827813e+02
3.868204205036219037e+02
4.038473774955343742e+02
4.339153629822093876e+02
4.220477452776414680e+02
4.868504115390995821e+02
5.629217969661203824e+02
3.661467913127025895e+02
3.606060832722053533e+02
4.543917501393245857e+02
4.750654817936381278e+02
3.427697679296338720e+02
4.049640235653511127e+02
3.490548725288775245e+02
3.803282373847325175e+02
5.584627949780231120e+02
3.805192291514914018e+02
3.584370356807252733e+02
4.264992674379632831e+02
3.852137944828175478e+02
4.512827033696009380e+02
4.597342939754700524e+02
3.505984835622587639e+02
5.059070659064019537e+02
4.950470732202390423e+02
4.021601127835072589e+02
4.539786177339748861e+02
3.637288601367496881e+02
4.709813933648599686e+02
4.038661282966700696e+02
4.444803635565166928e+02
4.999593732642060786e+02
5.325532863443038423e+02
4.034865014212185201e+02
3.771642702357262351e+02
3.807879906344359142e+02
5.377550454768405643e+02
5.192542550229861718e+02
4.680668221172974199e+02
4.799765522768749406e+02
4.408967063449329657e+02
3.406577924487142468e+02
4.660667366628266564e+02
3.532923486587490629e+02
5.181881234065020863e+02
4.824082135476485291e+02
3.779751655372980395e+02
4.398471737983067555e+02
5.027172779820613187e+02
4.008281911225100771e+02
4.375632647419464547e+02
4.488581120730260636e+02
3.373858288822381155e+02
4.451049804074621079e+02
4.911124788835752497e+02
4.525945422053380867e+02
4.955139989075352673e+02
4.059954200912067677e+02
4.762780336004109927e+02
4.018644034278923414e+02
4.311330719765383606e+02
4.185095818130754424e+02
4.223115885176651432e+02
3.831823552297265110e+02
4.958358364286671076e+02
4.072476252315288434e+02
4.469738102539831743e+02
3.506990001519532143e+02
4.149688567636547418e+02
4.230344677636329607e+02
5.037989840344612844e+02
3.720199930673267659e+02
3.639238479758817562e+02
5.481201399690950211e+02
3.162646395855232981e+02
3.699370147269611948e+02
4.500950501676147155e+02
3.777352987315134101e+02
4.523144072856391631e+02
4.144991645647154996e+02
3.796214448916516062e+02
4.893630188912784433e+02
3.737246765563651820e+02
4.497242351440630159e+02
5.442632128852226288e+02
5.175593055563952021e+02
4.799240910190527529e+02
5.470548280597644180e+02
3.389096644805418350e+02
4.650911826868012895e+02
4.974230968679706848e+02
3.175638754237758121e+02
4.580339139489873901e+02
5.039251164727017454e+02
3.305296957872072880e+02
3.578035045144858941e+02
3.851956584620469926e+02
3.322090708178822638e+02
4.557257210682054733e+02
4.956279382018678348e+02
4.813841943861741015e+02
3.896791492013542211e+02
4.005012304316690575e+02
5.477043435154964754e+02
6.794394801499203140e+02
4.839760059420571565e+02
4.668335727048993817e+02
5.114570981157698952e+02
3.667101350539259670e+02
4.379111279652009898e+02
4.867141352248349335e+02
4.548954601851328903e+02
4.507095231425358861e+02
3.710884983508004211e+02
5.127828719731160163e+02
4.715163547458943754e+02
3.782007899312911263e+02
4.123069602461498562e+02
3.663972118480882045e+02
4.385642296397294899e+02
5.702122723890969382e+02
4.358685202021438840e+02
4.404443304596108533e+02
4.152780912873019474e+02
3.869312858961289407e+02
3.775645947168029579e+02
3.537146003061811257e+02
3.745791188004651531e+02
4.742538692483070122e+02
5.571908144026235732e+02
4.673825715709369888e+02
4.726692728572522242e+02
3.986635494569798652e+02
4.359473145522713367e+02
3.927868639469534742e+02
4.930148142599945231e+02
3.658824357557080020e+02
4.744748827895618319e+02
4.248481723040830502e+02
4.247035964548895208e+02
4.452453552574941114e+02
4.853722746146018494e+02
5.044951203345470958e+02
4.142235380343606721e+02
4.460802269933049615e+02
3.148277954088816841e+02
3.541775299211042238e+02
3.643983559543476645e+02
4.355830571859473821e+02
4.126110716000878256e+02
4.010313760331768549e+02
5.241660427499822390e+02
4.249488938205658997e+02
4.009652871439281512e+02
4.457533687658581130e+02
4.028421091351956420e+02
4.503055099792686065e+02
4.701768507937275672e+02
3.601355713661126856e+02
4.187526249840797732e+02
4.224120026439654225e+02
3.993836621913046656e+02
5.087692783595364858e+02
3.830376769171387537e+02
4.506166913074052331e+02
3.776270973872551622e+02
5.362216807828776837e+02
4.819723342687899503e+02
4.216217024846246204e+02
4.960082823210786955e+02
4.479234409912800743e+02
4.622672915430915168e+02
4.520866311603681993e+02
4.553018300064664459e+02
3.964656071883399022e+02
3.840964311692415549e+02
4.144063327295848467e+02
4.233785398413026542e+02
2.623153058896061225e+02
4.474146077757625335e+02
3.922658375875280967e+02
5.404522918653389070e+02
5.000720829978084225e+02
3.956664951770992502e+02
4.707692941388991699e+02
4.986058318270360701e+02
3.948017041301866925e+02
3.854359351214083631e+02
4.423351899358814876e+02
4.862183148603787686e+02
4.589921516113956841e+02
3.877530423174842440e+02
4.493509609990508693e+02
4.108817968964452803e+02
5.816438058880179369e+02
5.025322290921650961e+02
4.297284013056705589e+02
5.804201880346731741e+02
4.292366794769817488e+02
4.966704007742953877e+02
4.551719064226412002e+02
4.982997736686085659e+02
4.578088018719652155e+02
4.109988100926033212e+02
4.074895413051971786e+02
3.818315803041994627e+02
4.661576216934678314e+02
4.248427417441913008e+02
3.963027928549815897e+02
3.637376719886495380e+02
5.003744524740452562e+02
4.177588325238896232e+02
4.166970043699612916e+02
5.199143242083191581e+02
5.209148792525254521e+02
4.002057260028425389e+02
3.427016297725015761e+02
3.356817601735647827e+02
3.303880913764450611e+02
5.136299368528348168e+02
5.950896672532012417e+02
5.354931660502297746e+02
6.167892624100845751e+02
3.955325755209008207e+02
4.353854052985665248e+02
4.039802725177909792e+02
4.836851123659689051e+02
3.707719889261662161e+02
4.182802687368917418e+02
3.326962842572269778e+02
4.242593151777078901e+02
4.632878269491637298e+02
5.130517359194546998e+02
4.259963770993084609e+02
4.943617980399367298e+02
4.745952772777279733e+02
3.622880198877349471e+02
3.613698454124525483e+02
4.064043514973949414e+02
4.495083447725174324e+02
3.670345341599123685e+02
4.213775322162842372e+02
4.773384272668207018e+02
4.228770839901663976e+02
4.002196610244515682e+02
3.867299453265574698e+02
4.270114819454888675e+02
3.940185764084387756e+02
3.153268946019517216e+02
4.804555686446849450e+02
3.014213824504591912e+02
5.074204502384989155e+02
5.015476583374514803e+02
3.864106693902803045e+02
3.999461862253745608e+02
4.982006915664326812e+02
3.646199842759675107e+02
4.235337718834913403e+02
5.228214156281062515e+02
4.420747279878658560e+02
4.168640197024811300e+02
3.771230799512642875e+02
4.858456554957317053e+02
4.245181377114165571e+02
4.484838132940720925e+02
4.079990917644739739e+02
3.962895750771318717e+02
5.153896431845499819e+02
3.951602235464363844e+02
4.559612844114344057e+02
4.299464434084939626e+02
3.920452338998500181e+02
3.238786944073327732e+02
4.552141213410450291e+02
6.245871365610599923e+02
4.468061801410982525e+02
4.200857762058071785e+02
5.033499894411472155e+02
5.037744952832513263e+02
3.977612568077959736e+02
4.424246404790040970e+02
4.948993210058257546e+02
4.502881936656514767e+02
3.984864927118300102e+02
5.182365885919510902e+02
4.732197062108083969e+02
4.083034080452002854e+02
6.237605643601781367e+02
3.992732066523743697e+02
4.104253224753557561e+02
4.282829502039175509e+02
4.105312696249419560e+02
3.780353115496840246e+02
4.391543163268348735e+02
3.853736373777445010e+02
3.667303203425802280e+02
3.593648417150610044e+02
4.685637695790895805e+02
5.195484274276882388e+02
3.887385352427455132e+02
4.070915734821866749e+02
4.132169376498975453e+02
3.813514368390534628e+02
3.943566031458516363e+02
4.130752307757411472e+02
4.322055563234617921e+02
4.110260653554562964e+02
4.085883587444258751e+02
5.387101067740292137e+02
4.123707949407264550e+02
5.028692311956361323e+02
4.942694785217769891e+02
4.477408512228442419e+02
4.096733436254397134e+02
4.742966989470759245e+02
3.660285485558143250e+02
4.066777238330777209e+02
5.045547540299621687e+02
4.582174258879708191e+02
3.985321913856360538e+02
3.485770857217977436e+02
4.345001215728171928e+02
4.796122949105509861e+02
5.851448776038894266e+02
4.802942912622393692e+02
3.514733160218013381e+02
4.349007534440764289e+02
3.857793924187129733e+02
4.929156296944244673e+02
4.903088584829905017e+02
3.966724807811972937e+02
4.231718711752336048e+02
4.538978765793579555e+02
4.505138180596445636e+02
4.510235734457097010e+02
3.111915744760815983e+02
4.925617211309130994e+02
3.711989538897307170e+02
3.699095545373198775e+02
3.805421809517886231e+02
4.181879492187320011e+02
5.664687722825862011e+02
4.698460989573017628e+02
4.887848179578983832e+02
3.910843321891929349e+02
4.563083279275354016e+02
5.288861214664601675e+02
5.078353245215497509e+02
4.242925133174235270e+02
4.672591031809453170e+02
4.367242944703682497e+02
4.035750297937934192e+02
3.813116810421100809e+02
4.394790228230037883e+02
3.736148357977999694e+02
4.855376505328147800e+02
4.698012199906492015e+02
3.959339246359193680e+02
4.495492276667968099e+02
3.930815486686265103e+02
4.508807394742173074e+02
4.695337905318290836e+02
4.339341137833450261e+02
4.763268061760425667e+02
5.086733726225803025e+02
4.868931387744742665e+02
4.079908946929392641e+02
4.180415290284431080e+02
5.304286054025054682e+02
4.374227874285202802e+02
3.550621988664884725e+02
5.833459277922017918e+02
4.183735104255991359e+02
4.652364757797541301e+02
4.169763195825067328e+02
4.741150313491877455e+02
4.381948491036963560e+02
5.005907526991675809e+02
3.811801180439779273e+02
4.795478454356093039e+02
4.427940210150372309e+02
3.366431742011928350e+02
3.659466803038613421e+02
3.876966874506831005e+02
4.049828768298809223e+02
5.414053038946439074e+02
4.594981158518760367e+02
4.529622833270642559e+02
3.841653890335273331e+02
5.252784878206374515e+02
4.787423806939292490e+02
4.694839933222556851e+02
5.053274304855033279e+02
4.410720212123817419e+02
3.519896290650942774e+02
3.028106836121993979e+02
4.013976826673844585e+02
4.609489975135207942e+02
3.261089126451406628e+02
4.233009750519053682e+02
3.255992597224696965e+02
4.273469470980471101e+02
4.137407305209658830e+02
4.116257836016149554e+02
4.182282173326462953e+02
2.959570096386290174e+02
4.899864061814936349e+02
3.810156642963126501e+02
3.551811588671360482e+02
3.371288506896247554e+02
3.242375212137649783e+02
3.945358116222793683e+02
4.881921696859384383e+02
3.759376809439501699e+02
3.566872682982459537e+02
6.089570630220573548e+02
4.611184719675010797e+02
4.272688699916789687e+02
3.714464029866849728e+02
3.195873225321204814e+02
4.024182180734566145e+02
4.375726913742113879e+02
5.022685907789298199e+02
3.683624597485363665e+02
4.305067132478918666e+02
5.219814207225862219e+02
4.340346303730394766e+02
4.564436820712524536e+02
4.039420536717603341e+02
4.565261651035705199e+02
4.752271690296603879e+02
4.493536250472996585e+02
4.358705694700275899e+02
3.322879676314039443e+02
5.073779279299125733e+02
4.876336417242417269e+02
3.178290506879238819e+02
3.601224560516571387e+02
4.325455298653641307e+02
4.315904685681754813e+02
4.422181767397233898e+02
4.145717086477977773e+02
4.625412786591394365e+02
4.792793913428473047e+02
3.948444313655614337e+02
4.001474243315518606e+02
4.814014082363970033e+02
4.112129585864478258e+02
4.147102391567344739e+02
3.670690643237523432e+02
4.589783190531808827e+02
4.196195677622701510e+02
3.325022185886425632e+02
3.225946231514194551e+02
4.032009359416278471e+02
3.620774576126869420e+02
4.350421529280503137e+02
3.377808252668172599e+02
3.454936548006200496e+02
3.765962131783704194e+02
4.130647795095343895e+02
3.972130776489118489e+02
3.925757893549345567e+02
4.208877571920849618e+02
3.426934327009668095e+02
3.703143874077406963e+02
3.738787815012178157e+02
3.821173507105785347e+02
4.416981750142398369e+02
4.324485994944661229e+02
4.164772203894366953e+02
4.922581220939460422e+02
4.815030519234274493e+02
3.935374083093508943e+02
4.877978905451186051e+02
4.846802368502834497e+02
5.534374778102711616e+02
3.254864475254731815e+02
5.995215164418398217e+02
4.262829672128409584e+02
3.148537186476102647e+02
3.998258942006026473e+02
4.181765757819775899e+02
4.723545053103190980e+02
3.588654351318083968e+02
3.540624635294356608e+02
3.437656096577077278e+02
5.366098121200465130e+02
5.325905830197867772e+02
5.936766970474045593e+02
3.869383558703276549e+02
3.475845228223378172e+02
4.414561564771773305e+02
4.518781181532039000e+02
4.605068679676170404e+02
4.262809179449572525e+02
4.020434069775317312e+02
4.725211107892621953e+02
3.776456432616024586e+02
5.023504590308827460e+02
3.754640951360319150e+02
3.833939421387163975e+02
3.413011601007953004e+02
3.693451861621546755e+02
4.107814852335391720e+02
4.456845133649665058e+02
4.012619186700907221e+02
4.603300161492555844e+02
3.363607850868218634e+02
4.166941353949241602e+02
4.754942910982979356e+02
4.457987600494816434e+02
4.463047242899619960e+02
4.603158762008581562e+02
3.567712882814767568e+02
4.327020939316772115e+02
3.841904925651024314e+02
3.612983259633121520e+02
4.586374233407308338e+02
5.174457761156393190e+02
4.476093906881062594e+02
4.727415095501518749e+02
4.220777670521373466e+02
4.889454805599788187e+02
3.655724839883015420e+02
3.985859846675826361e+02
4.069445385115326985e+02
3.843200062953509359e+02
3.620287875004495390e+02
4.819576820034216666e+02
4.072076645077971193e+02
4.492976800340751993e+02
4.501302975752140014e+02
3.987409093195887522e+02
4.404437156792457131e+02
5.118692058871777704e+02
3.449103306975308101e+02
4.495658267366546283e+02
4.135618294347207211e+02
3.917329254743773390e+02
3.905855403863054676e+02
4.579794034232814965e+02
5.758085155892418925e+02
4.382516138240742407e+02
4.808054811358231291e+02
4.064696206794901059e+02
4.335679096125315937e+02
4.798991924142660537e+02
4.329353006168398679e+02
3.710067325622416661e+02
3.232830746969414690e+02
4.810933008100858501e+02
3.298947301334493432e+02
3.685485332723744705e+02
5.257414174355604928e+02
4.190241529786672459e+02
3.946808997884438099e+02
4.655148688217519179e+02
4.585895729356469701e+02
4.506334953040513938e+02
3.813942665378223751e+02
4.083100681658222584e+02
4.466920359199773429e+02
5.521597592847973601e+02
4.645149285579107072e+02
4.168494699005070174e+02
4.338179202943404675e+02
3.546323649278867833e+02
4.643366422520306287e+02
3.980540971883737029e+02
3.467140962887451110e+02
4.775076967940125883e+02
5.370518392025560388e+02
4.800942827167922928e+02
3.657304825421331884e+02
3.785824660746263248e+02
3.939939851938345896e+02
4.944703067743775478e+02
4.180589478054544088e+02
4.384729347555115737e+02
3.755271101234550883e+02
4.306758803116895251e+02
4.115726051000334564e+02
3.809782651574355441e+02
3.628646838702022137e+02
3.978035741895939736e+02
4.097051072776367846e+02
3.775917475162617052e+02
4.595753732510907525e+02
3.877939252117636784e+02
4.455201620806954566e+02
3.717662937033272783e+02
4.162983193031915334e+02
3.602716427535889352e+02
4.737112231127088080e+02
4.503266174384704641e+02
3.920367294381327383e+02
3.493445365442355524e+02
4.231639814938814652e+02
4.189982297399386653e+02
3.456511410374807838e+02
3.952846141069756527e+02
4.916165987829602955e+02
3.910761351176582252e+02
4.038657184430933285e+02
5.322496873073367851e+02
4.139274188251690703e+02
3.963952148365355583e+02
4.658470551456962880e+02
4.287619665717274984e+02
4.354665563067602534e+02
4.698546034190190426e+02
3.489496426230505790e+02
4.051647493545574434e+02
4.447009672441947714e+02
4.173598400669372950e+02
3.639973142295116304e+02
4.385226295016908011e+02
3.807431116677833529e+02
4.665475973717319675e+02
4.383529501209221735e+02
4.963239720385594183e+02
3.401477296724665393e+02
4.731527976144062677e+02
4.434180230856175058e+02
4.262608351196972194e+02
3.662751779456150985e+02
4.276147864104439691e+02
3.738228364879934134e+02
3.477928309027137743e+02
3.558599788536047299e+02
4.439357706164290107e+02
2.800648347373038405e+02
4.705436697449060830e+02
4.517140742591153639e+02
3.230689262030970212e+02
4.805071077319594224e+02
3.753041497777107907e+02
5.215897031666210069e+02
3.235018340435241839e+02
4.374448170582697912e+02
3.933330963013481210e+02
4.129098548575282166e+02
4.453142106583857185e+02
4.763901285536482533e+02
4.851850739934278067e+02
3.930476332851516190e+02
4.511209136701844500e+02
3.802413484264645263e+02
4.598975181624051061e+02
3.967391844508110808e+02
4.131397827140770005e+02
4.280527149571861969e+02
3.865407979008939492e+02
4.178022770030236188e+02
4.177160028251207109e+02
5.600474938324721279e+02
4.928708531911660771e+02
4.790169825903422520e+02
4.086625422418150606e+02
5.425727718079758688e+02
3.972759901729407943e+02
5.710274711532244964e+02
3.475311393939679760e+02
5.108080949770087500e+02
3.267745148537596265e+02
3.904591005578824365e+02
3.548477429824614546e+02
5.380362050304813692e+02
4.132504431797956954e+02
3.505594450090746932e+02
4.758000418665428697e+02
5.032997823779970759e+02
4.891514319822886137e+02
4.466440830514992513e+02
4.409399458972786192e+02
4.303132623596725352e+02
5.005989497707022906e+02
4.706293291424439076e+02
5.061703968294547167e+02
3.896558900108744297e+02
4.744276471648429947e+02
4.418437754973752476e+02
5.219313161228302533e+02
5.065214364179288964e+02
4.977339708059247982e+02
4.239297929020123092e+02
4.458986618588109536e+02
5.288745431029174142e+02
4.342858706155785740e+02
4.488824983608418506e+02
4.397917411020532086e+02
3.442154239581752790e+02
5.266786501021611002e+02
4.801021723981444893e+02
4.011219536736354598e+02
4.470233000733740596e+02
2.904752180497875997e+02
2.602618370067655746e+02
5.295543877233279773e+02
3.779314136679815306e+02
4.792479350808328604e+02
3.333935476546487848e+02
3.665241639934820910e+02
3.710861416927342020e+02
3.937817835044796766e+02
4.442720554761407357e+02
5.017030953064285654e+02
4.822085123923839660e+02
4.902707421003540844e+02
3.906036764070760228e+02
4.913720186610432279e+02
4.707284112446197923e+02
4.095015125133932656e+02
4.247669188324952074e+02
4.452867504687444011e+02
3.435199024384546078e+02
4.505852350453907889e+02
4.214932133883179404e+02
3.947045688325003425e+02
3.588454547699425348e+02
4.267016326414765786e+02
4.750892533010887746e+02
4.498244443435749531e+02
4.168880986001143469e+02
5.985908414324669593e+02
4.819033764045041721e+02
3.474953796693977779e+02
4.427563144859774980e+02
5.481384809166539753e+02
3.954889261149784829e+02
3.766853563313104587e+02
3.683135847095106215e+02
4.397464522818239061e+02
4.363420035466679110e+02
5.435552932948057787e+02
4.453648275751125993e+02
3.193995071305812985e+02
3.696261407890070814e+02
4.181599767121197715e+02
3.913084196322732282e+02
4.242607496652264558e+02
4.168005948614812723e+02
5.460189231445647238e+02
5.107622938398085353e+02
4.969935703195515657e+02
3.671182467529606583e+02
3.938796360459253378e+02
4.380144110665384005e+02
5.100912610712978221e+02
4.067345910168497767e+02
4.378005699628764660e+02
4.358564295216301616e+02
5.506687119726324227e+02
4.738644058870138451e+02
3.552568793154379705e+02
4.136417508821842262e+02
4.683766714213097089e+02
4.735014805448142852e+02
3.480170208091882387e+02
4.356538593913285240e+02
3.892830257194390242e+02
3.425049000556683723e+02
3.682675786455220646e+02
3.785525467635246173e+02
3.470427988572872664e+02
3.969599930652775015e+02
3.475187413232716835e+02
4.060647878090692871e+02
4.973942021908108018e+02
5.250206899208706091e+02
3.868103790909918871e+02
3.309536893123404866e+02
4.731823070719312341e+02
4.023391163331465918e+02
4.972788284089596686e+02
4.081331138840665744e+02
4.074386169982877277e+02
4.062650012813047624e+02
4.319968383895090369e+02
4.372807731641813120e+02
6.079148053764182578e+02
4.603247905161521771e+02
3.505677445440035740e+02
4.218110548370765400e+02
4.821615841578477557e+02
3.528451984065303009e+02
3.595879045241994731e+02
5.182617945869203595e+02
4.310673929408664549e+02
3.323393017918900796e+02
3.748321009207053294e+02
4.837667756911335459e+02
4.751238859283229772e+02
3.981045091783122416e+02
4.258446288125219894e+02
4.555638289053948142e+02
3.875754732553634767e+02
4.460113715924132975e+02
4.211762941101069373e+02
3.076777972993313597e+02
4.386409747219732367e+02
5.006515134919186494e+02
3.959648685809629569e+02
4.836831655614794272e+02
4.631595427796453919e+02
5.470242939682975702e+02
4.517841592207371946e+02
3.561383718956025177e+02
5.063407934539825987e+02
3.755660462132449879e+02
4.302869292673672703e+02
4.045493542090886194e+02
4.338706889423451685e+02
3.818009437493384439e+02
4.041328405117308762e+02
4.845217259794808911e+02
4.491408085775796053e+02
4.564257509772702406e+02
4.436980555419222583e+02
5.161868083913011560e+02
4.077514377407313191e+02
3.846881572706539032e+02
4.316401633143547087e+02
4.924417364963236423e+02
5.050891006306314353e+02
4.705039139479627579e+02
4.751289066346379855e+02
3.084400224886657611e+02
4.449642981672475344e+02
5.052338814066133637e+02
5.188906124370272437e+02
3.253601101604443784e+02
4.338709963325277386e+02
5.037707041376665416e+02
3.121822930344462179e+02
4.594728073935125963e+02
4.644045754823745824e+02
4.106837351554876818e+02
3.952997786893149055e+02
4.271288025318294785e+02
4.556240773811749705e+02
4.459291959502778013e+02
4.499114357652371154e+02
3.802724972982964573e+02
4.045136969479126492e+02
5.277502122785368783e+02
5.094093671830036101e+02
4.656030898041443038e+02
4.465911094767061513e+02
4.272934612062830979e+02
4.733820082271957972e+02
3.500580916213326077e+02
4.355458629738586183e+02
5.522766700175611732e+02
5.220226110070481127e+02
4.052887300615200274e+02
3.486706348006877079e+02
4.015210485939819591e+02
3.652282069838434495e+02
3.500374964791016055e+02
4.377640929945470134e+02
4.028640363015509820e+02
4.169527530018444281e+02
3.224346777930983308e+02
4.257065081571620340e+02
3.235060350426857099e+02
3.462583391114148981e+02
4.235855158975542167e+02
4.740016043718261471e+02
3.879130901391995963e+02
4.037830304839868631e+02
3.413314892654737491e+02
3.983678401013650046e+02
5.520021705845423412e+02
5.233070921165382288e+02
4.892201849197859929e+02
3.940334336005954583e+02
4.590872376411983851e+02
4.710505561559341459e+02
3.949296809095224603e+02
3.978993774631559290e+02
3.335499067941734666e+02
3.797055673382766372e+02
3.999215950107704316e+02
5.229276701678750214e+02
3.696704049752945593e+02
4.117171809492270427e+02
4.116184062372337280e+02
3.830240492857122945e+02
4.835692262671468598e+02
4.424872456128504723e+02
3.395904312714999946e+02
4.059896821411324481e+02
4.045235334337542668e+02
4.388141378581441359e+02
4.213240463245202250e+02
3.902538663793320097e+02
4.134173560489213628e+02
4.144290796030937258e+02
3.181106200951413712e+02
4.507657755459429154e+02
5.060023568629929969e+02
3.530982829901646483e+02
3.233469093915180679e+02
4.717261997771831261e+02
4.777849627386743805e+02
4.430041734365084949e+02
4.171546058883868113e+02
4.212641052389225820e+02
4.140025244931059092e+02
4.655916139039957216e+02
3.633097848545373267e+02
4.668302938762855092e+02
4.941261322333136832e+02
3.844643772177561232e+02
5.021165351019608352e+02
3.887475520214337052e+02
3.902596043294062724e+02
4.618554911618662118e+02
3.870690991613063829e+02
4.566194067922779141e+02
5.697760857200559030e+02
5.033278573480034765e+02
3.733792724545710371e+02
3.448603285611690694e+02
5.038078983497553054e+02
3.932470270502336120e+02
4.424700317626275705e+02
5.054910645260151227e+02
4.455182152762059786e+02
3.803771124237582626e+02
3.132207595345005871e+02
6.127363228531382902e+02
4.657472557997610920e+02
4.249933629336417198e+02
3.287636367250527201e+02
3.697528880076126256e+02
3.891918332986153359e+02
4.602511193357339039e+02
4.229403039043778563e+02
4.630268526841771859e+02
3.029556693149697253e+02
4.932917728144737453e+02
3.504525756889407830e+02
4.157968634520552769e+02
3.837100417097738614e+02
4.147611634636438680e+02
3.457017579542076646e+02
3.831012042215328393e+02
3.462170463635587794e+02
4.803295386698386551e+02
4.974186909420207598e+02
4.991326985999299382e+02
2.834440774774905663e+02
3.865097514924561892e+02
4.211251648764091442e+02
5.170250614191201066e+02
4.775046228921871148e+02
4.145782663050255223e+02
3.332741778004244679e+02
4.589864136613213645e+02
3.697841393428387278e+02
4.521225958117267965e+02
4.376327349232032020e+02
3.147272788191872337e+02
3.948066223731075297e+02
4.148905747304982015e+02
4.446174595779348238e+02
3.875499598702116941e+02
4.418276887444883414e+02
4.627898548534296879e+02
3.831835847904567345e+02
3.989362045489033903e+02
3.488297604518553499e+02
4.830602905882351479e+02
5.515484626750958341e+02
3.741396533028101885e+02
4.504019280331957020e+02
4.931953547605466497e+02
4.179748253588293778e+02
2.992373752034282575e+02
4.025452726822447289e+02
5.411097994658173320e+02
3.372230145488798030e+02
4.552101252686718453e+02
3.581905087543187278e+02
4.124168010047150688e+02
5.208807589422622186e+02
4.221545121343811502e+02
3.556854836933094361e+02
3.887067715905484988e+02
3.856409643731704477e+02
3.868198057232568203e+02
4.370043269266730022e+02
4.463045193631735970e+02
3.710411602626874696e+02
3.599954014428690243e+02
4.449553838519535134e+02
4.553706854073580530e+02
3.330656647932601118e+02
3.826804895250135132e+02
4.357324488146675776e+02
4.929319213740997156e+02
3.250926807016242606e+02
4.983589975104468976e+02
6.267461427399100558e+02
3.751694104143588788e+02
5.960217767500927266e+02
4.511951996309678634e+02
5.116107932070458446e+02
4.054956036543774189e+02
4.681800441678706761e+02
5.275479495384178108e+02
4.730171360805067025e+02
3.603626302476242813e+02
4.148982594850619989e+02
4.834840791865800043e+02
3.790124024766221851e+02
4.140255787567973016e+02
3.165595292339846765e+02
4.410471226075950426e+02
4.613201199272550639e+02
3.921882727981308108e+02
4.653694732654049062e+02
3.757378773252914357e+02
3.865263505623140077e+02
3.699631428924781176e+02
4.260160500709917528e+02
4.331303909193661070e+02
4.419124259714785126e+02
4.877877466690943606e+02
4.297583206167722665e+02
4.067920729809869727e+02
5.036542032584793560e+02
4.540260582854820655e+02
4.100105506556991486e+02
4.482285769791598682e+02
3.679938989196567150e+02
4.098934349961468797e+02
4.305813065988577364e+02
4.202402910042365534e+02
4.315486635033484504e+02
5.344443507473628188e+02
4.163990408196743829e+02
5.167269954054389700e+02
5.114760538436939328e+02
4.185357099785923083e+02
3.796538233242137608e+02
5.652808116904175222e+02
4.292353474528573543e+02
3.780344918425305423e+02
4.614723805310124476e+02
5.696116319723905690e+02
4.042293610290521428e+02
3.870304704616990534e+02
4.915488704794046839e+02
4.850799465509950323e+02
3.344961562394622661e+02
4.496108081667013607e+02
6.626812846409524127e+02
4.176329050124375044e+02
3.788333989269828521e+02
4.390790057321096356e+02
3.394022060163841275e+02
3.971355128595146198e+02
3.892857922310819845e+02
4.550671888337852238e+02
4.754597609344579610e+02
3.650072959059828577e+02
4.354947337401608252e+02
4.523589788621091543e+02
4.528965018279981791e+02
4.346172372323694617e+02
4.195544010435691575e+02
3.669655762956265903e+02
4.668044731009511565e+02
5.377597587929730025e+02
5.787158119358173280e+02
4.599937312895438026e+02
3.914815827684441274e+02
4.333797868208098407e+02
3.962089363859091122e+02
4.694843007124381984e+02
4.176129246505716424e+02
3.846719680543728259e+02
4.520533305572584482e+02
4.057598567479778353e+02
4.936432222565246661e+02
3.908400594574583806e+02
3.922606119544246894e+02
4.098151529629903393e+02
4.162393003881416007e+02
4.477608315847101039e+02
4.378340754927746161e+02
5.817724999111129591e+02
5.155168002567322674e+02
4.256082457621396316e+02
4.557759281313556130e+02
4.227285120685996276e+02
4.065205449863995000e+02
3.931661834322224536e+02
5.507504777611911777e+02
4.135385702442409865e+02
4.238196447532645834e+02
3.370003615933180754e+02
4.995675532448466356e+02
4.706746179626732101e+02
6.044319721447114944e+02
4.414074863649399845e+02
4.320384385275477257e+02
3.480487844613853099e+02
5.389305055349188933e+02
4.406253832771338921e+02
3.376049980823975716e+02
5.153751958459700973e+02
4.810929934199032800e+02
3.491294658798434511e+02
4.276906093221401193e+02
3.596559402179375979e+02
4.351130575968256267e+02
3.805357257579550492e+02
4.259514981326558996e+02
4.017992367091913479e+02
4.003424121706839287e+02
4.761222892412513943e+02
4.641534377032297130e+02
4.110450210833802771e+02
4.653215203969268146e+02
4.932438199459956536e+02
4.419376319664477251e+02
3.538485199623795552e+02
3.312209138443722622e+02
3.986331178289072454e+02
4.067669694494119312e+02
4.437673207963906066e+02
4.340009199163529843e+02
3.871900059664434366e+02
3.683575415056155293e+02
3.921651160710452473e+02
3.572872939345871828e+02
3.875392012138223663e+02
3.916943992381641806e+02
3.907812454691967901e+02
3.977636134658621927e+02
4.451227065746559219e+02
3.629284161013846415e+02
4.310881930098857424e+02
4.516312838366147275e+02
4.511932528264783286e+02
5.305346550154857823e+02
4.434018338693364285e+02
4.527847142649434886e+02
4.932272208761378351e+02
4.121898445865975873e+02
3.214945761514605920e+02
3.590578613860858468e+02
5.010859582832586057e+02
5.834520798685763339e+02
5.370738688323056067e+02
4.372143768847500951e+02
4.480124816808258856e+02
4.157262661734625340e+02
4.737515936900172733e+02
4.061047485328010680e+02
5.540728533176059045e+02
4.109244216684257935e+02
3.863617943512545594e+02
5.621115164449137183e+02
3.856747772932511680e+02
3.948500668522415253e+02
4.155964450530314593e+02
3.693414974799640618e+02
3.369966729111274617e+02
4.025990659641913112e+02
4.560240944720691232e+02
3.920152121253541395e+02
3.843998252794202131e+02
5.158590279933066540e+02
4.834348967573716891e+02
5.246895282308680635e+02
3.526184469152012184e+02
3.614169785737771576e+02
4.918648675870680336e+02
3.183631923618048063e+02
4.190883975268205859e+02
5.863759752850096447e+02
3.851204503307159825e+02
3.876872608184181672e+02
3.193489926772485887e+02
3.532568963243613780e+02
5.408598912474026292e+02
4.505971207991161123e+02
3.507627323831356421e+02
5.118120313132231445e+02
4.851836395059092411e+02
3.899748585569690817e+02
4.390667101248075710e+02
5.101591943016417758e+02
3.774151006246885913e+02
4.178117036352884952e+02
3.036123572082946680e+02
4.712272030475072597e+02
4.796921138946203200e+02
4.877196085119620648e+02
4.544665484170789114e+02
4.106038137080242336e+02
4.276370209669818792e+02
4.778523836520474219e+02
3.948179958098619409e+02
4.750482679434152260e+02
4.631580058287326551e+02
3.967719727369499196e+02
2.777360467142909783e+02
3.542635991722187327e+02
4.111702313510730846e+02
4.510603578042217805e+02
5.069055716827245419e+02
3.549766419323448758e+02
4.218484539759537029e+02
4.397928681993892610e+02
4.186487271023772223e+02
4.198740868334231209e+02
3.141842228300122883e+02
4.120336903738612477e+02
3.299330514428741594e+02
3.128651090932880834e+02
4.395193934003123104e+02
3.861375019813858671e+02
5.288121428958594379e+02
4.705259435777122690e+02
3.153929834912003685e+02
5.880369069047314952e+02
4.545770039560092073e+02
4.314872879302322417e+02
5.856864991055457494e+02
3.971808016797439223e+02
3.744426375594121055e+02
3.379570623048136326e+02
3.422608322507221601e+02
4.223240890517556068e+02
3.853070361715249419e+02
3.502461119496601327e+02
3.630712500728770920e+02
3.780774240046936256e+02
5.137836319441107662e+02
5.069282160928391932e+02
4.431475197249718576e+02
