4.537645717035246093e+02
5.658767387909913396e+02
5.230699918223965597e+02
5.814463589274255355e+02
4.691632828984598973e+02
5.865564133221676002e+02
5.223924013966579878e+02
6.642803283705871991e+02
6.020774658097584506e+02
5.688000194270595102e+02
4.863016175998503172e+02
4.787992478777013048e+02
5.584304165454609574e+02
4.906025185707217133e+02
5.528085574967700495e+02
4.849689786950938242e+02
4.475644092580594702e+02
3.846700212498833480e+02
5.212615129150497069e+02
4.483574759290432894e+02
4.578833952229311421e+02
5.053639074538328373e+02
4.755006438287373385e+02
5.077242542022543148e+02
5.572175573485055793e+02
5.178557321557693740e+02
6.171910213786798067e+02
5.336334554457911281e+02
4.627411847411923418e+02
6.290633523993801646e+02
4.872551419461261730e+02
5.098558001914631177e+02
5.752227323646922059e+02
5.087906932089209135e+02
5.650232187174390219e+02
3.621449809894541545e+02
5.131828890640101690e+02
4.171453841829102771e+02
5.146704526207728350e+02
4.778413176054755809e+02
4.208593748318959911e+02
5.263906255011100939e+02
4.976220807794759367e+02
5.529703471961865944e+02
5.380962485794731265e+02
5.833287139419788900e+02
4.694186216767662927e+02
4.648724233402185178e+02
4.997419459417477015e+02
5.409367387930406039e+02
5.574464605711125387e+02
5.238937975116355119e+02
4.648235483011927727e+02
5.015566751161396724e+02
4.524659506456372355e+02
4.596519134065461571e+02
4.612740113998723359e+02
4.570823364072010122e+02
4.155330202120316017e+02
4.640913448863542499e+02
4.911244671006948010e+02
5.828302295292739927e+02
4.989268496410143712e+02
5.042657047949692242e+02
4.656682565228452972e+02
4.466931630173133385e+02
5.530699416153333914e+02
5.480280253777235657e+02
4.272200974160473947e+02
4.808947267521573394e+02
4.337828778135295238e+02
4.798123034559980624e+02
5.533666756048901334e+02
4.983441403182902150e+02
5.150698549313018475e+02
5.321537815703806018e+02
5.583337935647455197e+02
4.622665742993322624e+02
4.804370227703376486e+02
5.805867935136162714e+02
5.078981345821845252e+02
5.070637751633445873e+02
4.962569609787631180e+02
4.433715047046579798e+02
5.584316461061912378e+02
4.839205732458036096e+02
5.719764871101561994e+02
5.004974085470660157e+02
6.015721163496432382e+02
5.841165549798593020e+02
4.819130079635574475e+02
4.932308070949342778e+02
6.185278612825978826e+02
4.920096483630499620e+02
4.529226299935151019e+02
4.617493390854916697e+02
4.287277437980700370e+02
4.682276896461662545e+02
4.961335950521656741e+02
5.192545624131686282e+02
4.398354929713697743e+02
6.063307213023343820e+02
5.813867252320104626e+02
5.697599989671689400e+02
4.628007159732131868e+02
5.046189985781154519e+02
5.032225249787824168e+02
5.001947316806466119e+02
5.655474214420841008e+02
4.928566107793744777e+02
4.324913267298408073e+02
5.382524027922094092e+02
4.724035852761331853e+02
5.325073827437093996e+02
4.837764072501868213e+02
4.856847879668629275e+02
4.882601029162823920e+02
5.039386416407340334e+02
5.421863823485081184e+02
4.868549199284436781e+02
5.976669290071102978e+02
5.076462795592803445e+02
6.157115524300577363e+02
5.555053940316917078e+02
4.729903931346246964e+02
4.708520845613998063e+02
3.883529654904313020e+02
5.468176253022286346e+02
6.099003410289149087e+02
4.803672451988983312e+02
4.527741605353425598e+02
4.835430981016299370e+02
4.390220360849434087e+02
4.363299128661542454e+02
6.823717775646766768e+02
5.369219156187308499e+02
4.572050875534333727e+02
5.323537901158276782e+02
6.694783988209331937e+02
4.997881569325246573e+02
5.649426824896104335e+02
5.638251142492460986e+02
5.747076488821295470e+02
6.544367725547290320e+02
4.221428313074441689e+02
4.271081049262043052e+02
4.896512484191179055e+02
6.923510973778285233e+02
4.000539777160561243e+02
3.709834733717618747e+02
4.768855390645276771e+02
5.948686537119465356e+02
3.409795275064518592e+02
5.891368514412962440e+02
4.761668608177213855e+02
5.737052494968278324e+02
4.526827631877304725e+02
5.998287016976032646e+02
4.823031885686099258e+02
5.746572368921910083e+02
3.814079966326430053e+02
4.199899729322451662e+02
5.068350768675260269e+02
5.435967909694502396e+02
5.515263305819521520e+02
4.542272963916593653e+02
5.022177689354145400e+02
3.765076848057955203e+02
4.926390809935219295e+02
4.651337049953876317e+02
4.518611092297693403e+02
5.478032206908840180e+02
5.928312715819928371e+02
6.861878217542696348e+02
5.765484037586442128e+02
6.178779359732890271e+02
4.342276714076820667e+02
5.011132135461115240e+02
3.776029160262277742e+02
4.607387426286553591e+02
5.324241824676320221e+02
4.836490452512161369e+02
4.335097104046351433e+02
5.345112593437650048e+02
5.161722585893270434e+02
4.581879164304458527e+02
4.634802532034411797e+02
3.545545952117011552e+02
3.867085304771730421e+02
4.704959218032163903e+02
6.636363459381409484e+02
6.966538426897952831e+02
5.165279090305394902e+02
4.183483044306298666e+02
4.997902062004083632e+02
6.946512981138640725e+02
5.738174469134593210e+02
5.184132354835242040e+02
5.516627093596109717e+02
4.061905103937330068e+02
5.408063028922445028e+02
4.398747364513422440e+02
5.641169299958819465e+02
4.590345714565878552e+02
4.003359569768503547e+02
4.846680437063755562e+02
4.952263841600609453e+02
3.814975496391597858e+02
5.048018957367338544e+02
4.455188300565710620e+02
4.381897259339871198e+02
6.016902566431373316e+02
5.702569464289611005e+02
6.058158427465599516e+02
3.711047900304756695e+02
5.398339252814387237e+02
5.470543157427935057e+02
5.307779031132785121e+02
4.315578852088249846e+02
5.473658044611127025e+02
4.524766068386323354e+02
6.425204847379237663e+02
5.160166166935615593e+02
6.336433636560086597e+02
5.447199946964947230e+02
5.256814763499628498e+02
5.244175903827039065e+02
5.264019989378645050e+02
5.209307610786239593e+02
4.666822342716897083e+02
4.918222428150874634e+02
4.903986164162956811e+02
4.546070257305050859e+02
5.160756356086116057e+02
4.919016519455800562e+02
4.699636244704307728e+02
4.781046485285283438e+02
4.634973645902699104e+02
5.070060882724189923e+02
5.745940169779794360e+02
5.618355825243762638e+02
4.957653416134685358e+02
5.095592711286947178e+02
5.137585284125356111e+02
3.985280928498686990e+02
5.919951702854517634e+02
6.128842799943399768e+02
3.662285571012614014e+02
4.773930402559207664e+02
4.709154069390054929e+02
5.752957887647453390e+02
5.532488427015784964e+02
4.014269871981210827e+02
4.851447034161193415e+02
4.623388109922319700e+02
5.449734891337058116e+02
5.146039538779474469e+02
6.252383938944932424e+02
5.520320898956441624e+02
5.655411711750389259e+02
4.086241184689960733e+02
5.216949330724478386e+02
6.340829316170578522e+02
4.841020359169033895e+02
4.461013344525068192e+02
6.558781251207146852e+02
4.517760646125966559e+02
5.540504138342796523e+02
4.372714489953105499e+02
5.271473176671585179e+02
6.966353992788421010e+02
4.719723168500129304e+02
4.546361253344533111e+02
5.081544979944327451e+02
4.735760738957801550e+02
5.989018178338152438e+02
5.843054974787345373e+02
5.227875002446313601e+02
4.684612037215114810e+02
5.849391311083680876e+02
5.064260429979436822e+02
4.803080213570600563e+02
5.670678757483798336e+02
5.858332266860172695e+02
5.851004084908136065e+02
5.889970913716292671e+02
4.743013097998141916e+02
4.848792207617887016e+02
4.329191114005587906e+02
4.525402366064205921e+02
5.978906065966137930e+02
4.741595004622636225e+02
5.886577326100920118e+02
5.132043039133947104e+02
4.565165335445172445e+02
5.425009449686529024e+02
5.173563255725167664e+02
5.347033782078599415e+02
4.698981503615472093e+02
4.611177547237417684e+02
6.582444147459989381e+02
4.253308773540836683e+02
4.740449463875659717e+02
4.684875368138167460e+02
4.601608490854578690e+02
5.086823894012684946e+02
4.223647670192466421e+02
5.011350382490727497e+02
5.490087025234581688e+02
5.329884483794030530e+02
4.375446164042049872e+02
5.723291661129374006e+02
6.319465698483223832e+02
4.911865599175702641e+02
5.777884157550583950e+02
6.265123212743823160e+02
4.981493574059465459e+02
5.247274396867161386e+02
5.812829298137020260e+02
4.362649510742415941e+02
5.238037321881478192e+02
5.545702106329747494e+02
4.335956771923554243e+02
3.798759639628045761e+02
4.463637432050119287e+02
4.550544833729064180e+02
4.218366706856225505e+02
4.993091405647147099e+02
4.870335136245062699e+02
5.067869190722595363e+02
5.592572961365254969e+02
4.605957037303745665e+02
5.069035224148408929e+02
5.246654493332348466e+02
5.250753029099706737e+02
4.099100340660046413e+02
4.550211827697966100e+02
5.430765843171783445e+02
3.999074550623730602e+02
4.885100111346970380e+02
5.251497937975424293e+02
5.263244341484671622e+02
5.057420998417657643e+02
4.767373769965376482e+02
5.480551781771823698e+02
4.504018255698014741e+02
5.662892564159759559e+02
6.346643089156575570e+02
5.749601186853986974e+02
4.774137378615459397e+02
5.095303764515348917e+02
5.322970253954497366e+02
6.329289888717581789e+02
6.127493357041996660e+02
4.576732428014598781e+02
4.378366370776292342e+02
4.991747085915453681e+02
6.293961535036896748e+02
4.602668986984382400e+02
5.517725501181761274e+02
5.497631404948347154e+02
4.745731451845842344e+02
5.272529574265621477e+02
4.661343625029880968e+02
4.043814167060211275e+02
4.921016604910271326e+02
3.866010463766741054e+02
4.812288598805911874e+02
4.041239261964368552e+02
4.277094625866699289e+02
5.132482607094996183e+02
5.094463564683040318e+02
6.428887381766209046e+02
5.261139743368133850e+02
4.851048451557817316e+02
5.902441733422422203e+02
5.538533767272638215e+02
4.096626874324446135e+02
6.581664401030249110e+02
5.518983751662340183e+02
5.681421019730044009e+02
4.660383543026377424e+02
6.291957351046658005e+02
6.573256254903513991e+02
5.203929307225523644e+02
5.369962015795142634e+02
4.932831658893622944e+02
5.766695154905696654e+02
5.936907345324077596e+02
5.119114208055815425e+02
5.551772037801205215e+02
6.348267133954391284e+02
4.337086943161403383e+02
5.408578419795189802e+02
4.942766509593698743e+02
4.582998064568947143e+02
4.156100726844579185e+02
4.548251702967227175e+02
4.668325480709575572e+02
4.450349979092344483e+02
4.666401218166800504e+02
5.065078087865024372e+02
5.221426981050317409e+02
4.407063293585391648e+02
4.880945220712811192e+02
5.693328290768160969e+02
4.503551022620536060e+02
5.253834103362818269e+02
4.861787639902237856e+02
5.463587942230728913e+02
5.576417558004271768e+02
5.342821511943697033e+02
6.200873541420776291e+02
7.494822268533399665e+02
5.975545266636904671e+02
5.409602029103087943e+02
5.343331779646732684e+02
4.700118847290913777e+02
3.733340860977359625e+02
5.805327953048813470e+02
3.930797043275312035e+02
5.546579192983962230e+02
5.409574363986657772e+02
4.199015470230643814e+02
4.525997678384414371e+02
4.805244240455765521e+02
4.648018260616257749e+02
5.307687838711960922e+02
4.548917715029422766e+02
4.875991115604016954e+02
5.697180914389477948e+02
5.298243787670025995e+02
6.001630397528255116e+02
5.792955498201101818e+02
5.317862453754428316e+02
5.161638565910039915e+02
5.834063811947703471e+02
5.502080365523813725e+02
5.253951936266129223e+02
4.505364624697592149e+02
5.200790853461669485e+02
5.853268525919601188e+02
4.855805826949778634e+02
4.894177343437726790e+02
5.445265438082753917e+02
4.502490526490732350e+02
4.266153584635737275e+02
5.077166719110847453e+02
4.481436348253813549e+02
5.515124980237372938e+02
5.352788126295969278e+02
4.920904919810610636e+02
4.252121222802244915e+02
5.859590517340751603e+02
4.963806342955431319e+02
5.343690401526376945e+02
5.300330967009554115e+02
5.887426747638705820e+02
4.734568065049500660e+02
4.810502661845285957e+02
5.975666173442041327e+02
4.788170765082893467e+02
5.115976778925902977e+02
4.970074028777664239e+02
5.543081092706522668e+02
4.979342867415544447e+02
5.182232683507071442e+02
5.442057309210854328e+02
5.339117460243946880e+02
4.792670957355452401e+02
6.372934171470235469e+02
4.645055019256457740e+02
5.080274433856446308e+02
7.126620061533366197e+02
6.093764456944522863e+02
5.131024552995758086e+02
5.408645021001409532e+02
5.619012615600481695e+02
4.604675220242503997e+02
5.611405733216265617e+02
5.371810455426220869e+02
6.902185267546778960e+02
5.449913177642938535e+02
4.280409316668550446e+02
5.860897950250538315e+02
4.694624760094770295e+02
2.867426815264545894e+02
6.446733431131227690e+02
5.218984253732971865e+02
4.663986155965885132e+02
4.826180585789372230e+02
4.795928268656560363e+02
5.878291111413263934e+02
5.535214977935020215e+02
5.418883163348269818e+02
4.923067922061833883e+02
6.220799597687729374e+02
3.875813136688319673e+02
5.795249653596880535e+02
5.082426165134309599e+02
5.819358265614422407e+02
4.862224133961461234e+02
5.166021949913229037e+02
5.598732035989652331e+02
4.873050416190937426e+02
6.074489043230638572e+02
6.351417883325548246e+02
5.899601448135642840e+02
5.324938575756771115e+02
3.770914187624614442e+02
5.379718580189337445e+02
5.514456918907293357e+02
4.465702069442925790e+02
4.898581220119752970e+02
6.161840111406398819e+02
4.682196975014198870e+02
4.408557209872594171e+02
5.111359778383974231e+02
4.729986926695536340e+02
4.874448016887606627e+02
4.709829303157727054e+02
4.273775836529081289e+02
6.236299235325935797e+02
4.673472216999435318e+02
5.471768619622375809e+02
4.334330677857855108e+02
5.622164389605580936e+02
6.006470768269505243e+02
4.761129650723806321e+02
5.237879528254434263e+02
4.732917379769197055e+02
4.352460550824763459e+02
5.157032836341470556e+02
4.296895676792748304e+02
4.974121332847930148e+02
6.194658111929577444e+02
5.366747739119591643e+02
4.286306085003836870e+02
4.791251839346004999e+02
5.953067871854771056e+02
4.490648832024892840e+02
5.170860271386594604e+02
5.653932140338373529e+02
5.189883625150787338e+02
4.919283948914620623e+02
4.912575670497397482e+02
4.603044003007095739e+02
4.979890021940486804e+02
5.370545032508048280e+02
4.783053743177346746e+02
6.652118230871134301e+02
4.392933591527424824e+02
5.922048103899520584e+02
5.623749498313605955e+02
4.588428624460696597e+02
5.023592708827825959e+02
4.583531898852645554e+02
4.973611065144893928e+02
3.535230962224513291e+02
5.879286030970790762e+02
5.910672617877219182e+02
4.704198939647318980e+02
5.564278719695298605e+02
5.543145644644857839e+02
4.597676970419740314e+02
5.844578605458859784e+02
4.314768366640254840e+02
5.517078957164460462e+02
5.798559221229021432e+02
4.536996099116120149e+02
5.236305690519768632e+02
5.350957105441902968e+02
5.207479663833997847e+02
5.108585069669472318e+02
5.062365881820975346e+02
4.939054260822414335e+02
4.881361222093198080e+02
5.075399225561174035e+02
5.001796695617015871e+02
5.359175694289397143e+02
5.128342061336022653e+02
4.831747421995386276e+02
4.007480647482581730e+02
4.818916955775671909e+02
4.930318231834290259e+02
4.834585658014282217e+02
5.090325068191950209e+02
4.729951064507571914e+02
6.485101873717350145e+02
4.261369568761288065e+02
5.403277988414054107e+02
5.135194813139045209e+02
4.910633989177611625e+02
4.229853877978188166e+02
5.707823787143364598e+02
4.794345209216418198e+02
5.239621405955562068e+02
4.497634786240354856e+02
4.775038031850336324e+02
4.438228559560382678e+02
6.342611154595437029e+02
4.742354258373538869e+02
4.232093727775049388e+02
6.223530247142731469e+02
5.657299087471258190e+02
6.850470967868196794e+02
5.480135780391436811e+02
5.545946993841847643e+02
4.912548005380967879e+02
5.476684813275321630e+02
4.979633863455026699e+02
4.984142252799120456e+02
5.240343772884558575e+02
5.418521467566800993e+02
4.191903486040336020e+02
5.092778041848713997e+02
4.968168209645842239e+02
4.994111941053218970e+02
5.555367478303120379e+02
5.418174116660517257e+02
4.792949657787632987e+02
6.517986475446748500e+02
5.798130924241332878e+02
5.683964161173689718e+02
4.858002642121082317e+02
5.656883086090871302e+02
5.106397476203645169e+02
5.536803160544872071e+02
5.454627518409341747e+02
5.585224286734381849e+02
4.705642648871370852e+02
5.216494393254301940e+02
5.828143477031754855e+02
4.661708394713175494e+02
4.585870113507923520e+02
6.580210445466778992e+02
4.990205011832985065e+02
7.040284405593968131e+02
4.768583862650689298e+02
5.449950064464844672e+02
5.382529151091804351e+02
5.708554351143895929e+02
5.986974033624182994e+02
5.245547888675162085e+02
4.571033414030086988e+02
4.823493995593869386e+02
4.080064691288552012e+02
5.084461088142803078e+02
5.125222050983120425e+02
5.178062423363785456e+02
5.724452571385478450e+02
5.115702177029489803e+02
4.420223691934378962e+02
5.000251547632721554e+02
5.448638533019289980e+02
5.969728419749081922e+02
5.861621341813477102e+02
4.761466755290671813e+02
4.207957450641077344e+02
5.056479359825107167e+02
5.406863182576551026e+02
5.442989726097928269e+02
4.995739059752860385e+02
5.135631307198268587e+02
5.152770359143418091e+02
5.028459720051563409e+02
5.139384541327226543e+02
4.165403378402540397e+02
5.405158191697329357e+02
5.171927939953991427e+02
5.427004411971290665e+02
5.201608511347257036e+02
5.231232727873721160e+02
5.458871552196441144e+02
5.251157759506733100e+02
5.321192514065406840e+02
5.491606557370330393e+02
4.684085375369008943e+02
4.474019023148837277e+02
5.700320392787273249e+02
5.072525127354314236e+02
5.116855914848001134e+02
4.540063853137987735e+02
5.123026260445758453e+02
4.108087404963920903e+02
4.822472435553855235e+02
4.820742853460030233e+02
5.339476082123591141e+02
6.067141393233706594e+02
4.546829511055954072e+02
5.583110466912366974e+02
5.271303087437239583e+02
4.951821199737734673e+02
4.317755174580717039e+02
4.643025219417673952e+02
4.840067449603123464e+02
6.351818515196806629e+02
3.971240369593659807e+02
4.706432641640529368e+02
4.148368839119458471e+02
4.254993271741220724e+02
4.655418166944222662e+02
5.197458743882807539e+02
4.511259343764995151e+02
5.569261514554464156e+02
5.301027718090005010e+02
4.478076573558522000e+02
5.610422084632099313e+02
5.271779542220194799e+02
5.104915855523745449e+02
5.795160510443939756e+02
6.339062847254847384e+02
5.290610264803322025e+02
6.297620502843205941e+02
5.198594038290365233e+02
4.512270657465590489e+02
5.080657646950694470e+02
5.352601642918555171e+02
5.755883217551405551e+02
5.904638548593725318e+02
5.030209794824225469e+02
3.774116168692863198e+02
4.558434515081228255e+02
5.048965719129598142e+02
5.831778878257400720e+02
4.801169271269069441e+02
4.653989827229298726e+02
4.445241154258332585e+02
5.101988476351909867e+02
6.042312463555051636e+02
3.901965893419831559e+02
4.617351991370942983e+02
4.888824655725557022e+02
4.739916654225903017e+02
5.067735988310156472e+02
5.300212109472299744e+02
5.131226405882300696e+02
4.817615670669536030e+02
4.899821027189378810e+02
4.169393302972063680e+02
4.638229932569864786e+02
4.381004803176529094e+02
4.942467316482681667e+02
4.849332189705236260e+02
4.125500034171541870e+02
5.119988220808204460e+02
5.070759683072524808e+02
4.258302839373362758e+02
5.950197872183678101e+02
4.794757112061037674e+02
6.955598410300931391e+02
4.363997929009876771e+02
5.200125866033415605e+02
4.179419346092963110e+02
5.337818224405693854e+02
4.849761511326867094e+02
4.641356090726417278e+02
4.994938820644283624e+02
4.646064283689169656e+02
6.759571592351845766e+02
5.103497762148239190e+02
4.566472768354959157e+02
5.235613037975085717e+02
4.723782768177698017e+02
6.090554278804739852e+02
5.799350238632122228e+02
3.922029250634991513e+02
5.551103976471125634e+02
3.616516197464584366e+02
5.405224792903549087e+02
6.041405662516523307e+02
4.534487795226496587e+02
5.261890800047501671e+02
5.052753790812578814e+02
4.662859058629861693e+02
4.772973394457529821e+02
4.592333504413047081e+02
5.824774480630985636e+02
4.395913227030294479e+02
5.644822119961478393e+02
4.537635470695827848e+02
4.902113133317274105e+02
5.273362601660337532e+02
5.025781326927595387e+02
4.812540658755604568e+02
4.547344901928699414e+02
4.535567759401195644e+02
5.314197338144467722e+02
5.666916301649363277e+02
4.667873617141224258e+02
5.062080008951202217e+02
4.917211114450279297e+02
5.833859909793277438e+02
5.270899381664155499e+02
5.141401020924766954e+02
5.608206826049841993e+02
4.977827433815563722e+02
4.323421400279089539e+02
5.145359181842093221e+02
4.597185146127657163e+02
4.589299563311260499e+02
4.174262363463685119e+02
5.037001068590737987e+02
6.064166880900546630e+02
4.234130700051426288e+02
5.036703924747604333e+02
5.487707825221631310e+02
4.599942436065147717e+02
4.653312544193742610e+02
5.744154232819169010e+02
5.118160273855962714e+02
5.459446371837813103e+02
4.811785503540468767e+02
4.958975193919658295e+02
5.045583402487585545e+02
6.077076243933782962e+02
5.512756026563839669e+02
4.411976413336512337e+02
4.157948141841715710e+02
6.343584556840185087e+02
5.043393759753874974e+02
5.254136370375661045e+02
5.021806771867199473e+02
4.997515775008010337e+02
4.267194612720646205e+02
4.572067269677403374e+02
4.969428509394305138e+02
5.059246896102015967e+02
4.221250026768561838e+02
6.153652261577159379e+02
4.533974453621635234e+02
4.782534253768833992e+02
4.281610187648386159e+02
5.611938542866022317e+02
4.669312203195567008e+02
6.131468936736333717e+02
5.534623764150578609e+02
6.431493025880306504e+02
4.825690810765173069e+02
4.943788069633712894e+02
5.557277395970709222e+02
4.719895307002358322e+02
5.062652779324690187e+02
6.635443338101638346e+02
4.217726310642575527e+02
5.885342642201003400e+02
4.865608499871357253e+02
5.155751019280229457e+02
4.120501869803248951e+02
4.725750065346029487e+02
5.965643204222967597e+02
4.783647006229671774e+02
5.188534182249385367e+02
4.346009455526942133e+02
6.353827822356754496e+02
5.856552477703196473e+02
4.287285635052235193e+02
6.464054867918024456e+02
4.384391218354308535e+02
5.143636772185860764e+02
5.068438887194258200e+02
5.083938524832464623e+02
4.766920881763083457e+02
6.287434616827379159e+02
5.164947108908239670e+02
6.013810221194901260e+02
5.118213554820938498e+02
5.383768958161430191e+02
5.923355536809308433e+02
5.171544726859743832e+02
5.359547636410285349e+02
4.141708718497501422e+02
5.217995481979096439e+02
4.124037881536536929e+02
4.247903829497633410e+02
4.924404044721992477e+02
4.683675521792273457e+02
5.217037449243476885e+02
5.000255646168488965e+02
5.242350006142680741e+02
5.544905965756938713e+02
3.836902662746963415e+02
5.020938906918461839e+02
4.299546404800287291e+02
4.983656576310688706e+02
4.485554352066066599e+02
5.203612695337495779e+02
6.057090758898202694e+02
5.281169287663212799e+02
5.216831497821167432e+02
4.137320211324602610e+02
4.494260666669877082e+02
5.409449358645753136e+02
5.324730575066578240e+02
4.995046407208176902e+02
5.113413144803420209e+02
4.843727442043374367e+02
4.992862912278116596e+02
4.828405066077106085e+02
5.467315560511141257e+02
5.488159688789982056e+02
4.314072640193746224e+02
4.547500646287858785e+02
3.866444908558081011e+02
5.323468226050231351e+02
4.793104377512850647e+02
5.342346081794682959e+02
5.679454747195653681e+02
5.375946902649426420e+02
4.629910929596069877e+02
4.798637400798784256e+02
6.098742128633979291e+02
4.991558553270155016e+02
6.036951578771347613e+02
5.604966933525745389e+02
4.859418686228704587e+02
5.587717221114877475e+02
5.359137782833549863e+02
3.656005589583079427e+02
6.386751360175942409e+02
4.714781358998637302e+02
4.560188688389657727e+02
5.664054499049806282e+02
4.738977064901235963e+02
5.027630791192615334e+02
5.366386043338121681e+02
5.169349960956324139e+02
3.472271305034241777e+02
5.034050122838240213e+02
4.670988504324416226e+02
5.125027370534171496e+02
5.058324725554360271e+02
4.018698339877840908e+02
5.409091761400051155e+02
6.070633345707495891e+02
5.213060844915197549e+02
5.034322675466769397e+02
5.167278151125924524e+02
4.587133487158211551e+02
4.502768202288970656e+02
5.924296150767917197e+02
4.622336835497991956e+02
5.515254084114044417e+02
4.664207476897322522e+02
4.551934237354198558e+02
4.655994011219536901e+02
5.076341888787666221e+02
5.057881059057543780e+02
4.653455992945600315e+02
4.488761456304024478e+02
5.962769106016107798e+02
5.275436460758620569e+02
5.355147858264026581e+02
5.660363767591300075e+02
5.031636085271265983e+02
5.606681146110443024e+02
5.079004912402507443e+02
4.590816021545182934e+02
4.944499165589349445e+02
5.354161135778034577e+02
6.948957757723869690e+02
4.638840614399201172e+02
6.012551970714322351e+02
4.260709704502743875e+02
5.807806542554124007e+02
5.752560329678019571e+02
4.916527683611072348e+02
4.017215694563999477e+02
5.594417302460566361e+02
5.220174878373389902e+02
4.682527931777412959e+02
3.717802287249363076e+02
4.783507656013581482e+02
5.174937289841174106e+02
5.420389375242774577e+02
5.144574312242643828e+02
5.389496661896312162e+02
5.350240886316556725e+02
4.618458596028129364e+02
5.325694755605849195e+02
5.571937858410549325e+02
4.838254872160009086e+02
5.002717841530729288e+02
5.389717982827750120e+02
4.553355404631529950e+02
5.570656041349307088e+02
4.531785835521865806e+02
5.171961752874072999e+02
3.997649284810631798e+02
5.950048275628170131e+02
4.975888826397602998e+02
4.906952479424581952e+02
4.694530493772120963e+02
6.646118999141664290e+02
4.152896696508447008e+02
4.859616440579479786e+02
3.631705371018413189e+02
5.338555960843818866e+02
5.061833072171218646e+02
4.892146518965000723e+02
4.614727903845891888e+02
4.340961084095498563e+02
6.157605299324776524e+02
6.385463395311049908e+02
5.581221041923614621e+02
4.935377874239093785e+02
5.630887098352460498e+02
4.253728873456990982e+02
4.742692387574346071e+02
4.791720097057425392e+02
5.731805344552118413e+02
5.005308116135699379e+02
4.677130160171802231e+02
6.246772018845476850e+02
3.566035557051976639e+02
5.277888409781442078e+02
4.516190906927068340e+02
5.495684600458851037e+02
6.564708758560688011e+02
3.537413432520631318e+02
4.680944872337270795e+02
4.947641717888971016e+02
5.291023192281883212e+02
4.701286929984610765e+02
5.224369729731280358e+02
4.000633018849268296e+02
4.793194545299732567e+02
3.973981265388080715e+02
5.582838938917780069e+02
4.750659941106090400e+02
5.435576499528719978e+02
4.168867665759899523e+02
5.619754450574373550e+02
4.883504756299526548e+02
4.882468851384326740e+02
4.537230740288801485e+02
4.665334574233345961e+02
6.830921976891841041e+02
5.710156878628932873e+02
5.821817387074837598e+02
4.872475596549565466e+02
6.323965890755782766e+02
5.228785902020608773e+02
4.689677827423569170e+02
6.085251798155720735e+02
5.507689211721443598e+02
5.316680026185545103e+02
5.684655789084431490e+02
5.805772644179571671e+02
5.666142703023274407e+02
5.199466001774870847e+02
5.685976542235462148e+02
4.474713724961404751e+02
5.277503147419311063e+02
5.159852628949413429e+02
5.010778636751180670e+02
5.266294676729528419e+02
5.181203951029465316e+02
6.041878018763711680e+02
4.655194796744901851e+02
4.602889283281878079e+02
5.293244598667791934e+02
4.743054083355815465e+02
4.518328293329745975e+02
5.079602273990599883e+02
4.988567646793925405e+02
5.483948443289021952e+02
6.456814804484986325e+02
4.549461795652539422e+02
4.991063655076246732e+02
4.949844680863926101e+02
4.760096819710432214e+02
5.181242887119254874e+02
4.390542095907171642e+02
5.651947424393030133e+02
5.733529803476234292e+02
5.872407663319221456e+02
5.317341939711973282e+02
4.658534078761356909e+02
5.894961905646993046e+02
4.149904765398275686e+02
4.694586848638922447e+02
4.741170806170714513e+02
5.484559125118357770e+02
4.454823530882415525e+02
4.410625945801168086e+02
4.846946841888633912e+02
5.069448151626970116e+02
4.858756772702276407e+02
6.319402171178829803e+02
5.484197429336888945e+02
5.931329238144703595e+02
5.649715771667703166e+02
4.925472737923331579e+02
5.353031989174127148e+02
4.702485751696563057e+02
5.442282728678059129e+02
3.783490544626753262e+02
4.632222503768859951e+02
6.605347789961928129e+02
4.880383721312683178e+02
5.034891347304490523e+02
5.008925073950393312e+02
5.039566751981104176e+02
5.026740384297157220e+02
5.052765061785938769e+02
4.437620951632871993e+02
4.192937341687651838e+02
5.093953296980004097e+02
4.594077431382058307e+02
5.636299214833256883e+02
5.926295211588445682e+02
5.299889349780620478e+02
5.426304586989014069e+02
5.265745472936702072e+02
4.832898085912072474e+02
5.392005990419877435e+02
5.787873313849577244e+02
5.481230089441321525e+02
5.730830917673429212e+02
5.618563825933956650e+02
4.805415354324052828e+02
4.482498893651501248e+02
5.070941043280230360e+02
4.980508900841357445e+02
4.694859401267451631e+02
3.952149389989305632e+02
4.702474480723203101e+02
4.620048827905864641e+02
5.264236187140372749e+02
6.184522432976900745e+02
5.102653463780163747e+02
6.134525419784840778e+02
5.360505669145904903e+02
4.826295344790858621e+02
4.776505307655050387e+02
5.221077580876150250e+02
4.514585305540205695e+02
4.915816587655435796e+02
4.876250347991302760e+02
4.211781384512022441e+02
4.113349924889208751e+02
5.510155505619451333e+02
5.393704833495447701e+02
5.522690877263916036e+02
5.226552200027398385e+02
4.504299005398078748e+02
5.579779381967447307e+02
4.563966513733220154e+02
4.210331527484319736e+02
4.863781577553057218e+02
5.999124142906515544e+02
5.316883928339971135e+02
5.429201227142593780e+02
5.396200841777769028e+02
5.858180621036780167e+02
6.057649184396505007e+02
5.380139704739434592e+02
5.691653014273252893e+02
6.211424197119897599e+02
6.316377451782519756e+02
4.982275369757089152e+02
4.943585192113228572e+02
5.119567096258108450e+02
4.156470619697583402e+02
5.163564877720697268e+02
5.102009993664688068e+02
6.140965244109302148e+02
6.108013016539744058e+02
5.282630415664275461e+02
4.855893945468776565e+02
5.510515152133036736e+02
5.139946040727354557e+02
4.555838092672606763e+02
5.466511222866796516e+02
4.302018846501945859e+02
4.913158687210303697e+02
6.117646624860918791e+02
5.091960383963126446e+02
4.675947732602919586e+02
4.543668515345378864e+02
5.090729798598977141e+02
5.303071862803974454e+02
4.279632644140635875e+02
5.104307222962292485e+02
4.285837827292415909e+02
5.648781305512745803e+02
4.962513254920830263e+02
3.951044834600002673e+02
5.994941587155926754e+02
6.327513173462431268e+02
4.866523497981419837e+02
4.954109207329862556e+02
4.522902259246117183e+02
5.217253647005204584e+02
4.824536048312720027e+02
6.611546825310057329e+02
6.069186562581618318e+02
4.122949720290303617e+02
5.372398595308836775e+02
4.667332610419932735e+02
5.604478183135488507e+02
3.745258378354894830e+02
5.356628454309984591e+02
4.360443473865635724e+02
4.604470293454136254e+02
5.347286866662233251e+02
4.882656359395683126e+02
5.648257717568466205e+02
4.638341617669525476e+02
6.017884165747655061e+02
5.327182524089399749e+02
5.381744281492354958e+02
4.678491898680507006e+02
5.452287254486180927e+02
4.635721628680241793e+02
4.436407785045734045e+02
4.561609855666989120e+02
5.951109796391915552e+02
4.911617637761777360e+02
5.706723330289828482e+02
4.184095775403519042e+02
4.303259678205513410e+02
4.989936557740223293e+02
5.045345687413079077e+02
5.166474838115522061e+02
6.243143790057423530e+02
5.451293359562596379e+02
5.146447343088326534e+02
5.497033018726311866e+02
4.388978504511924257e+02
5.004686163333003037e+02
4.684249316799703706e+02
4.953252613354484311e+02
5.342625806860805824e+02
5.328150803164438685e+02
5.446885384344802787e+02
5.153614657511493533e+02
5.059250994637783378e+02
5.042248219006897898e+02
5.936534378569248247e+02
5.262171549747565678e+02
6.647428481319335560e+02
4.573038622654266874e+02
5.807943843502330310e+02
5.107364730644741826e+02
5.925555425882437248e+02
4.333305019282074113e+02
5.121037445964648214e+02
5.705938460690380225e+02
4.322972610612563926e+02
4.325162253346275065e+02
4.972163257385074644e+02
3.938287117390158869e+02
4.792886130483238958e+02
4.609979750159407672e+02
5.284179662184336621e+02
4.750525714059709230e+02
5.257886530602793300e+02
5.658983585671642231e+02
4.302042413082608050e+02
4.886741574921797451e+02
5.702179078757770867e+02
5.514425155255096342e+02
4.543935944804198925e+02
5.302565693636705646e+02
5.059180294895796237e+02
4.901421505406532333e+02
4.815310244300396789e+02
5.126392182944701972e+02
5.220064217907670354e+02
4.891950813882109514e+02
4.916251032446775753e+02
4.683427560378348176e+02
5.143505619041305863e+02
4.097948652109419072e+02
5.024490288160877185e+02
5.498681654738732050e+02
5.291198404685937930e+02
5.455434929955511052e+02
5.199128897208005355e+02
4.474617409370871428e+02
4.538177502051061083e+02
4.123370844840399627e+02
4.988849421127931123e+02
4.644541677651596387e+02
5.561911815289648757e+02
5.974649736571736867e+02
4.826421374765704400e+02
4.968546299570381279e+02
4.344753254314246647e+02
5.160261457892206636e+02
3.697251204277887950e+02
6.031101943597385571e+02
5.268168732209152267e+02
5.185463354325692080e+02
5.904475631796973403e+02
5.221445424461270477e+02
5.481893027601691983e+02
6.372598091537312257e+02
5.125182090259389724e+02
4.728604695507994506e+02
4.898234893847411513e+02
4.742334790328644090e+02
4.642588725358450006e+02
4.926247361183362159e+02
4.754973650001234660e+02
5.468100430110589514e+02
4.761351996289185990e+02
5.141176626091504431e+02
4.028049149231068782e+02
5.023504590308827460e+02
5.303657953418706938e+02
5.625667613052729621e+02
4.793173027986953798e+02
6.820827283296837322e+02
5.090762586885115866e+02
6.472651546690058240e+02
5.426965475881499970e+02
5.814874467484931984e+02
5.682024529121787282e+02
5.328530942356860578e+02
4.188237345796434283e+02
4.823731710668375854e+02
5.274409777548897864e+02
5.032024421535223269e+02
4.244958006914844759e+02
5.384930893051475778e+02
5.240910395454395712e+02
5.265082534776331613e+02
5.250282722120401786e+02
3.884474367398689196e+02
4.959093026822969819e+02
4.862909614068552173e+02
4.977704477742543077e+02
5.640421317181277345e+02
6.114949788325997133e+02
4.814705710274711805e+02
6.379295098981175443e+02
5.779456970651307302e+02
4.545118372373082138e+02
4.938415913876648347e+02
4.736681884871515535e+02
5.684897602694704801e+02
4.529299048945021582e+02
6.071808600838785424e+02
4.183344718724150653e+02
4.516006472817537656e+02
4.255956427646549969e+02
5.567946909207083763e+02
4.902541430304962660e+02
5.401225646628549839e+02
5.604893159881933116e+02
3.725712461280364209e+02
4.880580451029516098e+02
6.435326181456728136e+02
4.550253837689581360e+02
6.354020453537820003e+02
5.851317622894339365e+02
5.286544517322103047e+02
6.070364891614733551e+02
6.413244295376144919e+02
5.571317954875736405e+02
5.091478806010461540e+02
5.632248836861165273e+02
5.521804568904224197e+02
4.340714147315515561e+02
4.533696777823396928e+02
5.155049145030069440e+02
4.517466576184658607e+02
5.186289209282814454e+02
4.149334044292671138e+02
4.548038579107324608e+02
3.745478674652390509e+02
5.819655409457556061e+02
4.959016179277331844e+02
5.272549042310516825e+02
5.149859374114652155e+02
4.610430589093816707e+02
6.669814683680644976e+02
4.280760766110601026e+02
5.088236864218481514e+02
5.387188161625348357e+02
5.926895647078364391e+02
5.233550449850163204e+02
6.214684582322830693e+02
5.451701163871448443e+02
3.922052817215653704e+02
4.255131597323369306e+02
5.073579475680467112e+02
5.290985280826034796e+02
6.047811673920904241e+02
6.029855988724108329e+02
6.315548522923571682e+02
4.103834149471344972e+02
5.560624875058698535e+02
4.654584114915565465e+02
4.812082647383602421e+02
5.192936009663527557e+02
4.645581681102563607e+02
4.163170701043272288e+02
8.468548297606567985e+02
4.931240402381945955e+02
5.205358671574390428e+02
4.007837220094342001e+02
5.166403113739593209e+02
4.558381234116252472e+02
5.355044370235900715e+02
4.886323524273526573e+02
4.779146813957112840e+02
6.129962724841830095e+02
5.896321594887814399e+02
5.103408618995299548e+02
4.740713819432654077e+02
4.173669100411359523e+02
4.630439640710059166e+02
5.122264957426972387e+02
4.437392458263842059e+02
5.271343048160971421e+02
5.746295717757612920e+02
4.070298905188879530e+02
6.347357259014037254e+02
5.092856938662235962e+02
5.093531147795966376e+02
4.380696388360035485e+02
4.043300825455349923e+02
4.981662638659868776e+02
5.038371004170977585e+02
6.787169082941351235e+02
4.915418005052060266e+02
4.590090580714360158e+02
6.648286099928654949e+02
5.361030281724126780e+02
4.297691817365557654e+02
4.226432625246386010e+02
5.987033462392809042e+02
5.127033603792293661e+02
4.806318056826813176e+02
4.722534764036537354e+02
4.541306734109438707e+02
5.535097145031709260e+02
4.484958015111916438e+02
5.782268566187715351e+02
4.966419159507122458e+02
5.100336766437664551e+02
4.997115143136750817e+02
4.719260033958418035e+02
5.556431048334749221e+02
5.240465704323637510e+02
5.707634229864124791e+02
5.671140867391567326e+02
4.563924503741604326e+02
5.213375407535341992e+02
5.285251429287501423e+02
4.716404379162511304e+02
4.677327914522577430e+02
4.844716213797249225e+02
6.362330234806138378e+02
5.997470383724386238e+02
5.717083404075768840e+02
4.172059400488730034e+02
5.914205555708681459e+02
5.040540154225851666e+02
4.833915547416318645e+02
5.404012650950353418e+02
5.193189094247162529e+02
4.573572456937965285e+02
6.049897828626488945e+02
4.577804195117762447e+02
5.587750009401016769e+02
6.318698247660786365e+02
4.901095671813027366e+02
5.174450588718800645e+02
6.591221161805785869e+02
5.274547078497104167e+02
5.541365855487882754e+02
4.723091140266956245e+02
4.427980170874104147e+02
4.445980939964340450e+02
4.776569859593386127e+02
4.423702324166923745e+02
5.031260044614610933e+02
5.124400294561766032e+02
5.227607572987493540e+02
4.578814484184416642e+02
4.859292656253858240e+02
5.433641990646526665e+02
4.611280010631601840e+02
5.013730607137620723e+02
4.825842456588565028e+02
6.105560042882980269e+02
6.136530628409020665e+02
5.218821336936219950e+02
4.350210454688483992e+02
5.257002271510986020e+02
4.726957084129516602e+02
4.453561181866069205e+02
4.569364285338830314e+02
5.216056874561136283e+02
4.974933867563808576e+02
4.721888220019236542e+02
5.617860927049854354e+02
4.630993967672594067e+02
5.060174189819380786e+02
5.622769948265207631e+02
5.072303806422876846e+02
5.872536767195894072e+02
5.604511996055568943e+02
4.493838517485839361e+02
6.279063357522550177e+02
4.396978846329807311e+02
5.033726338512618668e+02
4.762024156155032415e+02
5.729477376236259261e+02
6.098394777727695555e+02
4.903031205329162390e+02
4.740541680930425059e+02
5.640207168687433068e+02
5.202501992144541418e+02
4.817244753182590102e+02
4.097078737892797449e+02
5.403417338630143831e+02
4.833794640611181990e+02
4.634232835562748960e+02
5.884680728674575221e+02
5.208555529472929493e+02
4.030107638820224452e+02
5.027248602732309450e+02
4.575021289331726848e+02
4.743179088696720100e+02
5.391529535636922219e+02
4.711599870609225604e+02
4.569993410579119768e+02
4.000547974232095498e+02
5.635002028262888416e+02
4.084466518702694771e+02
5.689972614608636832e+02
6.503433599570801107e+02
5.506418665633561886e+02
5.303982762378269626e+02
5.433595882119143425e+02
4.061507545967896249e+02
5.165033178159353611e+02
4.086314958333773006e+02
4.737722912956424466e+02
5.528296649559720208e+02
5.581688275001093871e+02
5.238546564950572701e+02
5.951322920251818687e+02
6.590208823471248252e+02
5.356451192638046450e+02
5.942312289367281437e+02
6.372586820563952870e+02
6.086706778353131995e+02
4.821555388175908661e+02
5.726446509036297812e+02
4.834562091433619457e+02
3.959631267032618211e+02
5.487273380430291354e+02
4.930365364995615209e+02
6.053401052073638766e+02
4.824765566315692240e+02
4.499651265837894698e+02
4.280221808657193492e+02
5.075240407300188963e+02
4.949200186114509279e+02
6.586914625348234722e+02
5.262557836743640109e+02
5.090029973616700545e+02
5.543213270485019848e+02
5.274441541201094878e+02
5.366290752381530638e+02
5.694834502662664590e+02
4.126152725992493515e+02
5.072750546821519038e+02
5.035900611737202439e+02
6.596689633153383738e+02
5.205571795434292426e+02
4.761817180098780682e+02
4.938855481837697425e+02
5.132100418634689731e+02
4.659340465673584504e+02
6.009143013589822431e+02
5.543442788487991493e+02
4.379507812987501438e+02
4.824104677423205203e+02
4.499620526819639963e+02
4.695083796100714721e+02
5.238941049018180820e+02
4.750494975041453927e+02
5.613221384561204559e+02
5.072028179892521962e+02
5.875866827506871459e+02
4.365439588966045221e+02
5.675710734772171691e+02
4.850234892207997177e+02
4.711219731416803143e+02
5.510560236026477696e+02
5.183037021151416184e+02
5.052331641628541092e+02
5.449299421911775880e+02
6.024642651228028853e+02
7.077793180302887777e+02
4.762287487078085064e+02
5.474223642547023019e+02
5.121272087137328981e+02
5.511963984526797731e+02
5.564191625810242385e+02
5.084070702610961803e+02
5.861210463602799337e+02
4.242744797600471429e+02
5.201078775599326036e+02
5.136742010391222948e+02
4.619586717998094514e+02
4.320371065034233311e+02
3.908860655214469944e+02
4.353969836621093350e+02
3.997365461208742090e+02
4.566189969387011729e+02
4.438840266023660774e+02
5.342135007202664383e+02
5.730941578139147623e+02
5.509017137310067938e+02
5.922741781078146914e+02
4.293567665749653202e+02
4.437744932339834349e+02
5.451767765077668173e+02
5.613326921857214984e+02
5.295890203505621230e+02
5.891206622250151668e+02
5.081701748937429102e+02
4.887489557699340139e+02
4.302646947108293602e+02
4.856299700509745207e+02
5.888014887521321725e+02
6.875288626573492365e+02
5.513777586603854388e+02
4.880515899091180358e+02
5.320911764365341696e+02
4.286411622299846158e+02
5.412356245138752229e+02
5.085822826651507285e+02
6.166760403595112621e+02
4.073851311065237155e+02
5.216309959144771256e+02
5.471360815313522608e+02
5.844005835085372382e+02
4.837034533135278593e+02
4.932171794635078186e+02
4.519070128303637830e+02
5.431109095542299201e+02
5.090361955013856914e+02
7.209245517969363846e+02
4.960236518302062905e+02
5.631391218251845885e+02
4.983002859855795350e+02
5.113970545667780812e+02
4.783750494257797641e+02
5.212123304858414485e+02
5.393995829534929953e+02
5.604289650490189842e+02
5.568318851327971970e+02
4.617124522635854191e+02
5.142298600257818180e+02
4.710303708672798848e+02
6.426404693725131665e+02
5.272400470388949998e+02
4.270250071135211556e+02
5.339938192031360131e+02
4.747557349530200099e+02
5.271485472278886846e+02
4.219891362161682764e+02
4.364091170698584392e+02
3.930214026562405252e+02
5.332386639880003258e+02
6.556882604512918533e+02
4.421964545001563920e+02
4.470730972829474581e+02
3.602933649931559330e+02
4.409252936319102787e+02
4.251559723402116902e+02
5.556954636279029955e+02
5.852166019798181651e+02
6.183700676555545215e+02
6.109606322319303899e+02
4.535941750789967273e+02
5.457085615235814657e+02
6.360000217222395804e+02
6.117687610218591772e+02
4.271242941424853825e+02
4.482968175996863920e+02
5.260255484276326570e+02
6.081213715790930792e+02
4.393455130203821000e+02
4.848248126994770359e+02
4.721865678072516062e+02
5.063297274074107577e+02
5.867144118759991898e+02
5.735697928897167230e+02
4.368430495442274264e+02
5.345944596198423824e+02
4.833028214422685664e+02
6.837524718013054326e+02
3.530049388380630830e+02
5.842753732408443739e+02
4.731815898281719797e+02
5.076356233662852446e+02
4.949530118243781658e+02
4.979830593171860187e+02
5.745862297600215243e+02
5.716685846106335021e+02
5.460904425937051201e+02
3.924033434625229120e+02
4.980053963371180998e+02
5.736960277913512982e+02
4.941345342316367351e+02
4.909705670826304527e+02
5.734076958001177218e+02
5.769343833645351651e+02
4.856732096033201174e+02
5.237616197331382182e+02
5.661175277673236224e+02
5.111412034715007735e+02
4.986051145832767588e+02
4.939014300098682497e+02
6.442582639032835914e+02
4.352180825758641731e+02
5.481582563517314384e+02
5.886114191559208848e+02
6.139718264602083764e+02
4.485491849395614281e+02
4.459855508170789449e+02
5.696696262534987909e+02
5.217783382753135584e+02
5.580301945277784625e+02
5.818367444592663560e+02
4.932436150192072546e+02
4.907353111295841472e+02
4.546032345849203011e+02
5.268527354088796528e+02
5.229393509948120027e+02
5.110512406114072519e+02
5.319086891314925651e+02
5.093564960716046812e+02
4.332043694899669504e+02
4.353990329299930409e+02
4.675683377045925226e+02
4.102690657992252454e+02
5.630185224102300481e+02
4.762602049698230076e+02
5.874514310703643787e+02
4.893058443173238174e+02
7.222007333714975630e+02
5.056757035623346042e+02
5.908780118986641128e+02
5.295489571634361710e+02
5.916506883542052719e+02
4.606938636620027978e+02
4.673297004595380599e+02
4.645249699705407238e+02
6.693462210424359000e+02
4.926552702098030068e+02
4.135112125179938403e+02
4.546814141546826136e+02
5.719216691942677926e+02
4.913466077392855595e+02
5.269502805601428008e+02
3.499429227662698167e+02
5.083801223884258320e+02
5.328695908421497052e+02
4.956459717592442189e+02
4.987108568060746165e+02
5.233743081031228712e+02
4.946290225719685054e+02
5.361800806448389949e+02
4.328723880928109224e+02
6.747967612960512724e+02
4.127521636938791403e+02
5.208195882959344090e+02
4.277202212430592567e+02
4.549270189105415625e+02
5.994061426599886317e+02
5.323352442414803818e+02
5.184428474044434552e+02
5.423095433483172201e+02
5.499301558273544970e+02
5.772267114281419254e+02
4.986219185799229194e+02
4.887919903954912684e+02
4.946417280328473112e+02
4.517663305901492095e+02
4.465978720607222385e+02
3.982741885590808693e+02
6.360645736605754337e+02
5.370364696934284439e+02
4.427589785342262871e+02
4.528656603463488182e+02
4.580238725363573167e+02
5.080488582350291153e+02
5.574699246883806154e+02
5.469029773095837754e+02
5.402394753956187969e+02
4.560525792956522650e+02
5.378042279060488227e+02
4.536705103076637329e+02
5.691867162767097170e+02
4.934105278883329220e+02
5.314228077162723594e+02
5.216093761383042420e+02
3.389460389854771734e+02
5.077535587329909390e+02
5.191174663917505541e+02
4.089830477388224494e+02
5.707037892909974062e+02
5.273804218889270032e+02
6.288210264721351450e+02
5.226995866524215444e+02
5.444859683041785274e+02
5.045296504983870705e+02
5.855443823778126671e+02
4.737059974796054576e+02
5.740621294987705596e+02
6.333043122846539745e+02
5.147840845249228323e+02
3.922062038921130238e+02
4.710582409104979433e+02
5.362539567520456103e+02
4.352668551514956903e+02
4.285457688099993447e+02
5.195393081856059325e+02
4.818357505643427316e+02
6.012613448750832958e+02
5.011131110827173529e+02
4.719271304931778559e+02
4.902397981553105524e+02
4.083436761591145796e+02
5.059297103165166050e+02
4.728021678795087723e+02
5.087973533295428865e+02
5.164037233967885641e+02
4.985441488637372913e+02
4.504806199199289836e+02
5.247568466808469339e+02
5.486542816429758886e+02
4.940923193132329629e+02
5.006057123547184347e+02
6.043336072862948640e+02
4.545565112771723761e+02
4.203562795664527698e+02
4.536912079132889062e+02
4.886348115488131043e+02
5.465610569631919589e+02
5.054548949478681834e+02
4.610839418036611050e+02
4.572025259685787546e+02
4.838354261652367541e+02
5.326675330288189798e+02
5.264612227797027799e+02
5.969702803900535173e+02
5.676160549072640151e+02
4.136275084703926268e+02
5.200952745624480258e+02
4.471393910989844471e+02
4.917154759583478381e+02
5.268321402666487074e+02
4.662288337524257145e+02
4.894448871432314263e+02
5.486788728575801315e+02
4.933124704200989186e+02
4.610403948611328815e+02
5.008904581271556253e+02
4.329898111425457614e+02
4.673831863513020721e+02
5.392408671559020377e+02
5.364986393373569626e+02
5.661115848904610175e+02
6.454323919372375258e+02
5.024289459908276854e+02
4.851919390408381219e+02
6.647431555221160124e+02
5.412728187259640436e+02
6.689875991627920939e+02
4.822594366992934170e+02
4.569817173541123907e+02
5.636170110956585404e+02
6.442730186320460462e+02
5.714804618189117491e+02
4.619092844438127941e+02
5.214770958964128340e+02
4.441668255703137902e+02
7.392943940330237638e+02
5.336178810098750773e+02
5.399017560483885063e+02
4.138618422528913356e+02
5.533832746747478950e+02
5.423059571295208343e+02
5.179706960840437659e+02
5.386450425187223345e+02
4.628446727693180947e+02
4.988035861778110984e+02
5.113786111558250127e+02
4.898955211508524599e+02
5.362286482936822267e+02
5.598769947445500748e+02
5.503300704548544218e+02
5.422779846229085479e+02
5.756149622376284469e+02
4.595615406928758944e+02
5.964393150813923512e+02
4.212088774694574340e+02
6.148355928731791664e+02
4.963993850966788273e+02
4.586559692150781302e+02
4.313096164047173033e+02
5.898931337537679838e+02
5.075499639687474200e+02
5.676826561134835174e+02
4.893738800110619422e+02
5.143007646945571878e+02
5.886363177607075841e+02
4.826959307585170222e+02
4.695547955276367702e+02
4.067240372872488479e+02
4.974217648438462902e+02
5.220662604129705642e+02
5.943233435280994854e+02
5.223907619823511368e+02
4.402813111994641417e+02
5.088731762412389799e+02
5.069251421910137196e+02
5.650842869003727174e+02
5.210886571690614346e+02
5.367315386323371058e+02
4.756205259999325676e+02
4.691445320973242588e+02
5.112880335153664078e+02
4.512151799928337255e+02
5.041310678950114834e+02
5.937269041105547558e+02
5.102505916492538631e+02
5.525414354281325586e+02
4.619001652017304309e+02
5.172602149087722410e+02
4.889451731697963055e+02
7.092230272543406500e+02
4.833171663174543369e+02
4.526644222401715183e+02
4.714937103357797241e+02
5.030058149000833509e+02
6.056210598342162257e+02
5.327610821077089440e+02
4.620461755384425828e+02
5.789770935909864420e+02
5.677550977331716240e+02
6.208993765409853722e+02
6.234154676485665050e+02
4.635679618688626533e+02
6.368239298748727606e+02
4.496469777448483001e+02
6.525158913039624622e+02
5.711811662445004458e+02
7.779728908499471345e+02
4.645058093158283441e+02
5.169782356479779537e+02
4.909625749378841419e+02
4.784379619498087095e+02
5.158540072869916457e+02
6.092867902245413916e+02
4.655560591062138656e+02
6.805771312155447959e+02
6.036997687298729716e+02
4.847708144907420547e+02
4.791935270185211948e+02
5.177630027840328921e+02
6.396241519745259438e+02
5.329180560275987091e+02
5.402134496934961589e+02
5.257995141800628289e+02
5.226966152139901851e+02
5.307917356714933703e+02
5.566785998950979319e+02
5.225794995544379162e+02
5.537818572781234252e+02
4.981243563377656756e+02
5.252474414121996915e+02
4.803895822188304692e+02
4.477991528941349202e+02
5.467946735019313564e+02
5.004467916303391348e+02
5.264159339594734774e+02
5.641008432429950972e+02
4.772081962928129428e+02
5.466211005121837161e+02
6.952624922601713706e+02
5.787613056828349727e+02
3.915735948964212980e+02
5.282456227894163021e+02
5.251993860803273719e+02
5.055034625967113584e+02
5.399198920691591184e+02
4.797353534469659166e+02
5.331307700339245912e+02
4.163896141874094496e+02
4.873654950216622979e+02
5.984271049285609934e+02
4.792497794219281673e+02
5.442172068212340719e+02
5.672015904777898641e+02
5.019397857469934934e+02
4.471428748543867187e+02
6.548261334526280280e+02
5.334064990276735898e+02
4.697843135306088129e+02
4.931169702639959382e+02
6.231787772080016339e+02
5.570524888204752187e+02
5.115942966005821972e+02
3.655872387170640536e+02
4.351212546683603364e+02
4.907832639980622389e+02
5.761630389331184006e+02
5.158447855815151115e+02
5.129678183996180678e+02
4.847813682203430403e+02
5.561389251979311439e+02
5.181320759298835128e+02
6.126237155829301173e+02
4.585252259240994022e+02
4.948552617463266756e+02
4.402818235164350540e+02
4.444239062263213782e+02
4.826470557194912772e+02
5.612386307898606219e+02
5.585124897242023962e+02
5.689554563960365385e+02
4.454030464211431877e+02
5.343967052690672972e+02
4.685088491998070026e+02
6.316132564270419607e+02
5.875668048522154550e+02
4.694729272756837872e+02
5.279512454579257792e+02
4.273634437045107575e+02
5.130340097522608858e+02
5.581910620566472971e+02
7.620749779985476380e+02
4.820959051221757932e+02
5.465558313300886084e+02
4.662353914096534595e+02
4.606383285023550798e+02
4.709165340363414884e+02
4.393188725378942650e+02
6.749826298931009205e+02
5.186807674057384929e+02
4.149288960399230177e+02
4.886616569580892815e+02
4.889536776315135853e+02
4.672857436634331521e+02
5.301150674163025087e+02
4.618628685262474960e+02
4.892376036967972937e+02
5.628601140028216605e+02
5.361335622638795257e+02
5.022263758605259909e+02
4.708892787734885701e+02
5.932121280181745533e+02
5.289419640162903988e+02
5.040195877221393630e+02
5.483925901342300904e+02
4.264946565852250160e+02
5.357117204700241473e+02
5.446534959536693350e+02
6.271202365920756847e+02
5.115280027845452082e+02
4.994123212026579495e+02
5.609601352844686062e+02
3.977144310366539344e+02
4.603400575618856010e+02
5.474603781739444912e+02
5.027936132107283811e+02
5.080273409222504597e+02
5.126535631696559676e+02
4.572714838328645897e+02
5.120413443894068450e+02
4.272678453577370874e+02
6.882759232643444420e+02
4.599554099801190432e+02
5.104878968701838744e+02
4.884510946830412763e+02
6.607176761548111017e+02
6.596665041938779268e+02
4.861921866948618458e+02
5.075667679653935807e+02
4.125742872415758029e+02
4.513965402005392775e+02
4.433385114917307419e+02
4.926623401840017209e+02
5.317655477698176583e+02
5.783680511759570209e+02
5.394249938752506068e+02
4.855127519280280808e+02
5.082136193728769058e+02
6.037810222014608144e+02
4.732211406983269626e+02
4.068593914309658430e+02
4.807847835301979558e+02
4.856688036773702493e+02
5.199284641567165863e+02
6.472885163228797865e+02
6.056840748216394559e+02
5.962573400933216590e+02
4.877030094421042463e+02
5.056507024941536770e+02
4.872812701116430958e+02
3.834996843615141984e+02
4.686637738518131187e+02
5.156685485435186820e+02
5.166497380062241973e+02
5.625166567055169935e+02
4.926664387197690758e+02
5.312963678878493283e+02
6.115847367659048359e+02
4.304257671664865370e+02
4.869738799290912539e+02
5.183060587732078375e+02
4.832276133109375564e+02
5.603654377446249555e+02
4.771677232521102496e+02
6.501733731861289698e+02
4.929252612534777427e+02
4.580980560337465022e+02
6.019053273075294328e+02
5.396892469688510801e+02
6.070586212546171510e+02
5.255655902511408613e+02
5.654209816136611835e+02
5.384197255149118746e+02
6.363391755569884936e+02
4.859388971844391563e+02
4.786381754220441849e+02
5.746581590627386049e+02
5.270220049360715393e+02
5.149164672302084682e+02
5.277707049573737095e+02
5.196024256364231633e+02
5.299828896378052150e+02
5.377169290942041471e+02
4.541135620241151969e+02
4.013053631492247177e+02
5.671602977299337454e+02
4.502972104443396688e+02
4.377197263448653644e+02
4.507656730825486875e+02
5.381357994496281663e+02
4.853083374566310795e+02
4.990773683670706191e+02
4.744953754683986062e+02
6.476710121733684673e+02
3.880503910874060693e+02
6.361567907153410033e+02
5.005072450329076332e+02
4.332666672336307556e+02
4.808660370017858554e+02
5.103180125626269046e+02
5.184903904193447488e+02
7.254694181093598218e+02
4.412900633152051455e+02
4.608551410444483167e+02
5.200246772838552261e+02
5.579089803324588956e+02
5.258277940768575718e+02
4.889004991299320864e+02
5.133593310287949407e+02
4.335828692680824474e+02
5.805623047624063702e+02
4.557432423086109452e+02
6.180222044322999864e+02
5.802194622454668433e+02
5.070826284278744538e+02
4.482975348434456464e+02
5.158925335232048610e+02
5.396764390445780464e+02
4.931247574819539068e+02
5.460688228175322365e+02
5.185156988777082461e+02
5.533149315908272001e+02
5.651055992863629172e+02
4.356773235085966007e+02
4.489017614789484583e+02
6.451931399118179797e+02
5.431106021640473500e+02
5.937674796146516201e+02
5.660353521251881830e+02
4.471138777138326645e+02
6.192724627681326410e+02
5.738624283435060534e+02
3.997891098420905678e+02
4.595401258434914666e+02
4.918809543399548829e+02
4.241585936612250975e+02
5.355088429495399396e+02
4.325281110883528299e+02
5.245900362751154944e+02
5.887257683038302503e+02
5.462235425427500104e+02
6.122782090177418013e+02
5.195166637754912244e+02
5.197235373683486159e+02
5.162655002780344375e+02
5.800634104961246749e+02
3.940533114990671493e+02
6.148874393506362139e+02
4.631767566298682937e+02
5.662137408944623758e+02
4.778176485614190483e+02
5.172108275527755268e+02
4.815575624491333429e+02
5.745656346177905789e+02
5.588288966854423734e+02
4.691986327694533543e+02
4.380295756488775964e+02
6.143150788307245875e+02
5.913380725385500227e+02
4.983964991127182316e+02
5.462261041276046853e+02
4.331405347953903515e+02
4.143982381214443080e+02
4.483844238017136377e+02
5.754024531580909070e+02
5.930786182155528650e+02
5.342820487309754753e+02
5.455826340121294606e+02
5.621312918799911813e+02
5.185708241837791093e+02
4.857267979584783575e+02
5.254561593461523898e+02
4.682271773291953423e+02
3.824782267848943889e+02
6.028778073817293262e+02
5.739334354756755374e+02
5.414597119569555161e+02
4.062661283786407580e+02
5.382598826199848645e+02
4.416562674860186348e+02
5.602172756766349266e+02
5.368431212686033405e+02
4.935686289055587963e+02
4.470090576615824602e+02
5.903586249535457000e+02
5.450988018647927902e+02
5.089642661986685539e+02
5.209434665395027650e+02
5.601071275278872008e+02
5.908572118296448252e+02
5.462730323621408388e+02
4.624267245844417857e+02
4.101241825598491459e+02
4.679057496616402432e+02
4.697114620573440220e+02
5.041390600397578510e+02
6.052319038631055719e+02
5.160003250138863677e+02
5.306655007698586815e+02
6.620722422259229916e+02
5.477691003806207846e+02
4.627852440006914208e+02
4.978837722882217349e+02
5.653526385297404886e+02
5.668614120090991264e+02
5.408806913164220305e+02
4.773530795321890423e+02
5.436322433038378676e+02
5.268057047109492714e+02
5.629731311266065177e+02
5.714689859187631100e+02
5.183724550526389976e+02
4.989394526384990058e+02
4.956849078490341185e+02
5.878262421662892621e+02
5.109997015241327176e+02
4.942190665318385072e+02
4.187724004191572362e+02
5.935727991657020084e+02
5.545207208135839210e+02
5.391005947692642621e+02
5.086100502449746159e+02
4.928445200988607553e+02
5.448122117512602927e+02
5.170985276727499240e+02
6.297657389665112078e+02
5.837300630569974373e+02
5.045451224709088365e+02
4.589745279075960411e+02
4.280681869297079629e+02
5.644774986800152874e+02
6.576579142776898834e+02
6.183216024701055176e+02
3.974733346701390815e+02
4.788611357677884257e+02
5.149056061104249693e+02
4.843817609830256288e+02
4.880189040863733680e+02
4.878931815017096483e+02
5.166699232948784584e+02
5.308490127088422241e+02
4.946339408148893426e+02
5.260596687378958904e+02
4.617281291628955842e+02
4.752864953348928907e+02
5.074897154929672638e+02
3.710287621919911771e+02
5.562533768092346236e+02
4.580888343282699680e+02
5.655870747756333685e+02
5.644961470177568117e+02
4.578822681255951466e+02
3.760824617199320983e+02
4.901828285081442687e+02
5.818623603078123097e+02
5.691845645454319538e+02
5.174962905689720856e+02
4.768437339997005893e+02
6.688514253119216164e+02
4.604359632988417843e+02
5.422239864141736234e+02
6.667950874540439372e+02
4.343622058442455796e+02
4.164751711215530463e+02
5.105781671204599661e+02
6.367202369199585519e+02
4.634608876219404010e+02
5.615862890863267012e+02
5.160211250829056553e+02
5.499033104180782630e+02
5.337565139822060019e+02
4.203383484724706136e+02
5.470127156047548169e+02
4.946463388855855783e+02
5.004131836370468136e+02
5.828779774709636285e+02
4.733726840583250350e+02
5.224226280979422654e+02
5.672634783678770418e+02
7.018165632691478777e+02
5.058373907983568643e+02
5.862599867227934283e+02
5.473446970019108448e+02
4.651506114554279634e+02
4.847515513726355039e+02
4.404773236725380343e+02
4.625568530950553736e+02
5.571325127313328949e+02
4.456638157593413325e+02
5.809550469523134097e+02
4.759847833662565222e+02
4.434427167636158060e+02
4.237213823582421242e+02
5.548919456907124186e+02
4.617733155197307156e+02
4.815059208984646375e+02
4.176554469591579846e+02
4.811303925587804429e+02
6.508871331900144241e+02
4.019928925241990214e+02
5.729375937476016816e+02
6.095139515694471584e+02
6.485234051495847325e+02
4.746057285439347311e+02
5.051103105532275208e+02
5.538659797247485130e+02
6.603086422852287569e+02
5.939853167906866247e+02
5.220596002923485912e+02
6.474291985630943600e+02
5.763764701832035371e+02
5.113660081583403780e+02
4.685752454792382196e+02
4.419717522767110154e+02
6.189090251089621688e+02
5.536542903523644554e+02
5.304931573408413215e+02
5.136978700831787137e+02
5.214279134672044620e+02
5.247689373613605994e+02
5.864918613838316332e+02
4.900225757596405742e+02
5.434239352234618536e+02
5.463448592014638052e+02
5.981777090271172028e+02
5.346062429101734779e+02
6.144108821042866566e+02
4.760292524793323423e+02
5.698898200876000146e+02
5.786628383610242281e+02
4.860410531884405145e+02
5.047803784239551987e+02
6.095432561001838394e+02
5.376266588439281122e+02
5.657966124167395492e+02
4.233320214603431282e+02
4.788023217795268351e+02
4.304970816888385343e+02
5.067663239300285909e+02
3.977491661272823080e+02
5.171710717558321448e+02
5.545954166279440187e+02
4.711271987747837215e+02
5.081751956000579185e+02
6.126743324996569982e+02
4.338454829473759560e+02
6.964892864787358349e+02
4.818444599528484105e+02
5.241911462815572804e+02
5.085464204771863592e+02
5.029597063727005661e+02
5.772306050371209949e+02
5.848127937433392844e+02
4.171078825806389432e+02
5.602496541091970812e+02
5.510951646192260114e+02
5.647325300681392264e+02
4.668418722398282625e+02
4.929901205819961660e+02
4.115524198113792522e+02
4.891650596137150728e+02
5.108478507739521319e+02
5.586506103795622948e+02
4.595732215198128756e+02
4.554696650461397667e+02
4.980015027281390871e+02
6.296794647886082430e+02
5.524253444025221143e+02
5.514083952152464008e+02
6.878333838648638903e+02
4.970461340407679245e+02
4.172801235462621889e+02
5.469422207895562451e+02
4.141168736410152178e+02
4.906912518700850114e+02
6.063294917416041017e+02
4.007816727415505511e+02
5.714114014912317998e+02
5.709308481725090587e+02
5.517571806090485325e+02
5.405748380847829822e+02
5.785519729685172479e+02
6.734943490925791139e+02
6.001121154459160607e+02
5.326367940105637899e+02
4.978186055695207415e+02
5.329985922554272975e+02
5.987677957142226433e+02
5.232148750617726591e+02
4.844216192433631818e+02
4.901295475431685986e+02
5.457764947539254763e+02
4.413488773034667361e+02
4.966834136253567635e+02
6.171103826874569904e+02
4.205855926426364704e+02
5.217378652346109220e+02
5.055454725883267884e+02
5.215741287307049561e+02
5.646693101539276540e+02
5.093289334185691928e+02
5.614195811439894896e+02
3.985588318681238889e+02
5.325037965249130139e+02
6.098464452835740985e+02
4.802747207539502483e+02
4.333859346244609014e+02
5.616252251761166008e+02
5.317050943672491030e+02
3.670477519377620865e+02
4.218824718228227653e+02
5.807706128427822705e+02
5.340019138112766086e+02
5.973323860250995949e+02
4.721294956966911514e+02
4.207664405333711670e+02
5.713355785795356496e+02
5.393700734959679721e+02
5.469415035457969907e+02
3.974160576327902277e+02
5.237864158745306895e+02
5.044603852439187222e+02
7.338175206871031833e+02
5.685115849724317059e+02
5.983833530592444276e+02
4.936066428248010425e+02
5.997081022826487242e+02
4.912718094615312907e+02
5.421097397296584859e+02
5.517472416598127438e+02
4.898244115552888047e+02
4.384329740317798496e+02
5.342931147775473164e+02
5.036352475305553753e+02
4.864011095556029431e+02
6.258202835100638595e+02
3.922194216699627418e+02
5.508105213101830486e+02
4.742580702474685381e+02
4.573835787861018503e+02
5.836129473974451685e+02
4.497395021897964398e+02
4.443791297230629880e+02
5.802435411431000603e+02
5.529929916063011888e+02
3.912363878661619196e+02
4.662411293597277790e+02
5.413245627400268631e+02
4.589934836355200787e+02
3.759227212883993161e+02
4.997367203086443510e+02
4.552684269399625236e+02
4.967196856668978739e+02
4.553882066477635249e+02
4.742118592566915822e+02
5.653549951878067077e+02
7.707363111723113889e+02
4.774015447176380462e+02
5.215800716075676746e+02
3.819742093489035142e+02
4.149137314575837649e+02
6.642410848906147294e+02
5.307227778072075353e+02
4.270028750203774166e+02
4.507583981815616312e+02
6.480348596861157375e+02
5.035774581762356092e+02
4.344197902717770035e+02
4.822565677242562288e+02
4.340249988139862012e+02
4.061587467415359924e+02
4.319315692074138724e+02
4.838952647874402260e+02
4.242976364871327064e+02
4.434618774183282426e+02
4.342929405897772313e+02
4.822715273798070825e+02
5.217624564492150512e+02
5.685823871778128478e+02
4.736652170487201943e+02
6.222905220438209426e+02
5.216396028395885196e+02
4.691949440872627406e+02
4.847969426562589774e+02
5.261446108916743469e+02
4.536316766812680612e+02
4.828252395619771846e+02
6.310627206100916737e+02
6.803318338498684170e+02
4.554047032542271722e+02
4.620690248753455762e+02
4.997369252354326932e+02
5.342631954664456089e+02
6.214779873279421736e+02
5.107618839862317941e+02
5.607951692198324736e+02
4.338898495970576050e+02
5.049965761856833524e+02
4.789099083434199997e+02
5.975655927102623082e+02
6.506318968751021430e+02
4.774227546402341318e+02
5.870891205085299589e+02
5.973100490051675706e+02
5.143034287428058633e+02
5.107004059497214143e+02
4.732995251948776740e+02
4.716558074253787254e+02
5.079357386478500302e+02
5.271605354450082359e+02
4.607763466943208641e+02
5.429650016809119961e+02
6.163689575671419334e+02
6.072574002393339470e+02
5.123414596709716307e+02
3.601587280931982491e+02
4.771689528128404731e+02
6.004287273339444937e+02
4.699805309304711045e+02
4.916860689642170428e+02
5.089889598766668541e+02
5.084318664024887084e+02
6.228536608582559211e+02
5.448477665490421487e+02
4.553315443907798112e+02
4.734857011821099491e+02
5.879234799273698400e+02
5.446542131974285894e+02
4.699790964429525388e+02
5.158582082861531717e+02
5.617984907756816710e+02
4.651996914212420506e+02
5.747746599419258473e+02
4.659467520282372561e+02
5.498609930362803198e+02
6.272087649646506406e+02
5.574062949205923587e+02
3.974040694156707332e+02
5.306180602183515020e+02
5.878800354482358443e+02
4.558094336612537631e+02
3.896482052563106322e+02
4.736751559979560398e+02
5.376621111783157403e+02
6.045050285447646274e+02
5.079228282601828255e+02
4.964448788436964719e+02
5.515737711334593314e+02
6.016026504411100859e+02
7.091831689940031538e+02
5.102750804004638212e+02
4.940562521984801947e+02
4.728940775440917719e+02
4.946998247773495905e+02
5.106032706520350075e+02
4.547520114332753565e+02
5.251760244264535231e+02
4.420265701925994222e+02
5.476436851861395780e+02
4.451297765488545792e+02
4.560899784345294279e+02
5.307223679536308509e+02
6.566571543066952472e+02
4.622970059274048822e+02
5.623065042840457863e+02
5.115218549808941475e+02
4.816100237069555305e+02
5.087025746899226988e+02
5.375708162940977672e+02
5.105152545964310207e+02
6.174144940413949598e+02
5.195579565233473431e+02
4.043268037169211198e+02
4.653532840491238289e+02
4.805523965521887817e+02
5.021729924321561498e+02
5.441154606708093979e+02
4.963982579993427748e+02
4.392957158108087015e+02
4.804655075939207904e+02
5.810214432317446835e+02
4.657610883579759502e+02
4.976440079458312766e+02
4.950580368034167122e+02
5.796677993311803903e+02
4.045997661990271581e+02
5.409367387930406039e+02
6.218930665377813511e+02
4.790783581634584039e+02
4.309361373329167577e+02
5.428227824897846858e+02
3.962045304599591873e+02
4.743683208596104919e+02
5.020071041969723638e+02
5.482657404522303750e+02
4.280011758699116626e+02
5.413412642732788527e+02
5.247423993422669355e+02
5.661875102655512819e+02
4.704816793914247910e+02
5.761804577101296445e+02
4.501238423813804275e+02
4.877160222931656222e+02
5.522963429892445220e+02
4.650020395338612502e+02
4.461895554348992050e+02
6.399702733200794000e+02
4.436650623289950204e+02
4.668435116541352272e+02
4.707888646471882907e+02
5.575402145767908451e+02
4.515563830954662876e+02
5.443901650306165720e+02
6.548341255973743955e+02
4.986092131190441137e+02
5.404208356033244627e+02
5.925247011065944207e+02
5.537308305078198600e+02
5.595027984289902179e+02
3.591279463477076774e+02
5.426110931174006282e+02
5.276986731912624009e+02
4.746137206886810418e+02
5.750187277468719458e+02
5.761152909914286511e+02
4.629117862925086229e+02
5.064087266843265525e+02
5.134623067399498950e+02
4.675146468860401114e+02
5.382601900101674346e+02
4.740096989799666858e+02
5.290517023114614403e+02
5.194593867381423706e+02
3.888983781376724664e+02
4.395343530558631642e+02
5.563735663706123660e+02
4.998108013426393086e+02
4.214115500631532996e+02
5.669328289948454085e+02
5.261551646212752757e+02
4.204643784473168466e+02
5.517449874651406390e+02
5.311433900403326334e+02
5.599810975530409678e+02
4.664794592145996148e+02
4.978980147000133343e+02
4.535843385931550529e+02
4.275421398639675203e+02
4.714496510762805883e+02
5.137499214874242170e+02
5.973416077305762428e+02
4.446275009905648403e+02
5.242374597357284074e+02
4.791461889304081865e+02
5.930180623495901955e+02
4.531160808817343764e+02
4.371018720779360933e+02
4.443764656748141988e+02
6.132876783772421732e+02
4.918010328924914347e+02
4.992715364990492048e+02
5.365876800269028308e+02
4.439320819342383970e+02
4.441233810911797946e+02
5.349472410860176979e+02
3.256749801707716188e+02
5.302146618354493057e+02
6.112487592963756242e+02
5.581503840891563186e+02
4.586637564330360988e+02
5.168595830375129481e+02
6.147728852759385063e+02
5.009272424856677048e+02
5.013226487238235336e+02
6.173290395706455911e+02
5.952952088219343523e+02
6.175553812083979892e+02
5.146962733961072445e+02
4.662409244329393800e+02
4.258913521202699144e+02
5.691513664057163169e+02
5.238642880541104887e+02
5.557622697609108400e+02
5.200711956648148089e+02
5.968606445582767037e+02
5.206636390099863547e+02
4.944254278077249865e+02
5.080247793373958984e+02
5.066927552130044887e+02
4.866074708314894224e+02
4.621139038419981944e+02
6.208239634828660201e+02
5.595332300570628377e+02
4.539044342365857005e+02
4.386429215264627715e+02
4.705525840602001040e+02
5.145305900877117438e+02
6.054036325117579054e+02
5.482070289273630124e+02
4.857849971663748079e+02
5.635555330591481606e+02
4.506580865186555798e+02
5.099695345590072861e+02
3.539190147775781270e+02
4.576904566516827799e+02
4.332508878709264764e+02
5.077917775790215842e+02
4.984886137040896301e+02
4.088027121650586651e+02
5.676528392657760378e+02
5.474570993453306755e+02
6.226413567055068370e+02
4.954805958410313451e+02
4.370236925081737809e+02
4.623392208458086543e+02
4.551509014268335136e+02
5.387453541816284996e+02
6.139076843754492074e+02
4.519343705566108724e+02
5.829522634317470420e+02
5.050726040241678447e+02
4.865685347416995228e+02
5.890261909755774923e+02
5.160381340063402149e+02
5.846775420630164035e+02
4.265418922099437964e+02
5.203774587500306552e+02
4.997177645807203135e+02
5.177680234903479004e+02
4.350465588540002386e+02
5.155177224272799776e+02
3.945539476430499235e+02
4.097291861752700015e+02
5.869589919979163142e+02
6.316912310700159878e+02
4.669725130674128195e+02
4.967114885953631642e+02
5.231375151991637722e+02
5.340561169467998752e+02
5.086429409945076827e+02
5.897248888605179218e+02
4.691684060681690767e+02
5.927686664481464049e+02
5.453293445017067143e+02
6.254697562385606489e+02
4.934081712302667029e+02
5.040877258792716589e+02
5.592236881432331757e+02
4.866523497981419837e+02
7.342788108877192599e+02
4.875139644798348399e+02
4.779060744705998331e+02
3.968219748733117171e+02
5.228439575748267316e+02
7.571296847416533637e+02
5.296194519786347428e+02
5.737138564219393402e+02
5.318398337306009580e+02
5.483229150261850009e+02
5.757212167773971032e+02
5.618965482439157313e+02
5.165969693582195532e+02
5.158560565548752948e+02
5.371071694354154715e+02
5.148627764116561139e+02
4.181770880989485022e+02
5.017956197513766483e+02
5.650513961508396505e+02
4.547215798052027367e+02
5.327414091360255952e+02
5.474272824976230822e+02
5.247830773097580277e+02
5.669761710105851762e+02
6.283352475203090535e+02
5.124236353131071837e+02
5.594359922959823734e+02
5.490951816281494757e+02
4.743719070784069345e+02
5.881501289553046945e+02
4.896768642676639161e+02
5.005827605544212133e+02
4.840350248571070892e+02
4.459304255110080248e+02
5.870494671749806912e+02
4.617469824274254506e+02
4.906955553326407653e+02
5.406425663883385369e+02
4.934271269581907404e+02
4.678078971201945819e+02
5.630886073718518219e+02
4.112496404815656774e+02
4.561251233787345427e+02
5.704094119595068832e+02
6.044619939192074298e+02
5.082053198379479682e+02
4.934049948650470014e+02
4.399200252715715465e+02
4.657982825700647140e+02
5.605518186586455158e+02
5.753933339160084870e+02
5.692997334004946879e+02
5.128740643939397614e+02
5.967377909486501721e+02
4.942307473587754885e+02
4.805230920214521575e+02
4.725946795062862975e+02
4.893731627673026878e+02
5.665375252200836940e+02
5.061068695250606311e+02
3.687663704484095319e+02
5.166309872050885588e+02
6.221432821463786240e+02
5.198320461027893771e+02
4.747725389496661705e+02
4.746806292850831710e+02
5.945474309711797787e+02
5.446181460826758212e+02
4.255983068129037861e+02
4.819877037779175453e+02
5.068767794689588868e+02
4.482633120697882418e+02
4.311670898234074230e+02
4.366257246851632772e+02
4.310520234317388599e+02
5.409979094393684136e+02
5.479616290982924056e+02
4.154662140790236435e+02
5.655575653181083453e+02
4.842819616370904328e+02
5.212833376180109326e+02
4.917921185771974137e+02
5.292588832945014019e+02
4.536473535805781694e+02
5.386802899263216204e+02
6.067077865929312566e+02
5.580706675684810989e+02
