2.492129018217274279e+02
4.968828073904386997e+02
3.379951786874500499e+02
3.757895188759601979e+02
2.469939545572797499e+02
3.175538340111457387e+02
5.296446579736040121e+02
3.383421197401569316e+02
6.542640192721348740e+02
4.901097721080910787e+02
5.117312901586061571e+02
1.242415787641746647e+03
6.557090605203111409e+02
9.203439327274536481e+02
2.315057928192218810e+02
4.118755893566354302e+02
7.513918371307462394e+02
6.047969467547947033e+02
3.859754048917868658e+02
5.067508519575067680e+02
3.371730124125180623e+02
7.860737492575245824e+02
1.721193415743275068e+02
4.356521175136273882e+02
1.229387567071257081e+03
6.958496075088454518e+02
1.961138093707487258e+02
3.741819706846081317e+02
2.352950940629328045e+02
4.601665870355321317e+02
2.274887154502400222e+02
2.954179497218272559e+02
4.040703378412786719e+02
2.195101983353182220e+02
3.597703918292410776e+02
7.450484308602119654e+02
1.978355017832216731e+02
1.123660713782545827e+03
8.607185368473222979e+02
6.090239716184595409e+02
5.996760312402691397e+02
2.548742092771791476e+02
4.286697495169619287e+02
2.555492381180630446e+02
1.123518289664630174e+03
3.796346626695013242e+02
6.339425567670258488e+02
5.819197398085553914e+02
5.266081552869625284e+02
2.837687839736595379e+02
5.198009996943517308e+02
7.832131762186970718e+02
5.141220685351003112e+02
2.869622605801907866e+02
2.166643800252531378e+02
1.823866859885304450e+02
4.252665303425361571e+02
5.688864985317508172e+02
8.063229750697340705e+02
6.376013196465463579e+02
2.327876098804631226e+02
2.747920684725976344e+02
5.691890729347760498e+02
7.549572558581652402e+02
4.835561109526913128e+02
2.164596581636735948e+02
5.636603531113983081e+02
6.479698978942030863e+02
6.522388302860890690e+02
3.963809724247439590e+02
5.732228518370097845e+02
4.418524848858808696e+02
5.293727201254397414e+02
5.470054407037678175e+02
7.023479384313858418e+02
3.377991662143761573e+02
6.155454592680855512e+02
8.160429600322063379e+02
2.800060207490422499e+02
5.985192195199323351e+02
3.631487123988801500e+02
3.658630701742072233e+02
4.060161176968319410e+02
3.197164264087922447e+02
1.364444566945124507e+03
8.676661697533593269e+02
8.459739519608573346e+02
7.667678014521726482e+02
7.079745107962091879e+02
8.650631896875102029e+02
1.913238506194373372e+02
2.773353123796375144e+02
9.226165708104537089e+02
3.015127797980712785e+02
7.782422671132567302e+02
4.193412771836665343e+02
3.845028009905751105e+02
1.633299291578339023e+02
4.042046673510538426e+02
1.798861693168652778e+02
5.632072599823168275e+02
3.952741628407688950e+02
2.335978904016698152e+02
2.923825741325218246e+02
6.851092920670893136e+02
2.400391492136498073e+02
7.296360920338502183e+02
5.216545624951394302e+02
1.835324316622954086e+02
5.035723350065264299e+02
4.313832875851355766e+02
7.216171018782257534e+02
1.214249625214519938e+03
3.814895574944134182e+02
3.307379014041890741e+02
5.364409524464314245e+02
4.130542257799334038e+02
2.877780741246834282e+02
2.310105872351308562e+02
6.016196593645445319e+02
5.727054116963809065e+02
1.958371582064520453e+02
7.784541614124292437e+02
8.726338000301857392e+02
2.782398592234934540e+02
5.190067034626376881e+02
3.011528258943030778e+02
2.518598386836814598e+02
4.009348555158555314e+02
4.194599297941315967e+02
3.719111769427033778e+02
2.478968619868287533e+02
3.232672953342371329e+02
2.195030258977253368e+02
2.352751137010669424e+02
8.143271080332018528e+02
4.346983882405631334e+02
2.817624482521435425e+02
8.653598212136727170e+02
5.957746350433210409e+02
1.754764522213705220e+02
3.002034000837945769e+02
3.562498520684746381e+02
2.482889893963707379e+02
3.647231649139107503e+02
8.792457628568761265e+02
4.030764429176943509e+02
9.991869529671503187e+02
2.181990767433403562e+02
1.994573948497594529e+02
6.344335613519552908e+02
5.136391585583113510e+02
6.232251931255669888e+02
8.828849552281076285e+02
2.908899898694442072e+02
4.027206900130876761e+02
3.183887057469565889e+02
4.438189623470593119e+02
1.276054519952338069e+03
2.809486839755346068e+02
3.312009334825064002e+02
1.909728110309631006e+02
2.138489933432606733e+02
3.745385432963682888e+02
1.545482014959040669e+02
3.401130970452323368e+02
3.200824256528173350e+02
8.354228864081590018e+02
2.027716757980335842e+02
1.039895864403222959e+03
3.795457244433496840e+02
3.146680549773489020e+02
2.505939034485387253e+02
1.569728952558731123e+02
9.897187205641880610e+02
2.346201676854431298e+03
1.335606244652051146e+03
2.839752477129401882e+02
8.273725424539143205e+02
3.595582926032802789e+02
2.382196042597311703e+02
5.698534455826647900e+02
2.175536598233756536e+02
2.146356048204108617e+02
4.264955787557726694e+02
3.382279755190360220e+02
5.588668081412904485e+02
7.036211485675156609e+02
2.187387514405072295e+02
3.365017747172189502e+02
7.059194024990616754e+02
2.631260987277837557e+02
4.226693906901555238e+02
2.002563019342117343e+02
5.351093381756166991e+02
8.715478929786241906e+02
8.343338029913777518e+02
3.104718715953335391e+02
1.529535636922192225e+03
4.557932444449726859e+02
4.142979264585382566e+02
1.385185207195840178e+02
2.284092465835886685e+02
3.025439713971385913e+02
6.825027257824438038e+02
4.550991574127705803e+02
1.705424299378364879e+02
3.099486935046302847e+02
6.286218376338415510e+02
3.647579000045391240e+02
3.938898823853436966e+02
1.405405333404101384e+03
4.391591321063615396e+02
4.737406301068396033e+02
1.850671283803826555e+02
8.745094949241171207e+02
1.599530430757133672e+02
2.837407090036531372e+02
2.693331262206592100e+02
2.673407255207522439e+02
5.355220607273896576e+02
8.408457615453446579e+02
4.896283990822149121e+02
3.510662289567084713e+02
1.305513770414166174e+03
5.536231414805324675e+02
1.359925931261612277e+03
2.534385946612678140e+02
4.597955670851920900e+02
9.547346438879611696e+02
4.122488635016475769e+02
2.436515986389992179e+02
9.087397484093326057e+02
3.819554585477678756e+02
7.571647272224643075e+02
4.767165769275183038e+02
2.409962597787221057e+02
2.190281080656827157e+02
6.568963038687205653e+02
4.736129607176864056e+02
3.333905762162174256e+02
3.692709002013713189e+02
6.445951635433603997e+02
8.327153936802423004e+02
3.143647633305644149e+02
3.917674556382173137e+02
5.855164098712004943e+02
5.636433441879637485e+02
5.456938067948190110e+02
4.318375078115529959e+02
8.719493445570369659e+02
3.218199998913888180e+02
3.030833387041229230e+02
9.574683672447890785e+02
8.586177298763686849e+02
4.098356456418271136e+02
6.694884402335632103e+02
3.990015761943927259e+02
4.897163126744247279e+02
1.452108148473146912e+03
2.455458394072779527e+02
6.906644474461664913e+02
5.714078152724353004e+02
1.066871402190032086e+03
4.440156920638924589e+02
6.567165830753219780e+02
1.089865212478852754e+03
1.843592087899657201e+02
1.546824285422850664e+02
6.978939571496035796e+02
3.976516209760191600e+02
4.596693321835574579e+02
5.710172248138061377e+02
1.132682615640442918e+03
1.874521688068025014e+03
3.025346472282678292e+02
1.007369884553469092e+03
3.872885757516484091e+02
2.218823283740709087e+02
1.051549026223763804e+03
4.208196190349526091e+02
3.265055484440267719e+02
3.575786998276463464e+02
1.013059779295898238e+03
4.374209430874249165e+02
7.486604704319846633e+02
3.404759199240377257e+02
3.651257435896595211e+02
4.039351886243500189e+02
2.349543008138769835e+02
6.243927635022930644e+02
3.695020576186503263e+02
4.650413854772278910e+02
2.845044711439003322e+02
2.883216424308292858e+02
9.576570023534817437e+02
4.244064526117560376e+02
7.228677700676350923e+02
6.107794769510131800e+02
2.297822560656536268e+02
5.200858479301830357e+02
2.558742520044145294e+02
2.863771945994004113e+02
2.815881580186366477e+02
6.962206274591854935e+02
2.806101449211508339e+02
7.060411290113522682e+02
2.409324250841455068e+02
4.430573519380899938e+02
2.437624640315062550e+02
7.314330950410483183e+02
8.433166662960907161e+02
1.735391768275345328e+02
3.436454200963299286e+02
4.187270091355337627e+02
5.622386735170960037e+02
4.814375778145439426e+02
2.709659828703746598e+02
4.493176603959411182e+02
2.650230035443112797e+02
4.877852875476339705e+02
4.587967539186868748e+02
6.034585698999640044e+02
2.502191948160080130e+02
1.956364324172456861e+02
4.197501061264605369e+02
5.597003478529769609e+02
1.662207288979457473e+02
5.078387058135577945e+02
4.512511446441922658e+02
2.813845632543931288e+02
3.497018263997549639e+02
7.959830865724488831e+02
1.720650359754100123e+02
6.921054926219695744e+02
2.436727060982011324e+02
1.222938521041319063e+03
1.838363380894450074e+02
2.489740596498846230e+02
3.009986184860562162e+02
3.445666684734378578e+02
5.565904813760997740e+02
4.498413508036152848e+02
6.639978367928219996e+02
3.046650661201405796e+02
1.274653845353843508e+03
3.281006985646825456e+02
5.622870362391507797e+02
5.252496956068716827e+02
2.369623784130940862e+02
4.392438693333516539e+02
3.989815958325268639e+02
9.579785324844309571e+02
5.110597450731245317e+02
2.712941731219459029e+02
5.216350944502444236e+02
4.368815757804406417e+02
3.054961467103666450e+02
1.883759787687650089e+02
9.675521997200085025e+02
1.987364624082811702e+02
3.654479909643680458e+02
7.955015086197843175e+02
2.008547906196401982e+02
7.240424104185599390e+02
3.570943553633387637e+02
3.393497447585619398e+02
4.266143338296318461e+02
6.373288694814112887e+02
5.345619787238859999e+02
3.226217759508782024e+02
3.316579202205667798e+02
1.325795374658937817e+03
2.517479486572325982e+02
5.222071475799734799e+02
1.540801487112717723e+03
5.086141487807419708e+02
3.047931453628705185e+02
2.030240431379086658e+03
6.691984688280226692e+02
3.541795791889878728e+02
4.125010259147342708e+02
4.575107358582841357e+02
7.880204512836255617e+02
5.125800969160260365e+02
5.654328673673865069e+02
4.906721936787668028e+02
2.737718404567080484e+02
3.800716690456958986e+02
1.357579519534799829e+03
3.624598509997814517e+02
9.987675702947553873e+02
4.392890556901867853e+02
1.379839691921263523e+02
8.304869173201354897e+02
3.614796861710177609e+02
4.426376618755124923e+02
1.262165606870703414e+03
3.830172867016961504e+02
7.992990069350298654e+02
4.482833948950482750e+02
6.157096056255682015e+02
3.193294221689594679e+02
2.137123071754192551e+03
3.583636718904895702e+02
4.259338744288562566e+02
1.423136623767634319e+02
2.663355596238076828e+02
2.812021784127456954e+02
1.905617278934970784e+02
5.932680730313990125e+02
5.070615209686725393e+02
2.093554611913234282e+02
2.951714227954206535e+02
3.325092885628412773e+02
4.283844914275538258e+02
3.270323127535264689e+02
4.211357186060101299e+02
6.637681138630615578e+02
5.027767067506879926e+02
2.470641419822957516e+02
4.109517793946728830e+02
2.562203733499679288e+02
2.394556201837721972e+02
9.806257091107273709e+02
3.623648674333729218e+02
6.617402608287669636e+02
9.815199071517707807e+02
2.677249632489421174e+02
3.644352427762538582e+02
3.233828740428766082e+02
3.207451588863991674e+02
7.363916060757924242e+02
7.549040773565837981e+02
3.521092038461069365e+02
1.861748601349053445e+02
1.377656196991203387e+03
3.900198399870158141e+02
3.551042088581039025e+02
4.549747668522313120e+02
3.477930358295021165e+02
4.168748808222646289e+02
9.710797069915794282e+02
2.469604490273815998e+02
4.752169226902419723e+02
5.052146182885068129e+02
4.994040216677290687e+02
5.376534017898101183e+02
4.961200698841333860e+02
2.860964448993363931e+03
4.582602555867397314e+02
6.316389747389821423e+02
1.071373643730474896e+03
1.073216960191844237e+03
2.095889752666686547e+02
2.714338307282185951e+02
6.713153625518631316e+02
3.600309562406508803e+02
1.217570463820021814e+03
4.998892883025842480e+02
6.048194887015151835e+02
1.103010241318712133e+03
2.262819015935414484e+02
3.104177709232043867e+02
7.321001317371858477e+02
4.815915802960024052e+02
3.643177172631248482e+02
4.328169553965574323e+02
5.488129974405668463e+02
2.557336722275941554e+02
5.688622147073291444e+02
2.270565248535721139e+02
5.922673130604043763e+02
2.321824610744127142e+02
3.545907647898480718e+03
2.559020195842383885e+02
8.037651813607200211e+02
2.200463892770828522e+02
2.527775008419929463e+02
3.243395747543721654e+02
3.484995209324005145e+02
3.454015402092487079e+02
3.216937649897541860e+02
4.900039274218990499e+02
6.582632680105286909e+02
7.603925290660471319e+02
3.028120156363237925e+02
2.300568579620666299e+02
5.546513616411684779e+02
3.764908808091493029e+02
2.933630463514680855e+02
5.853254181044414963e+02
3.715671048650336843e+02
2.558594972756520463e+02
2.479359005400128240e+02
3.443097927442186688e+02
3.095311551733306601e+02
5.391529535636922219e+02
5.374756278009009520e+02
8.228191716797736035e+02
7.365531908484205132e+02
5.694894956065234055e+02
4.143353255974153626e+02
5.897166917889832121e+02
5.276607617354143258e+02
1.294705931595642880e+02
2.002782291005671027e+02
3.052686779752782513e+02
6.378793028349674614e+02
1.205578148164732056e+03
3.619440502734594247e+02
3.295007583828120801e+02
2.280342305608753861e+02
4.723797113052883674e+02
2.125232194859145238e+02
4.385068501389864650e+02
2.827958940458829034e+02
6.066762278675225843e+02
3.167403771247193731e+02
4.631062618146697218e+02
3.659456556699195175e+02
6.144533019494788277e+02
3.256659633920834267e+02
9.926168976686810765e+02
2.378228659974509185e+02
1.810909339056802025e+02
9.815606875826559872e+02
1.872764440857770296e+02
2.076685038694788545e+02
1.313373737382017225e+03
4.910086834652669268e+02
6.316729925858512615e+02
2.835848621810993109e+02
4.873865000174699844e+02
7.325223833846180241e+02
4.239783605508554842e+02
4.282388909444184151e+02
8.043585468764392772e+02
3.239355615911048858e+02
7.908683188615742665e+02
5.654210840770552977e+02
3.280086864367053181e+02
2.315603033449277461e+02
5.385575387800893168e+02
3.676311785042454972e+02
1.914582825926066789e+02
2.093599695806675243e+02
6.333610770050319161e+02
4.667108215586670212e+02
1.931704459094205220e+02
3.141048136995197524e+02
1.868659757286761192e+02
1.429806990729009613e+03
2.122391909572365876e+02
4.995231865951649866e+02
2.993086897257803116e+02
5.506153285442626384e+02
1.661071994571899211e+02
3.122211266608419464e+02
1.285793665569522773e+03
1.103605553638920810e+03
3.349622622196050656e+02
6.980708089679651493e+02
1.889439333627266535e+02
1.371577043814269473e+03
2.886257537847672552e+02
2.073963610945262701e+02
7.865148541694865116e+02
1.136863122123148059e+03
2.939734207906219012e+02
4.254238116526084923e+02
3.039838894756056789e+02
2.994873858852371313e+02
1.021609734760183869e+03
5.385149140081088035e+02
3.188550166538877875e+02
2.597383515258797502e+02
4.051730488894863811e+02
4.064621408517146506e+02
3.337036018854494159e+02
2.833947925848880800e+02
5.102141146809243537e+02
3.614001745771309970e+02
5.901379188024734503e+02
3.098459227202637862e+02
3.625820898290429000e+02
1.534409820583522901e+02
5.448726651538288479e+02
7.327152194924722153e+02
3.739137215186345315e+02
2.045259515698570283e+02
2.430679671457274367e+02
4.847157916480653057e+02
2.566146524907877620e+02
4.725549237093429156e+02
4.642553887804427859e+02
3.373959727582623032e+02
2.820905360403205577e+02
2.043115981492242099e+02
2.607549933229728936e+02
3.288142536417795441e+02
6.408567866065588987e+02
2.122283298374530887e+02
3.313135407527145162e+02
2.530305854256272937e+02
3.255320437358850540e+02
3.941819030587680004e+02
3.379375942599186828e+02
1.170855353143674165e+03
2.478786235026639986e+02
2.745076300903430138e+02
9.395450604805553212e+02
3.397749678444253050e+02
3.371740370464598868e+02
7.165597136680942185e+02
5.701995669282181325e+02
3.830122659953811421e+02
5.909893896081421190e+02
3.460769789037092892e+02
2.630784532494882342e+02
1.680131210524056314e+03
4.560937695801142127e+02
3.044308348010360419e+02
2.945418877015544581e+02
5.613727553728473367e+02
4.194589051601897154e+02
3.113515198344027795e+02
3.651090420564075316e+02
2.481209494299090466e+02
5.282713411013564837e+02
1.926980896622324906e+02
6.911123149421445078e+02
4.963333986708243515e+02
3.295835488053126596e+02
5.276863775839602795e+02
3.009513828613374358e+02
2.155755015352602584e+02
2.681598178938587580e+02
1.189618449886639610e+03
2.573213425204745022e+02
1.121613495166750454e+03
6.020793101508537575e+02
4.064171594216679182e+02
4.347780022978440684e+02
3.275162473642572536e+02
3.068633157789631127e+02
1.022549938865215836e+03
6.824249560662581189e+02
1.071994571899229641e+03
1.845808371115855948e+02
4.079681478194303850e+02
3.666189426331022787e+02
4.900345639767600687e+02
1.496749400051211296e+02
3.041905581416747282e+02
2.463406479559628792e+02
3.844188834707384785e+02
3.438982997531759338e+02
2.232944788727141372e+02
3.814077917058546632e+02
3.133252721965682213e+02
6.965742286325142913e+02
4.142406494211894028e+02
4.877063907341122899e+02
2.789909159028618433e+02
4.547452488492592124e+02
6.685249769380515090e+02
5.545760510464432400e+02
2.532856168137511474e+02
4.201563734843999214e+02
1.659119042278753113e+02
8.457019116492989497e+02
3.908555314299801466e+02
6.687003942688944562e+02
3.486108986418784639e+02
3.573711089910296437e+02
4.839474186550798436e+02
4.896654908309094481e+02
8.313946405292111876e+02
4.711511752090227674e+02
1.523684977114288586e+03
1.756580173558644731e+02
8.400656052620281571e+02
1.098501851974618148e+03
2.575154081890589168e+02
1.791936192355759374e+02
5.696504655987863543e+02
2.692852758155752895e+02
1.034983769286044208e+03
4.318981661409098933e+02
4.556252044785110229e+02
5.429739159962059603e+02
2.220007760577475437e+02
2.923693563546721066e+02
2.042460215769464753e+02
6.048046315093585008e+02
3.673303459789214571e+02
1.768900372075323162e+02
8.595238136711374182e+02
4.860802966684129842e+02
3.261585049279257191e+02
3.448306141768557040e+02
4.123816560605099539e+02
7.664208603994658233e+02
4.344473529248124919e+02
5.834454197479543609e+02
4.945082182302256228e+02
4.228854859884894495e+02
8.136412180725344570e+02
6.024477685163392380e+02
4.905199330750094759e+02
1.976781180097551385e+02
4.550756932955025036e+02
4.396590510065850026e+02
2.672804770449720877e+02
6.582956464430908454e+02
1.108813767965291163e+03
2.381966524594339774e+02
8.914096022340298759e+02
5.883196034092850368e+02
2.733707987318720711e+02
1.928845730396472788e+02
3.298265919763170473e+02
6.482696033221910739e+02
6.306574778860940569e+02
3.557009556658312022e+02
3.935253176288372288e+02
4.669563238511317422e+02
3.150830317237939084e+02
4.141378786368229044e+02
5.019500320864119089e+02
3.789765402886578158e+02
5.816876602207287306e+02
2.405856889582269957e+02
2.944677042041652726e+02
3.483161114568111998e+02
1.047259908543223673e+03
4.172062474390555167e+02
1.082750154386719259e+03
5.769680938212217143e+02
3.563321301740043623e+02
9.320998653323609915e+02
2.796899211779847292e+02
4.402264932835757349e+02
2.103760990607897838e+02
3.275561056245948066e+02
2.156157696491745526e+02
3.616039742681629150e+02
9.561225105621828106e+02
2.311031116800789675e+02
4.750391487013328060e+02
3.669563545901499992e+02
2.234766587875732000e+02
3.733821414296082253e+02
3.812899588025430830e+02
6.036217940868989444e+02
6.922070338456059062e+02
3.584505608487575614e+02
2.731102343204622684e+02
2.106855385112253316e+02
4.160267913086040608e+02
8.392840144911929201e+02
2.940632811873211949e+02
2.289954396617150678e+02
5.527381651449657056e+02
2.044137541532255966e+02
6.154089780270325036e+02
4.837077567760835564e+02
8.163481984834802461e+02
3.718966271407292652e+02
1.488942714048335745e+02
3.133991483037748367e+02
2.758605567471478821e+02
4.130390611975942079e+02
1.090705412311161354e+03
2.938372469397514237e+02
4.308327517681851759e+02
4.421183773937882506e+02
3.550743920103963660e+02
4.796121924471568150e+02
4.775570841500093024e+02
5.765535269283534490e+02
5.510198540245008871e+02
5.119738210126395757e+02
3.895745340758923589e+02
3.891432656497721041e+02
2.023700192928324952e+02
1.868804230672560607e+02
3.047201914262115565e+02
4.936166842374310590e+02
1.549924827730856975e+02
4.934932158474393873e+02
1.615572099750573329e+02
1.847790013159373643e+02
9.460657284230279629e+02
3.415761718507850446e+02
4.923816929473318851e+02
5.681189452459187805e+02
2.868370503124979791e+02
2.159987778166341741e+02
3.667041921770633053e+02
4.806333426335940544e+02
4.494924629464189252e+02
4.816387134573270146e+02
3.863276740409913259e+02
7.017350024073774648e+02
2.345567428444432494e+02
3.087149317752612774e+02
2.237593552921267133e+02
1.657279824353151128e+02
3.298649132857418067e+02
4.382075545645751617e+02
2.319496642428267705e+02
3.805820392121261762e+02
5.170077451055029769e+02
3.562170637823357993e+02
3.388705234639635933e+02
8.484956785551186158e+02
1.692145043492124614e+03
3.525525629527409137e+02
3.461425554759870238e+02
2.639532857090308084e+02
4.464458163837532538e+02
4.798867943435698180e+02
4.022675968840061955e+02
4.121007014336575480e+02
4.080135391030539154e+02
1.609047230808939162e+02
7.010079221622480645e+02
5.125683136256948274e+02
2.240702292300808267e+02
4.551462905740952465e+02
1.568901048333725043e+02
4.181703255149323581e+02
5.013014388012274480e+02
3.272034266218136622e+02
2.091822980551525575e+02
6.062631979255670558e+02
5.048494387516352049e+02
3.445350072846350145e+02
2.548214406291744183e+02
1.608848451824222536e+02
2.673793542203596303e+02
5.692104877841604775e+02
2.522379286082202441e+02
3.336841338405544661e+02
1.882592729627895096e+02
5.747204568064024670e+02
7.548510013183964702e+02
4.170346212537974111e+02
3.047183470851162497e+02
2.755051112327237774e+02
3.673060621544998412e+02
1.961395276826889074e+02
6.251140033339539741e+02
7.032334270839235160e+02
3.252010869726708506e+02
1.207492164368088197e+03
2.072028077429127961e+02
5.301674262107304685e+02
8.699853262173189705e+02
3.404751002168842433e+02
1.437116729270092890e+02
5.724143131935043129e+02
4.626759155590971204e+02
3.124992123126572210e+02
4.717941330075270798e+02
9.784075815534331468e+02
4.201703085060088938e+02
1.481543832354312542e+02
2.203226305878027915e+02
7.382490624855590795e+02
3.357071710953223942e+02
1.533339078114300662e+02
4.351328330319030897e+02
1.850699973554197868e+03
2.640250100849595469e+02
7.069290767853503894e+02
6.168037097486644598e+02
4.404442279962166253e+02
6.677040402238496881e+02
2.856454010381386297e+02
4.730438790263887086e+02
5.809502311727867436e+02
1.988287819264409109e+02
4.130879362366199530e+02
6.125954356861353745e+02
2.227621815399284912e+02
3.801229007427878628e+02
2.761062639664010021e+02
3.065409659408603602e+02
6.826626711407649282e+02
2.829125998518584311e+02
1.951303657133711624e+02
6.420707729008503293e+02
7.343793274774137672e+02
2.713455072824320382e+02
2.711250060581481875e+02
1.456883967276060957e+03
6.969824427949431538e+02
2.413198391775550249e+02
5.109854591123411751e+02
7.429986506595620313e+02
5.306701116225970054e+02
4.822744988182384418e+02
3.702296501807505251e+02
2.283860898565030766e+02
2.592974515407062199e+02
3.916545409778266276e+02
2.615167061953364396e+02
1.830855888002591882e+02
4.591365225338008713e+02
1.857517887803198164e+03
3.621850441765801065e+02
1.886288584256110141e+02
3.493894155108881137e+02
6.218926566842046668e+02
2.514071554081767772e+02
1.168373689736538836e+03
3.406017449720956165e+02
3.477828919534779288e+02
1.906609124590671627e+02
2.769107040741392325e+02
2.763425445533892457e+02
3.716431327035181766e+02
3.036197345726758954e+02
1.316086968060008303e+03
2.165719580436991976e+02
9.822601027113555574e+02
2.758545114068910493e+02
2.104391140482129288e+02
4.713608153135231191e+02
8.031705862842705983e+02
2.247597054095446367e+02
2.658393294057748335e+02
3.199870322328320640e+02
5.187142729356366999e+02
3.211410774415259084e+02
3.862785940751771818e+02
6.507500371685962364e+02
5.066211333004699213e+02
3.519303027598617746e+02
3.228434042724981055e+02
1.784005525645921466e+02
2.469013276489374675e+02
6.408862960640839219e+02
8.302146720817887626e+02
4.588435796898289709e+02
9.853549070692877194e+02
5.068519833275663586e+02
3.257032600675664185e+02
5.889629710613660336e+02
4.267139282487786431e+02
2.354628266392119542e+02
2.044227709319137887e+02
1.569921583739797200e+02
3.972991469000263578e+02
2.489348161699121817e+02
4.801173369804836852e+02
2.805858610967292179e+02
3.518571438964144136e+02
3.292105820504830831e+02
2.489115569794324188e+02
5.611456964913357979e+02
5.817171696782536401e+02
4.208241274242967052e+02
6.946755819382856316e+02
3.511851889573560470e+02
1.140530287000991848e+03
5.939785542066705375e+02
3.551525715801586784e+02
2.271686198068093745e+02
3.761157623230418494e+02
3.179836679497474279e+02
8.669813044266337556e+02
3.466113255043786125e+02
2.476047388500102784e+02
7.919560702542311219e+02
1.962413762965077524e+02
4.080322899041895539e+02
9.952607606288096349e+02
7.941462253049131732e+02
6.302252872894262055e+02
2.833234780625360827e+02
4.351683878296849457e+02
7.073714112580424853e+02
2.966162591168085783e+02
6.386764680417186355e+02
6.146772869291648931e+02
2.033896325283569979e+02
2.641614913260125945e+02
3.843764636255463074e+02
4.090803879632971984e+02
5.042228750962003119e+02
6.049235915100060765e+02
3.411365014263416811e+02
4.455852263360022789e+02
4.580122941728145634e+02
7.800557667269185913e+02
1.450888834082357789e+03
2.970504989813601924e+02
3.186802141034099236e+02
5.807798345482589184e+02
1.761547598908682914e+02
2.655139056658466075e+02
2.426755323460029103e+02
2.900484580130114409e+02
4.031909969923920016e+02
2.803826761860624401e+02
3.774976861204008287e+02
4.090497514084361796e+02
6.520806268054690236e+02
2.588063444923824932e+02
6.147874350779126189e+02
6.649839444984482952e+02
2.358154031785989275e+02
7.577865775617667623e+02
9.111266331768478040e+02
2.263842625243312057e+02
2.655986428928367218e+02
4.256985160124156664e+02
4.294805423551395620e+02
3.375035593221554677e+02
8.146429002140768034e+02
4.633575020572088192e+02
2.180237618758916369e+02
3.350306053035257605e+02
8.853629299530523440e+02
5.003167655831196612e+02
3.997634939935446141e+02
4.252977816777622593e+02
2.466093069755131921e+02
1.528163652074069205e+03
3.499310370125444933e+02
3.453519479264636516e+02
1.981327480897493274e+02
4.826932667102682331e+02
7.560067884047914504e+02
2.283309645504321281e+02
8.630691495732962721e+02
4.807626514370542168e+02
3.186354376001515902e+02
5.248593100750308622e+02
3.083158368549147781e+02
2.599875425005351417e+02
8.652976259334030829e+02
4.405005828630178257e+02
3.816258338086781237e+02
2.623547542963669912e+02
3.419779308193802763e+02
1.202738887511894745e+02
2.912477920419345878e+02
4.224942807494951467e+02
6.288411092973951781e+02
4.800393623375097150e+02
5.162964442230779696e+02
3.422731278580242815e+02
5.717605967386106158e+02
4.142002788438809375e+02
6.336964396941959876e+02
8.298951912187231983e+02
6.332091237914570456e+02
8.041394801396739922e+02
6.788217283463852709e+02
2.804413877109298596e+02
4.032927431428166756e+02
4.346978759235922212e+02
3.432958149953743145e+02
2.292717834358291782e+02
3.055983027143680033e+02
3.128489198770070630e+02
3.628452158253072639e+02
1.950098687618108215e+02
6.475268461777516222e+02
2.724196310436624344e+02
3.228027263050070701e+02
8.805787091518152465e+02
4.241902548500279408e+02
4.342801326655042544e+02
3.000426350183199702e+02
8.118571254530035048e+02
4.836031416506217511e+02
4.421666376524488555e+02
5.415566423278535240e+02
8.560782771149135897e+02
2.305842370519314102e+02
2.097336535792564121e+02
4.912008023293618066e+02
2.201211875548371211e+02
2.562192462526318764e+02
3.995667642767114103e+02
3.177140867596494900e+02
4.095378870183285471e+02
3.008400051518594864e+02
3.506523793075995172e+02
4.074673067486592686e+02
4.833958582041876184e+02
7.425456599938747786e+02
4.928543565847024297e+02
7.103453088108375368e+02
8.317538771892200202e+02
7.390370059868336057e+02
4.664978001621585690e+02
3.375946492795849849e+02
5.151700641308137847e+02
6.166261406865436356e+02
6.252633949626741696e+02
4.714274165197426782e+02
6.243999359398859497e+02
3.304535654853286246e+02
3.379239666284922237e+02
2.621874315736645826e+02
9.071831245248901041e+02
3.383737809289597749e+02
2.302677276272971767e+02
2.034247774725620843e+02
3.818028905538279787e+02
9.112864760717748140e+02
2.526675576200335627e+02
3.890421342797125703e+02
7.794123990748374808e+02
5.529522111754159823e+02
3.566175931902008642e+02
5.845406509683866716e+02
3.136308180380247563e+02
4.315069609019155905e+02
3.231487451871662984e+02
4.745310327295746333e+02
1.370057511678521450e+03
2.759650694092155163e+02
1.043866320927851120e+03
4.681980777252470602e+02
5.521726696724645080e+02
4.573730250565008646e+02
3.682048710482814613e+02
7.990288109645667873e+02
9.436549696846678899e+02
4.840095114719553067e+02
6.900274325245248974e+02
7.219270536456322134e+02
2.746913469561148418e+02
4.292160843347508035e+02
3.478938598093791370e+02
3.370070217139400484e+02
2.059534715776278517e+02
5.268491491900832671e+02
6.332840245326055992e+02
3.521890228301762704e+02
3.000836203759935188e+02
6.706637978282474251e+02
8.606933308523530286e+02
4.389047154986027408e+02
1.661995189753496618e+02
7.378018097699460895e+02
7.023550084055844991e+02
4.198017476771292422e+02
4.849745117183797447e+02
7.536281007088110755e+02
2.007604218335967801e+02
1.887321415269484248e+02
1.712773998643179709e+02
2.770197251255509627e+02
9.359585342939344628e+02
1.031067618360333654e+03
2.161856710476257035e+02
9.394238462852357543e+02
6.060957727394704762e+02
2.166713475360576240e+02
3.795261539350605631e+02
4.564682732858565828e+02
3.025892602173678938e+02
3.167494963668017363e+02
8.311735245245621400e+02
1.968262373505097571e+02
4.413284870880241328e+02
1.552627812069429467e+02
9.353554347557677602e+02
6.112503987106825889e+02
2.973509216531074912e+02
1.973451119786572860e+02
1.884687081405014908e+02
3.191972443904621741e+02
4.687875496319873605e+02
2.504844725435502824e+02
2.505843743528796210e+02
4.800499160671106438e+02
7.965827023552133141e+02
4.966723475787848656e+02
1.819396381997058825e+02
7.443351831732974233e+02
9.208158791210648815e+02
3.760304103156866518e+02
2.726852161613872454e+02
3.846538320336022707e+02
2.162779905657854442e+02
3.637271182590485523e+02
1.052015234667300774e+03
5.101619608132847361e+02
3.769528882535247476e+02
6.952821652318547194e+02
3.313995075404348540e+02
2.251385125778427323e+02
6.300683133695363267e+02
6.118870037787474985e+02
2.447908891189305905e+03
4.006131204581179190e+02
3.199454320947933752e+02
6.347763014055005897e+02
1.797977434076845213e+02
4.919984798530838930e+02
4.951585533931111627e+02
4.057685661364835141e+02
3.706902231376074042e+02
2.292471922212250206e+02
5.007775434667649392e+02
3.708502709593227564e+02
1.851809652113210234e+02
3.652671430736333491e+02
2.144090582558701499e+02
4.515212381512611728e+02
3.201336573499092992e+02
2.679981306578364979e+02
6.627982978371104537e+02
5.310187945530050229e+02
2.002223865507368430e+02
5.322190507524758232e+02
2.836430613889958181e+02
3.227196284923239205e+02
5.832461284462666526e+02
2.306578057689554839e+02
3.908654703792159921e+02
1.602135050237289988e+02
1.873398689267768873e+02
2.620901938125840047e+02
5.203884223332082684e+02
9.265857977743515903e+02
6.228976176543608290e+02
2.966896229070442814e+02
3.210593116529671533e+02
4.821939625904098534e+02
4.732747290534852027e+02
3.381328894892333210e+02
1.660751284148103366e+02
6.029199198367389272e+02
2.674069168733951187e+02
2.952972478434785444e+02
3.486549579013775428e+02
2.802246776322307937e+02
2.897579742904999307e+02
5.208212277102412600e+02
2.905993012201443548e+02
2.159041016404082143e+02
5.705598282221689033e+02
5.233951081721421588e+02
8.306754499654339270e+02
5.005672885818994473e+02
3.704397001388276749e+02
5.998305460386985715e+02
1.810792530787432213e+02
5.682905714311768861e+02
6.821986144285058344e+02
3.356149540405568814e+02
7.235226136198647282e+02
2.993551056433456097e+02
2.023020860624885415e+02
9.674778112958309748e+02
1.631764389933463235e+02
1.840807132845737328e+02
2.220706560925810038e+02
8.426782168869304996e+02
4.552218060956087697e+02
1.196987617196349447e+03
1.622409482044468518e+02
5.245550962576986649e+02
7.735893019199693299e+02
3.637025270444444232e+02
1.032971388224271550e+03
2.412919691343369948e+02
3.852893100043311279e+02
6.509799650251450203e+02
4.347780022978440684e+02
2.058546968656345371e+02
5.720431907797700433e+02
7.007837322557736570e+02
6.799329438563102030e+02
2.871156482812841659e+02
2.148579503857900477e+02
4.470606992122511656e+02
2.777385058357513685e+02
4.829514744636118166e+02
6.416917608057639200e+02
1.719201527360339128e+02
5.459134883119494361e+02
2.966270177731979061e+02
2.753136071489939809e+02
5.364764047808190526e+02
4.058496146812830148e+02
5.346753032378535408e+02
6.564467969584355842e+02
5.158626142121031535e+02
3.455884334402402374e+02
2.295163635577462742e+02
9.980051401786325869e+02
2.531702430319000428e+02
6.825363337757361251e+02
2.461998632523541346e+02
3.885369897463857001e+02
2.970304161561001024e+02
2.353005246228245539e+02
2.546024763558033044e+02
4.258325381320083238e+02
1.047348027062221718e+03
5.093257570533494913e+02
5.760690800006516383e+02
3.487992263603885590e+02
4.235818272153636030e+02
8.155361760845725030e+02
4.353557933776473874e+02
8.461194499805985743e+02
4.041473903137049888e+02
6.744539187791117456e+02
6.741364871839299440e+02
5.699039600359974429e+02
2.379357806578416330e+02
1.207513681680866966e+03
2.160836175070184879e+02
1.976900037634804619e+02
3.825434959669895534e+02
3.358110689770249451e+02
2.397184387898540479e+02
4.544576341017848904e+02
7.961611679515405058e+02
8.381406254754941756e+02
4.622178017237006884e+02
3.151109017670119670e+02
1.546874492486000747e+02
2.496646629266844570e+02
7.934192475231780008e+02
3.224179762598463412e+02
9.695012584041757009e+02
5.496382376173244211e+02
1.150039914615204452e+03
2.639149643996059922e+02
9.231306296590745433e+02
8.732406907139372834e+02
4.371069952476453295e+02
7.420601884322311435e+02
7.098501032267464552e+02
4.892221317242755276e+02
3.433402841084501347e+02
1.994592391908547597e+02
2.666153871533240931e+02
4.119258988831797410e+02
6.670086211675231880e+02
2.476797420545529462e+02
5.807661044534381745e+02
6.937808715802714232e+02
6.641442569831108358e+02
6.891431734327173899e+02
6.056442165613018460e+02
2.570519662571649064e+02
2.650634765850139161e+02
3.731139947270287962e+02
7.687193192578002936e+02
2.073279155472114041e+02
3.518987440344531024e+02
3.018724263116569659e+02
1.240579643617970078e+03
4.649034697486562777e+02
1.843777546643130108e+03
8.263363301485319425e+02
5.335769981155957566e+02
8.751032702934131748e+02
1.622902330970493267e+03
6.515113401873829844e+02
3.328241585731685745e+02
1.127609652994395447e+03
4.678489849412623585e+02
4.193063371662498184e+02
5.418688482899320888e+02
4.861319382190816896e+02
2.750694368806535977e+02
4.675911870414955160e+02
6.161685391681181727e+02
5.978122221000630816e+02
2.478249326841116158e+02
1.134941933482198920e+03
1.740442188974672320e+02
4.348812853991814791e+02
2.582538618709426146e+02
9.138423229762993287e+02
2.395487594090854202e+02
3.942518855569956031e+02
3.698182596531019612e+02
3.531784093644164955e+02
2.462327540018871730e+02
2.068958274139376670e+02
1.155169232128052954e+03
6.133304056126168007e+02
5.121779280938540069e+02
2.267466755495598534e+02
3.732835716444032528e+02
3.055557804057816611e+02
2.853300187108404202e+02
5.780809487454536111e+02
2.760065670838600340e+02
3.405688542225626065e+02
3.469315236112034881e+02
2.191283172651946245e+02
9.592357583310680411e+02
5.281317859584779626e+02
3.479954010330154688e+02
3.565862393915805342e+02
6.220489133603351775e+02
3.743005208316789663e+02
5.551106025739009056e+02
4.139191192902401895e+02
2.642480728940980157e+02
7.124101511304324958e+02
2.274083841491998044e+02
3.978143328459833015e+02
6.261817743647449106e+02
9.440498636058528064e+02
1.588083220358902565e+02
1.002873073572917974e+03
3.430934497918609623e+02
3.637290650635380871e+02
2.837004408897388430e+02
5.724836809113668323e+02
1.835005655467042061e+03
2.908678577763004682e+02
5.655610490735106168e+02
2.783021569671573161e+02
4.983223156153290461e+02
2.143182756886231743e+02
1.103836096275834734e+03
7.608382448307473851e+02
3.259005021013705345e+02
3.069961083378254898e+02
8.009783819657048980e+02
6.435927641580587988e+02
7.329150231111308358e+02
3.571177170172127262e+02
8.300605671369361289e+02
3.059317185990425969e+02
5.519170235039755426e+02
3.070916042212049319e+02
4.695441393346416703e+02
3.497031584238793585e+02
1.961161660288149733e+02
1.223179310017651318e+02
6.749446159738587312e+02
3.488511753012398344e+02
8.869847205561958390e+02
5.748168748603295626e+02
1.590805672742370234e+03
2.521427401150233436e+02
2.090061634805503559e+02
2.454575159614913957e+02
4.923537204407196555e+02
6.226145112962306030e+02
6.758898407852057062e+02
2.202145317069387147e+02
3.382901707993056561e+02
3.393804837768171296e+02
7.744689501590385134e+02
2.143069022518687632e+02
3.482967458753104779e+02
4.124310434165066113e+02
3.198963521289792880e+02
3.012324399515840128e+02
8.778130172160019811e+02
3.212565536867712694e+02
4.435533772293345010e+02
4.213261980557981019e+02
2.265202314484133126e+02
2.138108769606242276e+02
4.176062645299496694e+02
5.375758370004127755e+02
6.362890709572325250e+02
4.234752652854123198e+02
2.099155261039329332e+02
2.632870687200467614e+02
3.246391777189660388e+02
2.092075040501218268e+02
5.062029801888052134e+02
5.164551600206689272e+02
4.262689297278377580e+02
7.645206767543244268e+02
6.171012634453746841e+02
6.575561681272653232e+02
2.290248466558458631e+02
2.878533847194086093e+02
4.664085545458243587e+02
5.071236137855480024e+02
3.742329974549117537e+02
2.846131848051294924e+02
7.032562764208265662e+02
3.916207280577459073e+02
3.105345791925740855e+02
2.365871574635924617e+02
3.820043335867936207e+02
1.785169509803851270e+03
2.070620230393040231e+02
6.759145344632040633e+02
1.006660223085351049e+03
3.317559776888008400e+02
5.819826523325842800e+02
6.422990613430922622e+02
3.126832365686115622e+02
2.906371102125982020e+02
2.141115045591599539e+02
5.562445649573347737e+02
3.257334867688506961e+02
1.905959506671545398e+02
2.293529344440228783e+02
2.635322636223289692e+02
1.155916190271653932e+03
2.223265071878583399e+02
5.015154848316777247e+02
2.227915885340592865e+02
4.057770705982007371e+02
1.618343734563249257e+02
1.126282752039713159e+03
5.332807764430099269e+02
4.443807691373698958e+02
2.176423931227389517e+02
8.453257685292496717e+02
4.230306766180481191e+02
6.582502551594673150e+02
5.478045527150084126e+02
1.187697261245690470e+03
5.705908746306066632e+02
4.504920958200775658e+02
3.854195409783389437e+02
3.313682562052087519e+02
3.321338626865512538e+02
9.863808730352516250e+02
3.720118984591862272e+02
2.563174061842601077e+02
3.658118384771152591e+02
1.684177489960380399e+03
7.547073476397505374e+02
9.534958614522772677e+02
4.209719821021041639e+02
5.157244935567431412e+02
3.170403899428899877e+02
2.498911070278309978e+02
5.017660078304575109e+02
4.768542877293015749e+02
7.914819721293420116e+02
3.466576389585497395e+02
2.539884132344589034e+02
2.188778967298090379e+02
3.191943754154250428e+02
6.236465226024513413e+02
4.925038293131991622e+02
7.136010831610326477e+02
3.638522260633471888e+02
1.910178949244040325e+02
4.605624031272647585e+02
2.041289059173942064e+02
6.147432733550193689e+02
7.267002084002974698e+02
9.119876330781755769e+02
2.361903167379180104e+02
7.182643971571326347e+02
6.896044636333334665e+02
6.256232464030481424e+02
6.606383694877127937e+02
5.821289700594790020e+02
6.567509083123735536e+02
1.234731033077950087e+03
3.757633907104432751e+02
5.192549722667454262e+02
4.769413816143579083e+02
6.236713187438439263e+02
2.627657349704388139e+02
8.615232843452430416e+02
4.205639728664636436e+02
6.664679218364145754e+02
2.845386939175577368e+02
8.314452574459379548e+02
1.916600330157548797e+03
9.965718822207875291e+02
5.187806692150678600e+02
2.749983272850899425e+02
6.575596518826674810e+02
8.805345474289218828e+02
2.636269397985549290e+02
2.223698492035981360e+02
5.153398459749765834e+02
2.258325996100448094e+02
6.898757867011325970e+02
3.984619014972258810e+02
4.962181273523673894e+02
3.894772963148118379e+02
1.449842682827739679e+02
2.573127355953630513e+02
1.887917752223634977e+02
2.301572720883668808e+02
6.015929164186625258e+02
2.046660190297064901e+02
6.742665132311493608e+02
4.444358944434408727e+02
2.615412974099405687e+02
4.301981959680039722e+02
7.694291856527066784e+02
4.279675678766193414e+02
3.810375914626680469e+02
2.824578673084700426e+02
5.699852135075852857e+02
4.784937020362447697e+02
3.644764330607158058e+02
9.338740190026561550e+02
6.406333139438437456e+02
9.332128227199871162e+02
4.633419276212928253e+02
1.107959223257797021e+03
4.050816515418742938e+02
2.949760251027118443e+02
2.037084986110574505e+02
3.080312960092659864e+02
2.676307993896870130e+02
6.170494169679176366e+02
7.463266617026567928e+02
2.760662007792751069e+02
5.247551048031457412e+02
4.125819719961396004e+02
1.168230240984681359e+03
6.095320875902177704e+02
4.855371382158438678e+02
3.684310077592454604e+02
2.217537368143700292e+02
3.874716778370551538e+02
4.324267747915048972e+02
5.798910670671073149e+02
3.164346263564744390e+02
5.618226721367091159e+02
2.343904447556826938e+02
2.645373270558793592e+02
2.305700971035340388e+02
5.176782655570427778e+02
4.524208667521962752e+02
4.022826590029512772e+02
3.128955407213607600e+02
4.462835143673659104e+02
4.121995786090450906e+02
5.919879978478588782e+02
2.250733458591417389e+02
4.556731573469891146e+02
7.121943632222811402e+02
4.506458933747476863e+02
2.280201930758721858e+02
3.958936565220050738e+02
8.920709009800931426e+02
6.588039673416374171e+02
6.596129158387198004e+02
3.889388511783751596e+02
2.100516999548034107e+02
1.398856897881805025e+03
2.222153344051687327e+02
1.732876291948129222e+02
3.102025977954181144e+02
6.570748975647832140e+02
4.345609848289624892e+02
4.367155850818626277e+02
2.540769416070338309e+02
2.809058542767656945e+02
4.802697000476352400e+02
7.359320577528773129e+02
5.590017524314307593e+02
2.321241594031220359e+02
4.479004891909828530e+02
3.771963412781058196e+02
2.422065573908229510e+02
7.996018887282376681e+02
2.723452426194848499e+02
4.023761056184470135e+02
3.829241474763829842e+02
4.822366898257845378e+02
7.927178855899887822e+02
4.311149359557678054e+02
3.956603473734482463e+02
5.983620406732542278e+02
1.903925608296993914e+02
2.869041638356884505e+02
3.537741315382019707e+02
5.357467629508350910e+02
4.419841503474072510e+02
3.957423180887954004e+02
4.070575556353176125e+02
3.223408213240258533e+02
4.085256511471852718e+02
5.279581105053360943e+02
1.030566572362774195e+03
1.501041591633577070e+02
4.413136298958674502e+02
9.585518151748901801e+02
5.700521221039874717e+02
2.564207917489917236e+03
2.728911675836969835e+02
6.710113536613193901e+02
2.769328361672829715e+02
5.488055176127915047e+02
3.962743080313984478e+02
1.736616205835843516e+02
3.519486437074206719e+02
2.370641245635187602e+02
1.060464366151709555e+03
4.701382220941202377e+02
3.536284285916723888e+02
3.474689441136982850e+02
6.925613522626939584e+02
2.777692448540065584e+02
3.890410071823765179e+02
8.612767574188364961e+02
2.747621491614959268e+02
6.368334589705318649e+02
2.435033341076150464e+02
5.990312291006695204e+02
3.454517472723988476e+02
4.186882779725322052e+02
2.789531069104079393e+02
2.503209409664326870e+02
2.119961477862322567e+02
3.391301657048256857e+02
3.650334240714997804e+02
3.272311942016374928e+02
3.042672007605243039e+02
3.622327921182697992e+02
3.847173593379962995e+02
6.240028902874231562e+02
3.947858223040881853e+02
5.959183911853610880e+02
1.008286522077838754e+03
3.623947867444746294e+02
2.110089129832698802e+02
3.287724485769525131e+02
9.016045050285447360e+02
5.060003075951093479e+02
1.708231796379005118e+03
2.011155599578383715e+02
1.716487272048406112e+03
4.530260155582466837e+02
6.328160742113674360e+02
5.757131221692566214e+02
6.621132275835965402e+02
1.313321481050983493e+03
8.248697715875770200e+02
6.621936613480309006e+02
4.540663263993963596e+02
1.288115486081731206e+03
3.499611612504345999e+02
3.253848038384426786e+02
1.083989961456344986e+02
5.108823809377921066e+02
1.511367852499435685e+03
3.731765998608752284e+02
2.206697765672980154e+02
3.096106667672174240e+02
2.963244433701726734e+02
5.090498231328121506e+02
4.587699085094106977e+02
3.147736947367525886e+02
3.173754452418714891e+02
1.125673094844318712e+03
9.531591667389888016e+02
7.633224698227372755e+02
5.988256875319365236e+02
3.277293712241598769e+02
3.808854333223048343e+02
3.861451867359496646e+02
4.966274686121323043e+02
7.336247870426431064e+02
2.712297236470041639e+02
2.405055625839751485e+02
9.297681058709167701e+02
2.033366589535638980e+02
4.122023451206880509e+02
5.373012351039998293e+02
4.131570990276941302e+02
2.309403998101148261e+02
2.322032611434320586e+02
3.087657536187765572e+02
2.932553573241807499e+02
1.256284208044544499e+02
1.063008532229297089e+03
2.282059592095276912e+02
1.953280176007519913e+02
3.372324411811447362e+02
6.177177856881795606e+02
7.025693618262173459e+02
5.227875002446313601e+02
4.445705313433986134e+02
4.491082252182291086e+02
4.869733676121202848e+02
2.831783898963715842e+02
3.872589638307292716e+02
2.625920595172970025e+02
8.886963715560387982e+02
2.662970333875945244e+02
7.318469446901573292e+02
3.746317849850756829e+02
6.980844365993915517e+02
4.291387244721419165e+02
6.778178944735651612e+02
5.106869832450832973e+02
2.687674258213696135e+02
3.391643884784831471e+02
3.125719613225278408e+02
9.611204700036876147e+02
3.336383327033542514e+02
1.674522364326426668e+03
9.667948927735949383e+02
3.526239799384871390e+02
3.857992703171846642e+02
1.748904640700324990e+03
4.157743215053347967e+02
7.111337646290829753e+02
7.770516424728392622e+02
6.670745051299835495e+02
5.087574950692053335e+02
6.866842568990908831e+02
4.127976574408967849e+02
3.252545728644348628e+02
4.611235951372102591e+02
5.979764709209399598e+02
3.315936756724134398e+02
3.873881701707952061e+02
5.497746163949832408e+02
5.746113332915965657e+02
2.687331005843179810e+02
2.992946522407771113e+02
2.191032137336195547e+02
4.610804580482588335e+02
3.427915926325950409e+02
5.553398131866904350e+02
3.116246872432971600e+02
1.353091622869542789e+03
1.981376663326701646e+02
2.289971815394161752e+02
3.224211526250660427e+02
2.776358375147790412e+02
9.176991475967774932e+02
4.970017673910862754e+02
3.096046214269605343e+02
1.548425788273945614e+02
5.283705256669265964e+02
5.296470146316702312e+02
4.935158602575540385e+02
1.679820746439678771e+02
2.492869828557224139e+02
6.101218668871405271e+02
3.152278124997758368e+02
7.991946991997506302e+02
9.966426844261686711e+02
3.182963862287968482e+02
1.859488258873355448e+02
6.436994285514042531e+02
7.614036378398544684e+02
1.984620654386565377e+02
4.558887403283521280e+02
2.801987543935022700e+02
8.828817788628879271e+02
2.093272837579228565e+02
6.274477095998876166e+02
5.944957894205110733e+02
1.700278587722446844e+02
7.378273231550979290e+02
1.389270422721954503e+02
3.883695645602891204e+02
2.327998030243710161e+02
8.770192333012588506e+02
6.434523893080267953e+02
9.278176126992310628e+02
2.958667393883529826e+02
4.673597222340339954e+02
4.769071588407004469e+02
2.489857404768216043e+02
1.104882247530452787e+03
2.169865249365674629e+02
1.274108740096784913e+03
3.725177602362724087e+02
2.595486917832452605e+02
3.382079951571701599e+02
2.695485042752338813e+02
4.702606658501700281e+02
5.687046260070742392e+02
4.249548366974285614e+02
8.215783399762059389e+02
3.454074830861113696e+02
3.528398703100327225e+02
4.448198247814481192e+02
7.526681211687015320e+02
1.427527180208416553e+02
1.568236060905471049e+03
5.464799059549982303e+02
3.164248923340269926e+02
9.439361292383086948e+02
6.318089615099333969e+02
5.117829317092748624e+02
1.047716895281283996e+03
2.757086035335731253e+02
4.126132233313657025e+02
5.461632940669699110e+02
2.212383459416247717e+02
3.347631758447056427e+02
3.522397422102973223e+02
3.152032212851717077e+02
3.929633059117382459e+02
8.599289539317406934e+02
1.963542909568984669e+02
3.505781958102103317e+02
4.730747205080381264e+02
4.936602311799592258e+02
2.932131424057769777e+02
3.412585353288147871e+02
3.212646482949118081e+02
5.324087104951103129e+02
1.483875899205939504e+03
2.459299746720735982e+02
3.419770086488326228e+02
3.783680101905993070e+02
1.019506263740981581e+03
4.147367771758280810e+02
3.316167299361048322e+02
2.084351349847631809e+02
5.328595494295196886e+02
4.454299942938135928e+02
1.845153630027020597e+02
2.585440382032716116e+02
3.084482195602004708e+02
6.239989966784442004e+02
5.391286697392706628e+02
1.519122282171277220e+03
2.040978595089564749e+02
2.661573757813218322e+02
3.250676796334433334e+02
2.968022301772524543e+02
6.059656442288569451e+02
4.820598380074230818e+02
1.378906250400247586e+02
3.020517372514788690e+02
8.206067820725537558e+02
2.300957940518565294e+02
2.710117840075749314e+02
3.400385036942664669e+02
2.972251990684438283e+02
1.099879984626392343e+03
4.215448549389866457e+02
2.069988031250925360e+02
3.081826344424756599e+02
2.288774018316151455e+02
3.701242153481352375e+02
8.369526648833254967e+02
8.336046734783648162e+02
2.934348731907910519e+02
6.421021266994706593e+02
2.724118438257044659e+02
4.973563931983569546e+02
3.225821226173290484e+02
3.552593384368983607e+02
3.113492656397307314e+02
8.766441148151513971e+02
5.947801253393715797e+02
1.708833256502864799e+02
2.539592111671164503e+02
4.063079334434678458e+02
5.901887406459886734e+02
6.812646605905190427e+02
2.294108262617367870e+02
3.816184564442968394e+02
1.752968338913660489e+02
3.870020881015100827e+02
5.940333721225589443e+02
1.052914863268235877e+03
3.908641383550915975e+02
8.840046751997498404e+02
3.397722013327823447e+02
3.036692243920667238e+02
2.112774695394260220e+02
7.271939794968699289e+02
2.518777697776636444e+02
6.260291039074107857e+02
1.121243602313746351e+03
5.802718210398948031e+02
2.730132014861700327e+02
7.122746945233213864e+02
3.645099385906139560e+02
5.844158505542706052e+02
1.321982711761352903e+03
2.803774505529590897e+02
4.099999969260981629e+02
4.804201163102972600e+02
8.370911953922621933e+02
3.852358241125671157e+02
7.719669989998548090e+02
7.452381930662406830e+02
7.521684071952664681e+02
