trial b/dMass b/dRadius b/dEcc b/dOrbPeriod star/dMass star/dSatXUVFrac star/dSatXUVTime star/dXUVBeta star/dAge star/dFlareSlopeA1 star/dFlareSlopeA2 star/dFlareSlopeA3 star/dFlareYIntB1 star/dFlareYIntB2 star/dFlareYIntB3 vpl/dStopTime 
rand_000 -1.656468 -1.108537 0.003530 -1.628947 0.193954 0.001615 664375679.424664 1.270935 6240686.165143 -0.149461 0.512618 -0.611899 4.731236 -16.300700 19.241167 8103436634.397578 
rand_001 -1.673172 -1.169416 0.001075 -1.628910 0.193051 0.001663 749556574.188654 1.353347 2979617.729702 -0.148007 0.520305 -0.620761 4.681094 -16.557929 19.539788 8981796134.212040 
rand_002 -1.673800 -1.108663 0.009223 -1.628932 0.197118 0.002425 526336134.947985 1.417827 5352630.094843 -0.148416 0.514705 -0.615603 4.695411 -16.372194 19.367678 7587641402.965085 
rand_003 -1.634535 -1.132897 0.003564 -1.628931 0.197535 0.000531 1929038307.687069 1.474692 5336367.392767 -0.147706 0.517441 -0.618291 4.671027 -16.461421 19.456252 6751567566.913087 
rand_004 -1.632660 -1.136807 0.000486 -1.628971 0.199226 0.001176 1053758499.889366 1.395900 4142202.527361 -0.148204 0.517786 -0.619307 4.687103 -16.471830 19.491370 8230986484.630186 
rand_005 -1.669761 -1.113500 0.004572 -1.628929 0.190546 0.000418 1660048503.189996 1.456864 5960246.782465 -0.147392 0.518551 -0.621505 4.659535 -16.496426 19.564981 7705581080.908663 
rand_006 -1.669065 -1.110786 0.006081 -1.628962 0.197664 0.001532 428175478.743205 1.099620 3600964.703409 -0.147609 0.516020 -0.617794 4.667589 -16.413399 19.440496 6508052660.739748 
rand_007 -1.666602 -1.169773 0.004909 -1.628929 0.199162 0.000694 1329074681.685461 1.414284 6064535.847230 -0.148607 0.514988 -0.614411 4.702295 -16.382629 19.327319 9116226935.980326 
rand_008 -1.608992 -1.155796 0.013714 -1.628879 0.195537 0.000719 1207758929.973935 1.419485 2844314.240385 -0.148096 0.520608 -0.622067 4.683774 -16.564391 19.581861 6960589622.794258 
rand_009 -1.659610 -1.106016 0.008659 -1.628969 0.199053 0.003897 212709603.765264 1.093853 4095079.743182 -0.148541 0.513357 -0.614234 4.699504 -16.324817 19.320884 7078416671.321638 
rand_010 -1.623867 -1.120500 0.004121 -1.628935 0.194191 0.000604 2031418092.065183 1.881459 4860112.057322 -0.148051 0.519241 -0.620391 4.681848 -16.519717 19.526579 6850742965.741360 
rand_011 -1.643164 -1.126365 0.000338 -1.628948 0.192334 0.001063 1029814891.971550 1.456110 5217659.794465 -0.147689 0.515498 -0.617740 4.670002 -16.393536 19.437060 8256857735.050590 
rand_012 -1.662412 -1.149713 0.008304 -1.628959 0.196442 0.001042 701275628.957999 1.336242 3131916.251631 -0.147145 0.521916 -0.623048 4.651630 -16.612720 19.617979 9967408889.891382 
rand_013 -1.674890 -1.121223 0.005675 -1.628952 0.190240 0.000423 1513254854.541552 1.080269 6042909.395585 -0.147329 0.516659 -0.618854 4.657863 -16.435759 19.477267 6559493785.739315 
rand_014 -1.642079 -1.105621 0.001955 -1.628891 0.196447 0.001175 1312754886.676138 1.416219 5753560.025062 -0.147667 0.514790 -0.615930 4.669500 -16.373817 19.378417 7905999644.556375 
rand_015 -1.678081 -1.083641 0.000835 -1.628884 0.188088 0.001041 905503582.871171 1.525960 6903313.081424 -0.147303 0.519770 -0.621549 4.656917 -16.540293 19.567505 6942599917.930435 
rand_016 -1.668890 -1.137084 0.002690 -1.628959 0.191933 0.000699 1117644127.820374 1.178767 5702111.599489 -0.148262 0.515693 -0.616490 4.689401 -16.401760 19.396124 7229900622.888600 
rand_017 -1.644847 -1.112458 0.004598 -1.628920 0.197900 0.001376 940904549.184794 1.489668 4263589.989542 -0.147667 0.521194 -0.622373 4.669338 -16.587374 19.594644 7863886822.643904 
rand_018 -1.665533 -1.092902 0.001338 -1.628956 0.195566 0.000844 1624386275.472464 1.495248 3928701.129733 -0.148662 0.514538 -0.615051 4.703477 -16.364361 19.348275 7177714637.829921 
rand_019 -1.669084 -1.158974 0.003746 -1.628949 0.194202 0.001235 461842119.282124 1.357972 4579408.465560 -0.148018 0.516853 -0.617539 4.681406 -16.441111 19.431040 7411047383.857962 
rand_020 -1.667083 -1.094017 0.006877 -1.628986 0.193983 0.001311 1005902065.813177 1.503976 7180815.049704 -0.147643 0.516936 -0.619561 4.667764 -16.444683 19.501630 8106704857.157361 
rand_021 -1.675794 -1.125987 0.001235 -1.628873 0.194214 0.002427 1364410423.854745 1.853533 5047607.164446 -0.148150 0.518102 -0.618147 4.686486 -16.487269 19.453716 6758024529.810727 
rand_022 -1.649662 -1.128503 0.005713 -1.628901 0.189610 0.000775 949024989.964656 1.344084 5090253.892345 -0.148339 0.520730 -0.620013 4.692688 -16.574041 19.514933 5913096350.137219 
rand_023 -1.659166 -1.140835 0.008091 -1.628949 0.190564 0.000838 986612699.072910 1.354696 6379460.916302 -0.148178 0.518685 -0.618625 4.687322 -16.508450 19.471177 7118174256.727751 
rand_024 -1.691192 -1.137278 0.004683 -1.628923 0.190234 0.000465 772506143.657718 1.273491 3835471.173921 -0.148066 0.518417 -0.620026 4.682929 -16.492084 19.514018 5640542232.069682 
rand_025 -1.671212 -1.144900 0.005937 -1.628942 0.197541 0.001064 596556066.024979 1.297360 5538960.281038 -0.148309 0.516260 -0.616753 4.691506 -16.423512 19.405982 8582309205.353150 
rand_026 -1.668442 -1.149060 0.004714 -1.628905 0.197496 0.000335 2847955185.284208 1.553399 5516343.000544 -0.148522 0.518497 -0.619241 4.698622 -16.496311 19.488471 7190007302.644424 
rand_027 -1.668603 -1.121008 0.003122 -1.628940 0.198802 0.000569 165515700.665236 0.670472 5957357.455112 -0.148138 0.516268 -0.617636 4.685113 -16.419870 19.433922 6713477091.307517 
rand_028 -1.646221 -1.107746 0.006504 -1.628936 0.191838 0.001102 694738572.260275 1.221584 5852293.450301 -0.147794 0.517888 -0.619493 4.674106 -16.475469 19.496785 7034390785.253336 
rand_029 -1.676150 -1.150955 0.009685 -1.628949 0.206058 0.002070 623661171.849792 1.342862 4941308.847071 -0.147956 0.518639 -0.620136 4.679058 -16.501884 19.519252 8095687241.282948 
rand_030 -1.597811 -1.143903 0.006577 -1.628915 0.195620 0.001252 946640919.127803 1.434714 3616887.148845 -0.147143 0.520043 -0.621873 4.652060 -16.549916 19.578169 8085402124.753014 
rand_031 -1.628132 -1.124873 0.002257 -1.628871 0.188631 0.004274 198240745.214817 1.202341 4435119.953275 -0.148508 0.519352 -0.619629 4.698381 -16.527119 19.502287 6749168207.053287 
rand_032 -1.628243 -1.152290 0.002365 -1.628939 0.191819 0.000850 687632739.760368 1.176238 5842095.967898 -0.149017 0.513050 -0.613959 4.715249 -16.308920 19.307720 6977316882.764498 
rand_033 -1.683775 -1.125117 0.002519 -1.628939 0.189318 0.000688 1293196995.188706 1.566017 6854375.626897 -0.148157 0.517241 -0.618505 4.685186 -16.454059 19.464534 6980737238.008245 
rand_034 -1.706703 -1.135394 0.006958 -1.628932 0.196190 0.000275 1832260847.489300 1.021499 3777067.245354 -0.149364 0.515794 -0.616367 4.727133 -16.406516 19.392262 5598236484.074474 
rand_035 -1.667799 -1.162759 0.000887 -1.628924 0.195702 0.000700 353700102.166083 1.039675 3711227.984812 -0.148009 0.517834 -0.618276 4.681842 -16.476987 19.456627 6032890895.141535 
rand_036 -1.653249 -1.120567 0.009426 -1.628939 0.188599 0.001167 364139929.672313 1.082441 3426096.575802 -0.149016 0.514481 -0.613949 4.714844 -16.360705 19.310186 8189378547.976109 
rand_037 -1.663725 -1.141220 0.004987 -1.628942 0.199315 0.000194 4616588790.771757 1.327131 4232950.086306 -0.148632 0.516081 -0.616271 4.702294 -16.417147 19.389826 8287325404.302088 
rand_038 -1.672186 -1.109499 0.003144 -1.628929 0.197079 0.000270 2280570896.283019 1.464309 5947561.185638 -0.148289 0.518586 -0.618762 4.690751 -16.502924 19.474688 6382325603.093849 
rand_039 -1.700043 -1.133910 0.009158 -1.628978 0.197601 0.001112 797487897.732893 1.212998 6316191.170316 -0.148239 0.519103 -0.619312 4.688445 -16.516147 19.491065 8143349482.098797 
rand_040 -1.675459 -1.144226 0.009581 -1.628946 0.189601 0.000649 1764637639.039329 1.498153 2921343.083642 -0.147540 0.515418 -0.617914 4.664770 -16.392191 19.444099 7835765562.467697 
rand_041 -1.665591 -1.130665 0.003912 -1.628985 0.202040 0.001807 745952801.561200 1.550464 3794825.479516 -0.147915 0.518283 -0.618966 4.677567 -16.492659 19.482619 7426192653.321646 
rand_042 -1.671393 -1.105161 0.001391 -1.628944 0.189818 0.002100 1104137305.902101 1.650596 3607771.987048 -0.147552 0.514515 -0.617195 4.665335 -16.363081 19.421415 7734767873.711595 
rand_043 -1.671524 -1.093164 0.006393 -1.628957 0.190326 0.001800 831847526.945792 1.473825 4132323.712088 -0.149134 0.517853 -0.617796 4.719490 -16.477234 19.441218 7681923408.910116 
rand_044 -1.678361 -1.118139 0.001901 -1.628914 0.187528 0.001414 399214524.098426 1.002008 4777652.311630 -0.148899 0.520696 -0.619859 4.711689 -16.572566 19.509675 8081076298.823377 
rand_045 -1.621938 -1.141781 0.000681 -1.628951 0.196696 0.001228 921277659.045591 1.504801 4602583.039962 -0.149120 0.517264 -0.616148 4.718553 -16.459598 19.387522 6341123314.276297 
rand_046 -1.643706 -1.129348 0.006911 -1.628941 0.192205 0.000515 1394091680.891399 0.976236 5513819.223776 -0.148201 0.517203 -0.616940 4.687700 -16.455857 19.412450 7958045603.332266 
rand_047 -1.638012 -1.131968 0.008324 -1.628989 0.193929 0.000754 1210080536.738437 1.468947 3073354.329425 -0.148193 0.517505 -0.617214 4.687710 -16.466396 19.422183 6358494191.021089 
rand_048 -1.653726 -1.133005 0.002652 -1.628903 0.200148 0.001386 1023547394.864715 1.365815 4479478.920074 -0.147122 0.518649 -0.620448 4.650922 -16.503335 19.530994 6921224914.315120 
rand_049 -1.690707 -1.135088 0.002731 -1.628960 0.194127 0.000858 854157381.227311 0.863466 6366400.969509 -0.148997 0.515245 -0.613823 4.715317 -16.390087 19.306456 7969184041.329699 
rand_050 -1.643016 -1.149309 0.008289 -1.628944 0.191986 0.000630 1088131920.704361 1.659958 6404511.808423 -0.149092 0.517949 -0.617827 4.717289 -16.475359 19.439691 6691245731.649755 
rand_051 -1.628991 -1.110488 0.007829 -1.628910 0.188525 0.000516 1331931193.434823 1.262603 6664745.732723 -0.148568 0.518359 -0.618363 4.700621 -16.491951 19.457657 6755981194.102624 
rand_052 -1.625637 -1.112784 0.007304 -1.628910 0.190220 0.001202 726448842.205256 1.131030 5393253.730664 -0.147869 0.520397 -0.620991 4.676383 -16.560551 19.547342 8652725219.479937 
rand_053 -1.645656 -1.129537 0.001395 -1.628961 0.190693 0.000685 155188188.611269 0.691602 4344915.805724 -0.148179 0.520312 -0.620138 4.686458 -16.560385 19.520990 6172810565.123426 
rand_054 -1.659977 -1.104825 0.000342 -1.628917 0.187180 0.001285 881301980.500044 1.131658 5174862.342495 -0.147275 0.519682 -0.621653 4.656033 -16.540663 19.573711 9069844987.891905 
rand_055 -1.660044 -1.118179 0.009798 -1.628962 0.195911 0.000432 1561700370.852021 0.879243 7527718.479049 -0.147652 0.515424 -0.616727 4.668863 -16.394614 19.405568 8355921375.133986 
rand_056 -1.648068 -1.152329 0.005567 -1.628925 0.189393 0.001049 1069374007.193877 1.569584 4469435.428863 -0.147347 0.514330 -0.617665 4.658810 -16.353787 19.434916 7097506097.921084 
rand_057 -1.697743 -1.137088 0.001253 -1.628952 0.197389 0.000352 929307597.201544 0.982071 6832836.692029 -0.147063 0.517106 -0.619449 4.648276 -16.448546 19.496440 6803798422.467840 
rand_058 -1.645313 -1.100393 0.002617 -1.628958 0.198439 0.000886 427591735.550118 1.079522 2563209.708268 -0.147869 0.518897 -0.621466 4.675758 -16.506792 19.562570 6410762311.276470 
rand_059 -1.671171 -1.137213 0.003405 -1.628930 0.192466 0.000913 1199081819.463218 1.210098 5571985.361871 -0.148755 0.516415 -0.617405 4.705872 -16.423223 19.425234 8450806930.739187 
rand_060 -1.609182 -1.143867 0.002619 -1.628951 0.198461 0.000620 569898910.304484 0.677575 5647265.154372 -0.148477 0.519636 -0.619269 4.697052 -16.539147 19.492670 7705647017.261229 
rand_061 -1.666911 -1.115552 0.001851 -1.628876 0.193516 0.000529 1019405327.668165 1.039991 5373586.049946 -0.147843 0.519695 -0.621216 4.675146 -16.536755 19.555419 6094302950.334878 
rand_062 -1.655526 -1.135604 0.008125 -1.628948 0.196661 0.000957 917981461.672856 1.606632 5439064.325853 -0.148522 0.516772 -0.616675 4.698267 -16.441057 19.404287 6578351118.819788 
rand_063 -1.656671 -1.118784 0.005232 -1.628963 0.191031 0.000341 2533175211.017230 0.892800 5523215.491933 -0.147967 0.512241 -0.613496 4.679684 -16.289125 19.297867 5633566140.848874 
rand_064 -1.675919 -1.130722 0.012338 -1.628955 0.201166 0.001565 996030676.533861 1.661553 5569988.905132 -0.147897 0.514951 -0.617311 4.677113 -16.374771 19.423347 6966029792.102883 
rand_065 -1.649482 -1.145933 0.008350 -1.628931 0.193275 0.002366 609557373.576582 1.451945 4669260.413513 -0.148416 0.517327 -0.617465 4.694635 -16.459441 19.430741 7614417840.016093 
rand_066 -1.652132 -1.143862 0.003616 -1.628928 0.197285 0.001350 369049074.069870 1.216977 4728969.070632 -0.147508 0.514892 -0.615656 4.664036 -16.378600 19.370313 7378663224.308131 
rand_067 -1.636475 -1.163715 0.008893 -1.628923 0.188596 0.001335 563429392.659091 1.274382 3639184.173663 -0.148011 0.517334 -0.617784 4.681050 -16.460520 19.441950 6524166506.785860 
rand_068 -1.643430 -1.152104 0.004508 -1.628906 0.189791 0.001472 761894715.200619 1.343018 5732489.041406 -0.147631 0.517868 -0.619901 4.667965 -16.476243 19.513342 7472372689.000492 
rand_069 -1.655696 -1.117432 0.013018 -1.628976 0.196094 0.000812 826636574.885340 1.190033 6302275.857745 -0.147943 0.517410 -0.618928 4.678308 -16.457937 19.477744 7386003385.015860 
rand_070 -1.678832 -1.105885 0.001757 -1.628905 0.193712 0.000149 3080483671.803329 0.865684 6744384.618176 -0.147985 0.518607 -0.620109 4.679725 -16.499155 19.517874 9232951091.092409 
rand_071 -1.678163 -1.142209 0.004921 -1.628956 0.195066 0.000705 243234855.629984 0.701087 4178919.990286 -0.148131 0.519116 -0.619203 4.685345 -16.518484 19.487868 7635079049.956388 
rand_072 -1.621889 -1.157500 0.000580 -1.628920 0.200067 0.001248 397591047.480253 1.083803 3275920.301375 -0.147091 0.516141 -0.619262 4.649291 -16.416184 19.490226 7659253000.610013 
rand_073 -1.657996 -1.107243 0.001485 -1.628885 0.190245 0.000755 720045455.557688 1.026555 5376310.829733 -0.147957 0.519940 -0.620724 4.679611 -16.544772 19.537695 7616560574.547183 
rand_074 -1.612239 -1.106651 0.001648 -1.628953 0.197762 0.000586 817728383.714800 0.929941 3844373.877485 -0.148199 0.516832 -0.617036 4.687326 -16.441644 19.415118 6750890636.641810 
rand_075 -1.678820 -1.115541 0.008148 -1.628954 0.189070 0.000514 2097608554.206170 1.936186 5571768.262972 -0.148522 0.516902 -0.617963 4.698337 -16.442999 19.446296 7286184084.292755 
rand_076 -1.609542 -1.159019 0.003912 -1.628959 0.199054 0.001083 415179891.778040 0.999250 2794655.163319 -0.148608 0.518199 -0.618111 4.701298 -16.487543 19.450861 5831656891.455744 
rand_077 -1.681701 -1.119698 0.013082 -1.628940 0.196629 0.000826 342080060.520395 0.814963 6087209.461771 -0.148421 0.517391 -0.617709 4.695095 -16.461672 19.438428 8211517509.005096 
rand_078 -1.670083 -1.118968 0.003441 -1.628897 0.185710 0.001411 189413189.154074 0.897886 5153280.347211 -0.148267 0.517582 -0.618449 4.689689 -16.465452 19.461851 7039937857.213507 
rand_079 -1.649831 -1.111988 0.000218 -1.628961 0.199430 0.002209 1393753019.018704 1.668316 3078661.518370 -0.148973 0.513825 -0.613786 4.714283 -16.338846 19.303580 11823551170.591715 
rand_080 -1.637057 -1.126980 0.001239 -1.628944 0.200019 0.002067 1249047711.231565 1.887981 5304082.646033 -0.147058 0.517409 -0.619825 4.648642 -16.463974 19.512429 6930475732.138699 
rand_081 -1.644404 -1.145004 0.007795 -1.628905 0.191289 0.000229 2287926507.057950 1.418986 5094961.489153 -0.148534 0.516202 -0.618084 4.698726 -16.417794 19.449284 7259406335.419507 
rand_082 -1.704002 -1.138091 0.009728 -1.628914 0.189116 0.001085 535767009.886007 1.250907 5522893.209429 -0.148022 0.514908 -0.615767 4.682072 -16.379102 19.373640 7184244179.834260 
rand_083 -1.673165 -1.106459 0.007076 -1.628944 0.197193 0.000534 1314968614.046782 1.614914 5802013.602730 -0.147853 0.521050 -0.621382 4.675373 -16.582400 19.560942 7382231388.383409 
rand_084 -1.686347 -1.122409 0.007961 -1.628937 0.194149 0.001014 512272946.564084 1.115518 2583687.890326 -0.147097 0.517648 -0.619010 4.650299 -16.474060 19.485712 8822953444.273556 
rand_085 -1.691770 -1.156161 0.001459 -1.628906 0.191385 0.002204 996240131.570918 1.772642 4528792.441772 -0.148734 0.514658 -0.615295 4.706065 -16.364307 19.352821 8818844236.050243 
rand_086 -1.660373 -1.095871 0.001218 -1.628888 0.197223 0.001022 729627782.196281 1.370194 4910969.974967 -0.148160 0.516519 -0.617644 4.685958 -16.430668 19.436245 6419093879.042982 
rand_087 -1.708566 -1.106889 0.001340 -1.628885 0.202286 0.000717 1112067774.433228 1.224541 4704627.524462 -0.148970 0.516061 -0.616765 4.714388 -16.410478 19.400624 6446341026.089064 
rand_088 -1.637002 -1.096750 0.002108 -1.628894 0.189284 0.000882 731177918.928814 1.115254 4648971.495819 -0.148351 0.518190 -0.618441 4.692626 -16.486622 19.461603 10946243044.223686 
rand_089 -1.642870 -1.107314 0.004347 -1.628949 0.199107 0.001694 857168839.792618 1.412361 6054450.227152 -0.147475 0.518668 -0.620820 4.662435 -16.500606 19.541809 6671792874.955226 
rand_090 -1.622754 -1.148568 0.006346 -1.628882 0.190207 0.000894 391824979.882496 0.909423 3268734.932033 -0.148326 0.520718 -0.620200 4.692126 -16.575153 19.522833 8036877999.072072 
rand_091 -1.684533 -1.123400 0.004542 -1.628951 0.187036 0.001144 2411459869.923343 1.647866 4708516.287238 -0.148325 0.517061 -0.617319 4.691978 -16.449203 19.424380 8311894325.635286 
rand_092 -1.682270 -1.117930 0.003511 -1.628976 0.199200 0.000343 3018997495.960065 1.534940 4787743.578326 -0.148395 0.519627 -0.620076 4.693937 -16.532931 19.515769 6564284352.910672 
rand_093 -1.635800 -1.156886 0.005280 -1.628928 0.197253 0.001114 1433983653.041279 1.581922 4890575.936203 -0.147588 0.518514 -0.619451 4.666846 -16.498195 19.496719 6083468250.892050 
rand_094 -1.634061 -1.153448 0.002381 -1.628891 0.196757 0.000991 647032431.209290 1.141137 4022686.011524 -0.148414 0.516821 -0.618686 4.694142 -16.434179 19.466593 5753705425.416499 
rand_095 -1.628981 -1.115132 0.011229 -1.628913 0.193062 0.000558 921104552.781972 1.249910 7141746.387951 -0.148263 0.513284 -0.614246 4.690170 -16.320671 19.319141 7070092375.251505 
rand_096 -1.633454 -1.113546 0.009789 -1.628933 0.191831 0.000196 1083049246.180451 0.738699 5978588.613392 -0.148920 0.518340 -0.618667 4.712542 -16.490248 19.467696 6752965993.299170 
rand_097 -1.654960 -1.082636 0.000478 -1.628923 0.198963 0.000579 1243548116.239342 1.332853 7211535.409944 -0.147824 0.520256 -0.621008 4.675365 -16.559114 19.549956 7077072808.792749 
rand_098 -1.670581 -1.135208 0.005176 -1.628917 0.197364 0.000329 2731544702.278310 1.280259 5640271.233465 -0.148296 0.516605 -0.617913 4.690939 -16.433304 19.444445 7760976170.445866 
rand_099 -1.643095 -1.163659 0.003540 -1.628927 0.188289 0.000840 952567288.180291 1.291332 5762280.924284 -0.148791 0.515332 -0.615564 4.707629 -16.392184 19.366587 7037524991.256612 
rand_100 -1.670163 -1.133023 0.006544 -1.628939 0.192327 0.001712 267371022.424487 1.108834 4995618.056647 -0.148617 0.516242 -0.616850 4.701837 -16.421108 19.408053 8570846594.349458 
rand_101 -1.657578 -1.113131 0.001778 -1.628951 0.189434 0.001295 1168328158.160791 1.419765 6563083.124675 -0.148913 0.514754 -0.616597 4.711557 -16.367705 19.398029 9182005323.497847 
rand_102 -1.668781 -1.137282 0.005504 -1.628928 0.198410 0.001357 258486619.371368 1.184676 5565527.991815 -0.148918 0.513046 -0.614131 4.712124 -16.309460 19.313861 6287887663.319623 
rand_103 -1.653867 -1.127965 0.007186 -1.628934 0.201343 0.000531 923250872.590770 1.044765 4809351.153686 -0.147629 0.517679 -0.618486 4.668399 -16.470856 19.464182 7763414596.968242 
rand_104 -1.631432 -1.142842 0.010387 -1.628931 0.189600 0.000552 986346277.728102 1.286655 6846571.650294 -0.149224 0.518910 -0.617779 4.722385 -16.513807 19.441330 6948092073.273242 
rand_105 -1.668037 -1.106138 0.001806 -1.628903 0.191018 0.001515 997422941.444397 1.487006 3697182.385747 -0.147382 0.519919 -0.621660 4.659364 -16.543141 19.569657 7053869705.450002 
rand_106 -1.671532 -1.115108 0.002365 -1.628938 0.202870 0.000792 1624317243.408072 1.625311 4267882.994442 -0.147855 0.518148 -0.619458 4.675858 -16.482488 19.494743 6882995704.078157 
rand_107 -1.662441 -1.146401 0.010476 -1.628937 0.196670 0.000628 1046113585.349272 1.185173 7810617.924246 -0.147568 0.517309 -0.619017 4.665945 -16.455165 19.480123 6889855141.790270 
rand_108 -1.687117 -1.140439 0.001027 -1.628926 0.188574 0.000912 466337825.871419 1.143524 5670703.458839 -0.147792 0.518858 -0.620557 4.673991 -16.511218 19.535313 8050578580.930058 
rand_109 -1.644725 -1.143590 0.003155 -1.628860 0.191307 0.001368 1783148529.904339 2.006253 2366856.955978 -0.148336 0.515539 -0.617022 4.691982 -16.394955 19.412860 7594631429.528919 
rand_110 -1.657320 -1.167192 0.007933 -1.628960 0.187020 0.001252 697169972.718129 1.332797 6018932.017784 -0.147779 0.520054 -0.620762 4.673295 -16.551227 19.542076 6932427441.722727 
rand_111 -1.660814 -1.145240 0.003573 -1.628902 0.195608 0.000730 2260455192.088623 1.631638 3976896.393585 -0.148639 0.511943 -0.613312 4.702802 -16.274593 19.287506 7625698099.864348 
rand_112 -1.652441 -1.165457 0.010841 -1.628939 0.195400 0.000573 2499538225.192135 1.464346 4425685.746087 -0.148015 0.518646 -0.620696 4.680966 -16.500706 19.537973 8522570881.818027 
rand_113 -1.693901 -1.111328 0.010898 -1.628933 0.193219 0.000570 1035210902.969531 1.374696 7550940.035194 -0.147977 0.519529 -0.619567 4.680168 -16.533273 19.500560 8484466023.255912 
rand_114 -1.627785 -1.109742 0.007261 -1.628966 0.193430 0.002155 431693008.708740 1.384614 6655516.224667 -0.148353 0.513534 -0.615236 4.693228 -16.331177 19.355261 7213509674.462024 
rand_115 -1.671952 -1.135976 0.007123 -1.628880 0.189746 0.001463 650127233.144602 1.442981 6998111.535835 -0.148549 0.517124 -0.617282 4.699495 -16.450806 19.422401 7739187417.612560 
rand_116 -1.668619 -1.125906 0.006163 -1.628925 0.196355 0.000992 679150892.434516 1.315260 4392701.125225 -0.147504 0.521385 -0.622204 4.664191 -16.596527 19.590168 7290049779.313005 
rand_117 -1.640104 -1.108580 0.000009 -1.628913 0.201609 0.000376 1887131222.425713 1.404291 4708893.422405 -0.148992 0.510933 -0.613038 4.713983 -16.241348 19.280687 7903031867.170238 
rand_118 -1.645942 -1.114324 0.004253 -1.628971 0.193072 0.001319 376928027.072887 1.239582 5218665.622592 -0.147895 0.520173 -0.621543 4.676650 -16.551414 19.565870 8439027293.699793 
rand_119 -1.614026 -1.089906 0.000979 -1.628948 0.186995 0.001349 1038073528.969569 1.740858 5868397.229688 -0.148748 0.513189 -0.613884 4.706640 -16.319749 19.309506 5785302831.459411 
rand_120 -1.682199 -1.124812 0.005635 -1.628920 0.198705 0.001241 1089000584.276638 1.550226 4658016.014783 -0.147819 0.517160 -0.618206 4.674773 -16.454431 19.455630 6531954500.712285 
rand_121 -1.681566 -1.100947 0.007666 -1.628935 0.191716 0.001046 916417815.501698 1.382426 6878373.203469 -0.148839 0.516669 -0.615893 4.709667 -16.440819 19.379282 7346810428.198427 
rand_122 -1.687505 -1.128098 0.005340 -1.628919 0.190594 0.000771 867975506.142067 1.232139 5491185.726785 -0.148245 0.516880 -0.617468 4.688857 -16.442838 19.429721 7122942564.297410 
rand_123 -1.656929 -1.132390 0.000856 -1.628874 0.187736 0.000402 1262238775.651181 0.941251 6490931.115992 -0.148731 0.520577 -0.619400 4.705670 -16.572715 19.498331 5595471746.862967 
rand_124 -1.666223 -1.116426 0.001570 -1.628917 0.186554 0.000625 2445959974.267560 1.345919 4220010.342988 -0.148270 0.514839 -0.616041 4.689974 -16.375333 19.383022 6751047666.541841 
rand_125 -1.675992 -1.118957 0.007390 -1.628943 0.195882 0.001339 768015928.833158 1.167459 4581121.427706 -0.147833 0.517823 -0.619181 4.675208 -16.473745 19.486795 7035630410.624275 
rand_126 -1.661510 -1.142158 0.003598 -1.628949 0.194884 0.001032 528072131.157729 1.131117 5245674.176855 -0.148292 0.517151 -0.618337 4.690877 -16.453807 19.459928 7861393175.098965 
rand_127 -1.683739 -1.146481 0.013509 -1.628952 0.200578 0.000473 479998859.786915 1.001935 4540883.949191 -0.148139 0.517567 -0.618579 4.685561 -16.464113 19.465127 6881441068.129544 
rand_128 -1.624443 -1.128504 0.005523 -1.628943 0.202249 0.000766 281077163.585898 0.818477 6047724.399020 -0.148431 0.515617 -0.616410 4.695108 -16.401024 19.394871 6117021549.165442 
rand_129 -1.676082 -1.167801 0.010707 -1.628941 0.192761 0.001122 635159590.290867 1.016786 6067647.711717 -0.147924 0.515221 -0.616748 4.678459 -16.389856 19.406959 7463625468.956573 
rand_130 -1.673136 -1.136151 0.003326 -1.628928 0.191469 0.001307 302736723.136268 0.901619 4760936.920413 -0.148204 0.519281 -0.619901 4.687943 -16.524852 19.512465 7585380778.056262 
rand_131 -1.714899 -1.149647 0.007416 -1.628917 0.190285 0.001174 380873819.869949 1.132714 5657971.180800 -0.147631 0.515602 -0.617261 4.668345 -16.400668 19.422958 7988101098.659006 
rand_132 -1.697847 -1.141527 0.010629 -1.628919 0.187023 0.001564 1317856940.318278 1.843864 7041854.086863 -0.147210 0.520550 -0.622094 4.653809 -16.567083 19.586227 7480675615.837379 
rand_133 -1.673525 -1.145575 0.001164 -1.628927 0.190008 0.000569 1144538610.889277 1.127793 6044597.447378 -0.148046 0.516545 -0.616154 4.682196 -16.435324 19.387946 8491649611.496362 
rand_134 -1.667026 -1.114642 0.004505 -1.628926 0.197698 0.002689 370030941.858246 1.237395 5652001.455853 -0.147901 0.520113 -0.620675 4.677545 -16.550808 19.536738 6899155486.946979 
rand_135 -1.643454 -1.121066 0.006685 -1.628863 0.194106 0.002502 239603914.808194 1.072488 6295316.761605 -0.148520 0.517837 -0.618417 4.698565 -16.475087 19.461525 6135763392.164511 
rand_136 -1.694399 -1.128941 0.000554 -1.628951 0.191482 0.000599 1731325823.044542 1.810282 6680820.167294 -0.148722 0.518437 -0.618330 4.705421 -16.493596 19.456160 7395023879.050353 
rand_137 -1.649600 -1.137668 0.005427 -1.628932 0.197601 0.001045 592058384.822179 1.129048 6517914.286223 -0.148190 0.515687 -0.616618 4.687131 -16.405542 19.403462 8359472151.346954 
rand_138 -1.645644 -1.109306 0.002263 -1.628979 0.194739 0.000789 1322941760.400898 1.373090 4928021.396283 -0.149103 0.520136 -0.617897 4.718528 -16.555642 19.444677 8115751700.022358 
rand_139 -1.644430 -1.111987 0.004916 -1.628941 0.189891 0.001447 947326325.360312 1.310273 5902284.999872 -0.147910 0.519024 -0.620112 4.677084 -16.515938 19.520317 8959667070.375603 
rand_140 -1.636180 -1.132223 0.006886 -1.628955 0.197622 0.000892 1202219194.009058 1.389541 4701939.539286 -0.147706 0.516430 -0.619139 4.670430 -16.424255 19.484482 7558089751.925567 
rand_141 -1.686724 -1.102905 0.005363 -1.628951 0.201181 0.001602 805806462.588804 1.422467 4945555.909052 -0.149423 0.513641 -0.612661 4.729543 -16.337143 19.268348 7519196582.802074 
rand_142 -1.647552 -1.133791 0.004418 -1.628963 0.195213 0.000735 1366810606.338249 1.343714 5479241.619855 -0.148657 0.514341 -0.614123 4.703566 -16.362197 19.319884 7091937296.230136 
rand_143 -1.619401 -1.125906 0.003841 -1.628968 0.198953 0.001445 210718655.068788 0.886986 3551553.817679 -0.148324 0.516012 -0.616502 4.692049 -16.413354 19.396670 6492000214.976759 
rand_144 -1.627794 -1.141484 0.000714 -1.628928 0.195268 0.001017 414452880.831086 1.032402 5368643.140450 -0.148519 0.515768 -0.615485 4.698255 -16.406389 19.363108 8036940007.825559 
rand_145 -1.616485 -1.137864 0.009708 -1.628912 0.193489 0.000704 448147609.028540 0.841456 4308558.624609 -0.148403 0.513715 -0.614559 4.694321 -16.338984 19.333831 7445287587.747810 
rand_146 -1.654457 -1.142540 0.008640 -1.628952 0.202113 0.000988 925188596.644347 1.229114 3813889.722272 -0.147923 0.511083 -0.613805 4.677813 -16.246681 19.306835 8440624304.804580 
rand_147 -1.673613 -1.116248 0.006319 -1.628986 0.192281 0.001558 743587950.188311 1.319280 5794914.061709 -0.149264 0.512831 -0.612536 4.723336 -16.304580 19.262067 6813607067.996382 
rand_148 -1.718199 -1.122476 0.003030 -1.628928 0.203120 0.000266 2482979864.665631 1.450786 4739213.812628 -0.148577 0.513493 -0.614775 4.700377 -16.325027 19.335648 8006641133.240022 
rand_149 -1.688583 -1.151055 0.003319 -1.628918 0.188734 0.000765 1863484937.010346 1.567246 5219986.968282 -0.148394 0.518054 -0.618067 4.694545 -16.486457 19.452175 9607583199.424559 
rand_150 -1.672084 -1.118671 0.003237 -1.628913 0.198458 0.002426 849873241.289523 1.673522 4763625.176124 -0.147863 0.516093 -0.618671 4.675369 -16.411253 19.467694 8082209760.014703 
rand_151 -1.667938 -1.094141 0.001086 -1.628959 0.187180 0.001045 916577530.146457 1.635727 4383355.896214 -0.148374 0.517492 -0.618241 4.693307 -16.462942 19.455704 6326832688.617819 
rand_152 -1.678210 -1.143202 0.005262 -1.628947 0.204017 0.001376 332451136.381227 0.993577 5117570.438481 -0.148532 0.521082 -0.620466 4.698809 -16.587013 19.532205 6756616570.799893 
rand_153 -1.652190 -1.144345 0.004127 -1.628961 0.195615 0.002678 377931714.643718 1.277972 3637751.752804 -0.148585 0.518388 -0.618823 4.701094 -16.494888 19.475646 7548030549.831686 
rand_154 -1.655519 -1.129839 0.003532 -1.628951 0.193906 0.001247 1281948068.699605 1.884460 4903760.962611 -0.148332 0.518315 -0.619245 4.691798 -16.489132 19.488022 7083194580.629538 
rand_155 -1.659058 -1.102435 0.000530 -1.628952 0.197835 0.003161 346182549.799465 1.382856 6980733.198285 -0.148389 0.515683 -0.615418 4.694129 -16.404387 19.360763 7856147250.489491 
rand_156 -1.641938 -1.138766 0.001990 -1.628945 0.194444 0.001030 608416136.541916 1.427011 3800523.441410 -0.149120 0.514765 -0.615361 4.718897 -16.371775 19.358204 6632611967.589046 
rand_157 -1.670802 -1.093163 0.006969 -1.628938 0.197986 0.000384 1507769526.487343 1.337635 6426158.300716 -0.146783 0.518485 -0.621072 4.639524 -16.497514 19.551911 7452673975.053154 
rand_158 -1.634792 -1.151141 0.010032 -1.628928 0.195722 0.001023 1496876173.646726 1.568232 7086797.804435 -0.148070 0.518439 -0.619165 4.682432 -16.497104 19.489028 7744720849.907090 
rand_159 -1.687687 -1.126239 0.005321 -1.628954 0.188855 0.000933 1215803798.395656 1.563419 4214491.813208 -0.147463 0.517190 -0.618662 4.662350 -16.454927 19.471271 6947509568.576938 
rand_160 -1.666982 -1.164025 0.002345 -1.628935 0.194626 0.000386 2257395012.616660 1.494930 5327608.958342 -0.147998 0.519037 -0.619911 4.680744 -16.514413 19.511186 7974225622.238971 
rand_161 -1.652674 -1.148723 0.008102 -1.628955 0.197670 0.000602 792766067.303451 0.975232 3700270.629885 -0.148039 0.514433 -0.616009 4.682399 -16.358748 19.378998 7032866562.336312 
rand_162 -1.704130 -1.134268 0.006661 -1.628978 0.193414 0.001184 306849516.846567 0.864510 3550629.567144 -0.148263 0.516033 -0.616949 4.689388 -16.416469 19.414325 7775641685.210789 
rand_163 -1.671589 -1.124596 0.007393 -1.628916 0.188503 0.001574 392256128.349919 1.589475 5167170.012935 -0.148008 0.515705 -0.616940 4.680894 -16.405330 19.413529 5530892764.078071 
rand_164 -1.643630 -1.105185 0.000597 -1.628949 0.197609 0.002091 536886809.261139 1.456132 5409180.163809 -0.148156 0.516652 -0.617227 4.686408 -16.436178 19.421901 6781119589.296342 
rand_165 -1.669829 -1.143987 0.000799 -1.628978 0.198039 0.001246 470607411.235844 1.306881 4433084.930478 -0.148190 0.515327 -0.615835 4.687662 -16.394993 19.377467 6347865093.124263 
rand_166 -1.701920 -1.121587 0.001684 -1.628916 0.193748 0.000481 907415228.540768 1.155736 3869006.160341 -0.147541 0.520443 -0.621111 4.665495 -16.563035 19.551421 9391318287.458664 
rand_167 -1.680409 -1.156782 0.002638 -1.628938 0.196159 0.000985 1741466121.580528 1.659649 4216072.609117 -0.148389 0.519919 -0.620898 4.694201 -16.542085 19.542342 11913207541.073193 
rand_168 -1.690938 -1.109803 0.006824 -1.628919 0.186811 0.001158 946436590.346787 1.198729 5891093.289331 -0.148771 0.518848 -0.618900 4.706726 -16.510465 19.479121 6942552730.628695 
rand_169 -1.648587 -1.103792 0.005560 -1.628920 0.194521 0.000477 1080907774.835924 1.232075 5897924.252666 -0.148317 0.513065 -0.613959 4.692199 -16.317446 19.313014 6846629180.928960 
rand_170 -1.657302 -1.109250 0.000565 -1.628961 0.188350 0.000938 1102463770.438457 1.590862 5642509.061223 -0.148211 0.516726 -0.617857 4.688167 -16.437408 19.442421 6525112545.197307 
rand_171 -1.695914 -1.109279 0.003918 -1.628906 0.190780 0.001589 520018031.380405 1.165852 4614395.804208 -0.148215 0.514356 -0.615097 4.687891 -16.356115 19.348136 8154872283.493477 
rand_172 -1.697673 -1.131828 0.005353 -1.628980 0.194889 0.000582 631667547.558050 0.840078 3924438.302739 -0.147874 0.517115 -0.617976 4.676790 -16.450960 19.446912 7207695848.591416 
rand_173 -1.676672 -1.124466 0.001802 -1.628942 0.194575 0.000479 1244827875.846700 1.295241 6312760.659006 -0.148110 0.520989 -0.621459 4.684618 -16.580728 19.563436 6328851730.650909 
rand_174 -1.659280 -1.131940 0.003973 -1.628944 0.193719 0.001550 810133596.527855 1.577751 6641167.909472 -0.147891 0.518519 -0.619615 4.677293 -16.496626 19.500140 6591633823.856791 
rand_175 -1.675453 -1.130910 0.001099 -1.628952 0.196570 0.001498 551185402.603048 1.133106 4475092.302594 -0.148106 0.516214 -0.617100 4.683884 -16.419176 19.416956 6992651275.322186 
rand_176 -1.651945 -1.144873 0.000173 -1.628898 0.192768 0.001758 556315082.661184 1.543806 4841099.381998 -0.147740 0.518556 -0.618697 4.672531 -16.503468 19.473000 6919864673.236580 
rand_177 -1.652742 -1.124367 0.001253 -1.628923 0.191451 0.001133 178382366.908726 0.986278 3532949.110239 -0.147895 0.518019 -0.618841 4.677230 -16.481257 19.475581 7472502229.084808 
rand_178 -1.647757 -1.121644 0.005126 -1.628969 0.199589 0.001186 205122191.361424 0.987643 5533937.398059 -0.147861 0.515335 -0.616341 4.675918 -16.390321 19.391530 7765760989.881618 
rand_179 -1.692507 -1.110294 0.003863 -1.628965 0.193189 0.000872 2033551043.945100 1.714639 7075786.221242 -0.148205 0.517769 -0.618408 4.687499 -16.472886 19.461784 7787291759.914077 
rand_180 -1.666344 -1.122158 0.005746 -1.628873 0.200399 0.000376 1134874191.513312 0.948858 5943630.817817 -0.147982 0.515472 -0.616974 4.679890 -16.396537 19.414407 7231668439.112355 
rand_181 -1.635265 -1.112378 0.000956 -1.628944 0.197705 0.000862 1299952898.648231 0.955907 7211998.199534 -0.147580 0.517463 -0.619355 4.666096 -16.462408 19.493902 8103541350.647205 
rand_182 -1.675453 -1.144885 0.001650 -1.628952 0.200957 0.000927 1708279500.101367 1.908720 4609615.900590 -0.149341 0.514669 -0.614830 4.726202 -16.369337 19.341565 6841215312.293541 
rand_183 -1.678712 -1.101531 0.007056 -1.628900 0.192011 0.000507 993332103.166622 0.942509 3692385.159812 -0.148633 0.517120 -0.617978 4.702439 -16.449732 19.446002 7183107939.072472 
rand_184 -1.671232 -1.134825 0.008596 -1.628979 0.186392 0.000771 1992095301.045776 1.487985 6504308.002702 -0.148898 0.516318 -0.616024 4.711435 -16.422846 19.379660 7669529732.723734 
rand_185 -1.671808 -1.170975 0.000356 -1.628894 0.199087 0.003042 405043364.079425 1.613655 5171804.490716 -0.147962 0.511074 -0.612177 4.679395 -16.247298 19.251624 5924454684.643442 
rand_186 -1.657206 -1.137790 0.000328 -1.628953 0.194773 0.000868 1354804304.813489 1.416339 4106942.695317 -0.147092 0.513805 -0.615927 4.650515 -16.343287 19.380157 8265101271.264639 
rand_187 -1.673375 -1.118466 0.001595 -1.628917 0.196305 0.001023 693078852.731995 0.967044 6872320.840720 -0.147881 0.519656 -0.619761 4.676539 -16.539919 19.509191 7319634061.007675 
rand_188 -1.706456 -1.128356 0.000308 -1.628944 0.189481 0.000703 982971020.965046 1.073380 4393930.820904 -0.149130 0.510838 -0.610661 4.719470 -16.241607 19.201177 8293628822.370803 
rand_189 -1.632738 -1.168840 0.004837 -1.628974 0.191117 0.001495 442999937.631783 1.174329 3880210.124665 -0.148623 0.512182 -0.612923 4.701547 -16.284816 19.276945 5836212809.473138 
rand_190 -1.648352 -1.125697 0.002925 -1.628926 0.196946 0.000389 1051683691.000676 1.189885 5601610.482588 -0.148044 0.513814 -0.615652 4.682647 -16.339796 19.368798 5466931871.926057 
rand_191 -1.656571 -1.127465 0.000336 -1.628905 0.192182 0.001543 991802713.203782 1.748923 3698251.878089 -0.148143 0.521636 -0.621225 4.685858 -16.605932 19.557631 6877912276.448745 
rand_192 -1.662166 -1.149429 0.003458 -1.628994 0.196938 0.001359 1078900693.134282 1.356468 6022350.688996 -0.149059 0.516269 -0.615229 4.717507 -16.424890 19.354978 7910306172.841971 
rand_193 -1.667422 -1.118710 0.010095 -1.628962 0.191103 0.000733 2295298658.280351 1.756074 3847687.688078 -0.147832 0.517346 -0.619632 4.674786 -16.457498 19.502670 10513850558.095572 
rand_194 -1.678399 -1.132677 0.002619 -1.628898 0.194916 0.000902 975716543.690800 1.445511 5251490.034663 -0.147773 0.515899 -0.616531 4.673036 -16.409175 19.396881 7797882366.256033 
rand_195 -1.703184 -1.169022 0.001609 -1.628920 0.193258 0.000938 760337156.211536 1.210606 5316679.659790 -0.147532 0.519524 -0.620443 4.664665 -16.534011 19.531572 7596575194.707381 
rand_196 -1.622569 -1.116098 0.001933 -1.628918 0.182639 0.000865 387379382.711915 0.761302 5264918.337226 -0.147709 0.515611 -0.617415 4.671099 -16.400516 19.428444 8519801869.742231 
rand_197 -1.659519 -1.126504 0.003585 -1.628906 0.196976 0.001015 1015705897.766641 1.218080 3712306.186135 -0.147748 0.515699 -0.617317 4.672163 -16.403182 19.424942 7330218406.707481 
rand_198 -1.697055 -1.099729 0.002373 -1.628918 0.188349 0.000669 811085255.169253 1.021855 4805468.585805 -0.147935 0.511324 -0.613986 4.678425 -16.256137 19.312732 6790079519.493392 
rand_199 -1.683602 -1.147299 0.000736 -1.628927 0.185483 0.001631 911662699.194191 1.278473 6373588.109337 -0.148551 0.517092 -0.617802 4.698796 -16.448555 19.440652 7312999767.797926 
rand_200 -1.652997 -1.134661 0.004443 -1.628901 0.201865 0.000545 1199289056.984121 1.315937 4797983.281358 -0.146874 0.522129 -0.623257 4.642799 -16.622252 19.626023 6713179139.249917 
rand_201 -1.653456 -1.108680 0.005665 -1.628942 0.190986 0.000278 995494506.124980 0.627923 3849119.656724 -0.147301 0.519151 -0.620826 4.656983 -16.517691 19.541818 5404639686.714276 
rand_202 -1.677193 -1.148312 0.004665 -1.628931 0.199152 0.000364 1314048380.960051 1.413774 4554928.900865 -0.148504 0.519432 -0.619407 4.698518 -16.530202 19.494709 6779839507.047076 
rand_203 -1.684791 -1.109385 0.009080 -1.628909 0.189422 0.001835 1221487313.195719 1.590548 3741703.471656 -0.148291 0.516069 -0.616568 4.691015 -16.415517 19.398152 7816160891.676026 
rand_204 -1.673161 -1.108863 0.001535 -1.628952 0.197024 0.001508 1136094090.592449 1.767022 2818267.769699 -0.147992 0.516659 -0.618672 4.680060 -16.430872 19.467141 7574473717.844552 
rand_205 -1.704377 -1.123724 0.000927 -1.628893 0.189037 0.000623 1312538318.766016 1.100636 4823559.082647 -0.148222 0.519167 -0.619233 4.687719 -16.520854 19.490336 7778395012.000741 
rand_206 -1.670940 -1.133303 0.001112 -1.628923 0.195161 0.000830 364298550.994078 1.082800 5100010.499342 -0.147687 0.519469 -0.620868 4.669885 -16.530397 19.544851 7288203465.636747 
rand_207 -1.670696 -1.142946 0.003673 -1.628962 0.195538 0.000500 1311889495.576119 1.476659 5698884.934785 -0.148171 0.514467 -0.617035 4.686236 -16.356314 19.412672 6825648311.414929 
rand_208 -1.624887 -1.144422 0.001622 -1.628936 0.195322 0.000344 1694332422.703735 1.232437 5467365.271485 -0.147748 0.516124 -0.616944 4.672182 -16.420819 19.414640 7762516712.773778 
rand_209 -1.670366 -1.123783 0.000273 -1.628968 0.187397 0.001454 783479272.326878 1.296471 5614647.415710 -0.148531 0.513760 -0.614842 4.698655 -16.339850 19.343125 7635006063.931248 
rand_210 -1.654184 -1.187549 0.005619 -1.628929 0.197534 0.001002 1531458876.226161 1.727808 4958929.470016 -0.148139 0.515845 -0.616688 4.685919 -16.410972 19.404958 6759810163.318282 
rand_211 -1.623239 -1.141141 0.005971 -1.628941 0.191523 0.001467 397975738.480859 1.188097 7127499.277103 -0.148341 0.512163 -0.613710 4.691730 -16.283607 19.303674 4763845310.714623 
rand_212 -1.684548 -1.143899 0.005313 -1.628954 0.194471 0.000655 908582726.982108 1.103198 4158499.128461 -0.147974 0.513032 -0.613815 4.679840 -16.318204 19.310455 6969258705.551756 
rand_213 -1.674368 -1.149761 0.006464 -1.628979 0.199360 0.000444 1604792835.088632 1.310956 4682888.719249 -0.148283 0.515101 -0.616688 4.689750 -16.382139 19.403299 8886034898.264996 
rand_214 -1.672406 -1.126286 0.005805 -1.628952 0.194052 0.000799 1536782308.672167 1.610809 6658636.077617 -0.147875 0.514259 -0.615694 4.676875 -16.355680 19.369872 5798123350.985325 
rand_215 -1.698515 -1.159396 0.004017 -1.628936 0.196256 0.000445 983842618.086087 1.010414 4610088.806920 -0.147934 0.517550 -0.618414 4.678239 -16.466830 19.462872 7081273690.802787 
rand_216 -1.666014 -1.105943 0.001041 -1.628941 0.195923 0.000456 3394350104.451408 1.880210 4889782.722744 -0.146871 0.516343 -0.619861 4.641738 -16.421296 19.509463 5786545942.721392 
rand_217 -1.633242 -1.111728 0.004244 -1.628969 0.196739 0.000748 585869155.934190 1.119580 5404184.641918 -0.148209 0.515229 -0.616886 4.688269 -16.385944 19.408856 6498118080.105257 
rand_218 -1.640552 -1.102809 0.011367 -1.628930 0.190067 0.002587 299205933.589545 1.431659 6167461.189711 -0.147091 0.521604 -0.621849 4.649972 -16.606953 19.580547 6945560798.600045 
rand_219 -1.632808 -1.140545 0.001496 -1.628958 0.185500 0.001406 802255415.989826 1.458276 5142003.105236 -0.147525 0.515115 -0.616446 4.664619 -16.384144 19.395232 8170029298.582080 
rand_220 -1.674577 -1.125844 0.003183 -1.628906 0.190087 0.001887 1257512817.761395 1.720236 4116255.991540 -0.148256 0.514344 -0.615307 4.688401 -16.359529 19.360040 8154240342.412921 
rand_221 -1.685971 -1.113537 0.001001 -1.628902 0.188952 0.000751 1334612717.284174 1.385487 4589923.161384 -0.148519 0.513802 -0.614870 4.699029 -16.341116 19.342736 7695033414.385781 
rand_222 -1.608111 -1.132616 0.002343 -1.628938 0.192766 0.002163 601054361.884977 1.660630 5540006.104902 -0.148333 0.518629 -0.618589 4.692258 -16.500291 19.465486 7109255161.465421 
rand_223 -1.655060 -1.141332 0.005874 -1.628888 0.195644 0.000614 872869730.962674 1.009395 4704889.988927 -0.147867 0.514040 -0.615999 4.676335 -16.344945 19.378603 6903455133.741483 
rand_224 -1.697085 -1.127606 0.007995 -1.628935 0.204984 0.001355 692329981.526938 1.387484 4532699.023118 -0.147849 0.518105 -0.618632 4.675885 -16.486985 19.470635 7114057066.951067 
rand_225 -1.601111 -1.134100 0.003430 -1.628966 0.191906 0.002240 181238570.662693 1.264590 4068000.222470 -0.147967 0.520924 -0.621213 4.679204 -16.583835 19.560260 6841009800.903710 
rand_226 -1.662070 -1.151414 0.007920 -1.628899 0.199360 0.000568 2074071727.031341 1.260131 6193482.315263 -0.147789 0.517142 -0.618576 4.673450 -16.451312 19.466841 8263025207.453328 
rand_227 -1.727789 -1.177608 0.005637 -1.628887 0.197298 0.001796 562740480.991265 1.351312 4878422.482248 -0.148346 0.519772 -0.620649 4.692400 -16.540694 19.537820 7756997517.619708 
rand_228 -1.626546 -1.148471 0.004465 -1.628904 0.196043 0.001216 792457664.033429 1.126737 4884762.911399 -0.148506 0.520558 -0.621327 4.697317 -16.563227 19.557922 6639044769.096395 
rand_229 -1.713138 -1.177192 0.008160 -1.628952 0.196600 0.001161 807813679.716685 1.485784 5679889.674706 -0.147621 0.518059 -0.619444 4.667421 -16.478892 19.493910 6433436127.560191 
rand_230 -1.653366 -1.147400 0.000300 -1.628964 0.193104 0.000798 287352672.695944 0.733586 3637639.966115 -0.148341 0.519350 -0.619794 4.692130 -16.526576 19.508814 6936791512.664550 
rand_231 -1.640624 -1.101619 0.003838 -1.628940 0.189466 0.001757 138883708.532192 0.713982 5041987.125201 -0.148554 0.518445 -0.619733 4.699084 -16.489929 19.501564 8989251494.119390 
rand_232 -1.644328 -1.166970 0.002101 -1.628864 0.188702 0.000324 1067836549.117285 1.086621 6505321.726019 -0.147683 0.512707 -0.614976 4.669799 -16.305174 19.348942 7373877542.145295 
rand_233 -1.624210 -1.121022 0.003333 -1.628963 0.191915 0.000614 926478416.436761 1.331758 4936166.511274 -0.148231 0.515746 -0.615680 4.688994 -16.409174 19.371491 6773396705.601263 
rand_234 -1.636606 -1.105546 0.000411 -1.628909 0.193734 0.001013 929761283.743187 1.321771 5219515.616163 -0.147896 0.517143 -0.618360 4.677313 -16.452727 19.459980 6766094296.486262 
rand_235 -1.617297 -1.161453 0.011176 -1.628933 0.187998 0.003271 335835410.232965 1.271341 5197170.843984 -0.146913 0.518439 -0.620233 4.644166 -16.500025 19.526049 6400725807.057055 
rand_236 -1.662139 -1.094113 0.005274 -1.628906 0.190875 0.001921 533722937.491586 1.523952 6061344.371753 -0.148368 0.520283 -0.620528 4.692924 -16.557217 19.532811 5869363929.073380 
rand_237 -1.669513 -1.131529 0.004922 -1.628965 0.191201 0.001555 322873886.206737 1.193202 5201224.931021 -0.148275 0.519742 -0.619153 4.690462 -16.545183 19.490243 7082260987.421422 
rand_238 -1.667973 -1.102837 0.010638 -1.628938 0.196670 0.000568 1749774142.753154 1.421055 7468584.893663 -0.148890 0.514546 -0.615113 4.711372 -16.362761 19.348135 7625191386.457350 
rand_239 -1.628406 -1.124583 0.002795 -1.628955 0.194990 0.000515 312128046.324078 0.779084 5231276.335762 -0.148258 0.514342 -0.616211 4.689145 -16.354625 19.385568 6765640193.908425 
rand_240 -1.674706 -1.139213 0.004863 -1.628954 0.187472 0.000955 292181444.326289 0.754836 4564247.220773 -0.146831 0.517033 -0.620052 4.640933 -16.448708 19.517956 6614535549.490245 
rand_241 -1.640510 -1.188149 0.010637 -1.628911 0.194109 0.000734 984269326.283471 1.215307 6511946.830869 -0.147573 0.518895 -0.620477 4.665804 -16.513891 19.534059 6193296587.399698 
rand_242 -1.679778 -1.152296 0.003367 -1.628961 0.190997 0.000708 1910793698.066190 1.703130 4789313.862296 -0.148169 0.515528 -0.616341 4.686118 -16.399854 19.394089 8406898527.200978 
rand_243 -1.679362 -1.116405 0.002054 -1.628923 0.191230 0.000677 1059598197.947407 1.236602 4400398.551113 -0.147185 0.516510 -0.618615 4.652792 -16.429182 19.468088 5593089519.418613 
rand_244 -1.632761 -1.099254 0.005036 -1.628929 0.193236 0.001135 1441307212.792849 1.467934 3811572.791041 -0.148024 0.519765 -0.620787 4.681436 -16.538253 19.539788 7599823137.227287 
rand_245 -1.649957 -1.158093 0.004581 -1.628957 0.195178 0.002245 532556768.926167 1.430306 5478759.105925 -0.148791 0.514175 -0.614545 4.708048 -16.352011 19.330803 7080015306.207938 
rand_246 -1.709672 -1.131193 0.007243 -1.628951 0.196117 0.000655 1177620949.244335 1.432584 4542539.680768 -0.148859 0.517186 -0.616548 4.710057 -16.455526 19.399732 9419935221.264338 
rand_247 -1.679638 -1.138920 0.006255 -1.628922 0.188405 0.000565 1346048308.034268 1.437251 4222645.625359 -0.148070 0.515327 -0.615939 4.682929 -16.395043 19.382043 6586455013.865653 
rand_248 -1.719130 -1.121644 0.003362 -1.628932 0.198628 0.001235 554971862.876839 1.234706 4434186.878383 -0.148452 0.516861 -0.617727 4.695559 -16.440210 19.437473 7056772514.365436 
rand_249 -1.668637 -1.128233 0.006013 -1.628930 0.192498 0.001183 603888271.629972 1.414415 4636679.540694 -0.147670 0.516388 -0.617786 4.669696 -16.426722 19.440514 6618667620.217029 
rand_250 -1.666289 -1.137434 0.002582 -1.628937 0.189353 0.001317 517307636.553464 1.173843 5832714.721930 -0.148080 0.513151 -0.613156 4.684169 -16.321534 19.286232 8186432105.063460 
rand_251 -1.670903 -1.117218 0.010034 -1.628939 0.193367 0.000325 972899231.732922 1.020574 5483535.873936 -0.147674 0.518534 -0.618910 4.670170 -16.502660 19.480847 6332691176.578601 
rand_252 -1.632251 -1.143831 0.006710 -1.628932 0.193289 0.001135 956357616.627593 1.556346 4855459.779552 -0.148194 0.519542 -0.619897 4.687458 -16.533740 19.512210 7205701010.983281 
rand_253 -1.650500 -1.129775 0.000557 -1.628892 0.190826 0.000620 834387595.077781 1.086821 5560839.198088 -0.148081 0.519641 -0.619880 4.683819 -16.534960 19.509567 6797475335.483147 
rand_254 -1.603285 -1.114598 0.002389 -1.628917 0.191191 0.000417 1762418242.047750 1.556183 4893659.381943 -0.147529 0.519475 -0.621074 4.664500 -16.529212 19.551100 6955587071.390204 
rand_255 -1.647715 -1.144527 0.001747 -1.628935 0.196832 0.002003 838300123.166628 1.714613 5206566.612505 -0.148412 0.516031 -0.615758 4.694581 -16.413771 19.371123 6902683873.190800 
rand_256 -1.647292 -1.137179 0.002988 -1.628960 0.191861 0.001699 1389810568.984199 1.674721 4333059.765797 -0.148150 0.521568 -0.621872 4.686056 -16.600036 19.577458 8249245856.842375 
rand_257 -1.653744 -1.141160 0.000827 -1.628942 0.189359 0.001102 1533429076.338139 1.490231 4342296.014032 -0.148067 0.519956 -0.619890 4.683452 -16.548284 19.511608 8828853205.779354 
rand_258 -1.666187 -1.120957 0.006285 -1.628956 0.197804 0.000627 1019813710.953083 0.905491 5151347.567513 -0.148250 0.515339 -0.616007 4.689090 -16.392739 19.382349 7964056399.017756 
rand_259 -1.674942 -1.123009 0.000724 -1.628953 0.198093 0.000391 2527061402.238913 1.329376 5153590.256345 -0.148555 0.514787 -0.615428 4.699342 -16.370815 19.359638 8518013352.516597 
rand_260 -1.665405 -1.140363 0.004966 -1.628982 0.198291 0.001445 613578836.277550 1.536134 6011180.826788 -0.148245 0.517866 -0.618344 4.688364 -16.478679 19.462128 6081472922.259658 
rand_261 -1.664349 -1.123183 0.000755 -1.628931 0.194450 0.000999 736566482.297323 1.203052 5499324.614227 -0.148001 0.517928 -0.619666 4.679873 -16.475644 19.503533 8162860412.395025 
rand_262 -1.662167 -1.186241 0.002007 -1.628875 0.190363 0.000537 1589915005.554547 1.511886 4508053.321580 -0.147808 0.517005 -0.619730 4.673993 -16.446951 19.506553 7406097977.909509 
rand_263 -1.645372 -1.113295 0.007976 -1.628926 0.201273 0.001188 806915154.000844 1.133768 3719927.092653 -0.148696 0.515753 -0.616652 4.703778 -16.401462 19.399969 7875395629.953222 
rand_264 -1.653098 -1.112086 0.003909 -1.628911 0.196084 0.000625 1393727946.873684 1.352002 5882590.826079 -0.147491 0.517061 -0.618272 4.663628 -16.450968 19.457921 6853220137.113449 
rand_265 -1.671889 -1.140128 0.010409 -1.628905 0.192811 0.001427 913862725.875689 1.574437 5331671.100859 -0.148920 0.516761 -0.616744 4.711928 -16.438980 19.404822 6702934428.718481 
rand_266 -1.676977 -1.144106 0.007166 -1.628939 0.194570 0.000586 1506852079.081739 1.373865 5969222.799193 -0.148526 0.516564 -0.616535 4.698111 -16.432931 19.399084 8185985521.699939 
rand_267 -1.654842 -1.131150 0.003807 -1.628937 0.191342 0.002723 602416953.483094 1.639654 5458762.795974 -0.147836 0.517106 -0.618021 4.675555 -16.452300 19.448579 7059810557.406604 
rand_268 -1.681315 -1.148201 0.001218 -1.628969 0.186289 0.000840 578610064.863886 1.237213 6804962.523081 -0.148332 0.519119 -0.618825 4.692142 -16.521955 19.477768 7154257952.803344 
rand_269 -1.669818 -1.145093 0.001539 -1.628926 0.188231 0.000637 1102933090.191154 1.283799 4783620.161822 -0.147573 0.515704 -0.617531 4.666683 -16.407117 19.434899 6761963487.052267 
rand_270 -1.672221 -1.123843 0.003889 -1.628929 0.188211 0.000599 553116295.748344 1.060479 5041408.267473 -0.148169 0.518186 -0.617501 4.686643 -16.489264 19.431568 7050807512.330518 
rand_271 -1.604201 -1.113819 0.003816 -1.628954 0.193417 0.001497 234740315.233758 1.110115 5790470.731835 -0.147045 0.520561 -0.623269 4.647693 -16.564043 19.624577 7050150614.810329 
rand_272 -1.689306 -1.123643 0.003582 -1.628900 0.187580 0.001581 1033205668.612139 1.907307 5863015.803238 -0.147785 0.516798 -0.617427 4.673637 -16.442289 19.429211 5999187550.967464 
rand_273 -1.678231 -1.072273 0.003334 -1.628952 0.194216 0.000324 2900878710.951334 1.392199 5327095.955393 -0.147947 0.515352 -0.616839 4.678562 -16.390953 19.408456 8187770491.019667 
rand_274 -1.672778 -1.105028 0.004121 -1.628854 0.200541 0.000479 3541414682.250726 1.355584 3408905.699881 -0.148414 0.519878 -0.619675 4.694824 -16.542466 19.502022 8362578969.668995 
rand_275 -1.670395 -1.115292 0.001816 -1.628920 0.190580 0.000465 2619117967.972207 1.241330 3232034.394188 -0.148200 0.517753 -0.617810 4.687722 -16.475841 19.443095 7604885308.338863 
rand_276 -1.637004 -1.116016 0.012280 -1.628932 0.190827 0.001257 351940094.427564 1.114127 4614050.640103 -0.148439 0.521033 -0.620630 4.695572 -16.587704 19.539126 7712918573.023623 
rand_277 -1.665851 -1.128265 0.002503 -1.628879 0.194919 0.001259 459756859.914692 1.059285 5021815.050556 -0.147964 0.524181 -0.623906 4.679663 -16.688221 19.645304 6817866528.139211 
rand_278 -1.690457 -1.119907 0.001805 -1.628993 0.192927 0.000938 251724451.787785 0.941094 3132014.978280 -0.148550 0.517589 -0.617964 4.699522 -16.467100 19.446226 7855172112.575270 
rand_279 -1.627089 -1.126048 0.004795 -1.628939 0.190516 0.002089 661886496.614649 1.551039 4970190.787734 -0.147700 0.518592 -0.620252 4.670089 -16.499029 19.522947 6952414267.151686 
rand_280 -1.653936 -1.108983 0.005953 -1.628943 0.193013 0.001003 718746870.143693 1.137815 5651187.118903 -0.147000 0.515276 -0.617791 4.646582 -16.386527 19.439466 7884223805.314807 
rand_281 -1.650328 -1.135583 0.000078 -1.628936 0.195405 0.001604 771488754.238498 1.661834 4940800.278345 -0.148836 0.515546 -0.615178 4.709126 -16.397165 19.351606 5095129052.082683 
rand_282 -1.645031 -1.136652 0.001487 -1.628925 0.202537 0.000678 205788747.292239 0.885299 5295126.552865 -0.148541 0.515237 -0.616006 4.699331 -16.384899 19.377621 7154052910.146442 
rand_283 -1.688337 -1.106439 0.008804 -1.628937 0.196443 0.000320 811338220.982477 0.958084 5587817.564458 -0.147146 0.515597 -0.618845 4.651577 -16.397127 19.475267 6766354799.835690 
rand_284 -1.660158 -1.139200 0.003754 -1.628893 0.194454 0.000233 2692949683.681624 1.123241 3398731.873514 -0.148330 0.515609 -0.617397 4.692003 -16.397370 19.425411 6631607206.630525 
rand_285 -1.641111 -1.148899 0.000578 -1.628919 0.191486 0.001433 434136605.050762 1.184082 5652581.820889 -0.148432 0.515359 -0.614833 4.696228 -16.397312 19.343514 5395982469.865742 
rand_286 -1.674726 -1.144963 0.002007 -1.628918 0.189388 0.002170 483056867.755275 1.460750 4266466.255353 -0.146840 0.517061 -0.618989 4.641469 -16.451624 19.483366 5845086556.948679 
rand_287 -1.652947 -1.115028 0.005610 -1.628919 0.197148 0.002156 158033579.692761 1.120180 4761893.757509 -0.147524 0.521565 -0.622855 4.664394 -16.599603 19.610665 7009492015.909266 
rand_288 -1.647499 -1.076562 0.003118 -1.628966 0.200519 0.001125 313959870.718663 1.298105 4338908.150504 -0.147898 0.519272 -0.620857 4.677006 -16.525754 19.546299 6809960501.433364 
rand_289 -1.693579 -1.147754 0.008414 -1.628926 0.194429 0.001299 811634644.061187 1.452790 6073886.416148 -0.148436 0.518183 -0.618069 4.696030 -16.488075 19.449816 7291250548.211421 
rand_290 -1.683746 -1.117097 0.005302 -1.628925 0.197952 0.000881 1564543020.827884 1.196721 3827580.437328 -0.147834 0.520090 -0.619797 4.675285 -16.553628 19.509781 7742919467.812032 
rand_291 -1.712550 -1.126924 0.001517 -1.628961 0.197686 0.000873 1126337501.205814 1.303328 6381345.268211 -0.147901 0.517840 -0.619223 4.677841 -16.475877 19.489185 6931904751.087209 
rand_292 -1.654785 -1.107436 0.004285 -1.628907 0.188806 0.001821 302841002.321259 1.102456 7391827.719642 -0.148702 0.513831 -0.614411 4.704882 -16.339360 19.325326 4900917586.440301 
rand_293 -1.616646 -1.117272 0.008229 -1.628986 0.196354 0.000701 542848964.425519 1.242907 3448879.926124 -0.147589 0.518962 -0.620500 4.666817 -16.515587 19.534128 6463624444.924593 
rand_294 -1.675920 -1.106196 0.004120 -1.628863 0.194806 0.000541 1054888373.177522 1.140915 4413946.635504 -0.148199 0.514836 -0.615944 4.687750 -16.374203 19.378002 6899379282.666430 
rand_295 -1.664432 -1.124157 0.000140 -1.628932 0.196807 0.000386 2593686105.079921 1.596071 5612447.725217 -0.147883 0.519222 -0.619271 4.676962 -16.522698 19.490244 7142734826.917543 
rand_296 -1.636694 -1.146695 0.008401 -1.628954 0.199291 0.001302 425371559.691862 1.031281 4006550.157967 -0.147256 0.514509 -0.617967 4.655594 -16.362088 19.446820 6526641668.701900 
rand_297 -1.653885 -1.143600 0.001768 -1.628914 0.193833 0.000627 828613139.834723 1.212873 4728125.168091 -0.148880 0.516442 -0.616096 4.710886 -16.432540 19.385856 7289966655.933276 
rand_298 -1.682395 -1.125760 0.003796 -1.628914 0.194103 0.001225 411272138.323993 1.347163 5175877.261919 -0.149124 0.513715 -0.612984 4.719309 -16.338693 19.279340 7765600125.696585 
rand_299 -1.624895 -1.120658 0.006147 -1.628876 0.200476 0.000630 367324412.014969 0.884135 4287178.985156 -0.148633 0.516633 -0.616356 4.702223 -16.437543 19.394052 5542484842.181157 
rand_300 -1.655462 -1.137684 0.009495 -1.628883 0.191714 0.000345 2228276889.991764 1.393960 5081983.138737 -0.147599 0.517181 -0.619586 4.666684 -16.454171 19.503129 7161392984.883683 
rand_301 -1.665341 -1.089699 0.004575 -1.628967 0.190420 0.000694 1401700990.911214 1.565648 5948736.274428 -0.147578 0.515031 -0.617255 4.666078 -16.379614 19.422156 7138967610.436118 
rand_302 -1.663437 -1.111176 0.013714 -1.628938 0.191013 0.000417 1681540160.894027 1.601324 4921684.889704 -0.147850 0.520902 -0.621370 4.675908 -16.580886 19.562626 6945281076.333004 
rand_303 -1.646410 -1.171678 0.002686 -1.628956 0.193284 0.000681 423742090.663089 0.884927 3961345.586472 -0.149005 0.520051 -0.619127 4.715010 -16.552774 19.486721 7388191189.467751 
rand_304 -1.674108 -1.132458 0.004264 -1.628911 0.193365 0.000916 1097778129.605968 1.302357 6164886.628539 -0.148317 0.513815 -0.615433 4.691220 -16.336143 19.359035 10034145219.162928 
rand_305 -1.623853 -1.150594 0.000506 -1.628893 0.191521 0.000994 1089214759.554475 1.315622 6389034.675548 -0.148046 0.515998 -0.617064 4.682481 -16.411680 19.414222 7226098087.301856 
rand_306 -1.631051 -1.091874 0.004384 -1.628967 0.192310 0.001320 569458801.115239 1.202648 5368579.698787 -0.148381 0.521195 -0.620737 4.693786 -16.589109 19.539817 5974988975.625816 
rand_307 -1.659805 -1.174387 0.004279 -1.628933 0.188478 0.000523 1401062788.283444 1.386931 4018207.649727 -0.148492 0.517788 -0.618638 4.697038 -16.470840 19.467524 7484706045.563977 
rand_308 -1.658583 -1.121625 0.007363 -1.628948 0.188634 0.000833 393065847.965186 0.994833 4122272.736313 -0.147801 0.510578 -0.612272 4.673823 -16.233430 19.257387 5931680221.668225 
rand_309 -1.679459 -1.127534 0.004886 -1.628908 0.197127 0.002145 1045617500.766760 1.629139 2631565.564288 -0.147340 0.515980 -0.618432 4.657472 -16.409480 19.461116 7059779955.345716 
rand_310 -1.674659 -1.113722 0.000882 -1.628920 0.201582 0.002687 269876716.914074 1.049876 4407872.524759 -0.148542 0.521261 -0.620769 4.699219 -16.588278 19.538602 8001067589.573953 
rand_311 -1.686114 -1.123545 0.004111 -1.628899 0.189168 0.000792 514017947.744566 0.791155 6065579.444486 -0.148666 0.513762 -0.615006 4.703362 -16.337602 19.347284 9508993293.548687 
rand_312 -1.664694 -1.088614 0.000285 -1.628942 0.193747 0.001675 1119569977.265678 1.715703 4316031.682554 -0.147711 0.518487 -0.619593 4.670888 -16.495235 19.499903 8550781439.359097 
rand_313 -1.658566 -1.111641 0.005319 -1.628934 0.188659 0.000953 869364259.527741 1.306284 4044067.379095 -0.148638 0.515698 -0.616267 4.701679 -16.406056 19.392549 8660732797.604519 
rand_314 -1.696572 -1.166762 0.000751 -1.628920 0.194239 0.002885 219745925.438885 1.119698 6022884.416569 -0.148400 0.517322 -0.616805 4.695367 -16.458201 19.405444 6051315934.458080 
rand_315 -1.644155 -1.101916 0.000567 -1.628938 0.191792 0.000924 271003081.537958 1.108564 6151279.688628 -0.148335 0.516352 -0.617580 4.692001 -16.423801 19.432065 7822732868.099568 
rand_316 -1.680030 -1.125937 0.001436 -1.628923 0.188233 0.001424 439901390.198968 0.933100 4463868.835994 -0.148481 0.514546 -0.616274 4.697279 -16.362349 19.388349 8352002984.911232 
rand_317 -1.650528 -1.101882 0.003355 -1.628897 0.192721 0.000913 990555684.609284 1.099935 5509448.967411 -0.147170 0.517141 -0.618854 4.652660 -16.452385 19.476914 7006922379.644588 
rand_318 -1.641433 -1.136342 0.000879 -1.628873 0.189893 0.000397 1252908437.945449 0.956339 4132247.935313 -0.148359 0.515853 -0.615665 4.693175 -16.410917 19.370387 8153270448.355987 
rand_319 -1.629938 -1.151247 0.001375 -1.628944 0.203525 0.000722 862851486.000980 1.547517 4657367.856990 -0.148045 0.515636 -0.615699 4.683015 -16.404727 19.370990 6447919888.034347 
rand_320 -1.634768 -1.155028 0.002964 -1.628873 0.195046 0.000844 1725087034.243051 1.535802 3179889.692187 -0.147048 0.517161 -0.619875 4.647715 -16.451376 19.511220 8812620829.352713 
rand_321 -1.621897 -1.108772 0.001440 -1.628945 0.192145 0.000618 1224492015.624965 1.273526 5360102.146073 -0.148239 0.517673 -0.619096 4.688777 -16.470348 19.485431 7359191335.696163 
rand_322 -1.641244 -1.114056 0.005181 -1.628908 0.196607 0.001006 944581639.122086 1.661003 4897086.470237 -0.147548 0.518175 -0.619139 4.665956 -16.489449 19.488126 6157510716.291876 
rand_323 -1.656142 -1.141839 0.004632 -1.628944 0.188735 0.000206 3443844548.068302 1.049390 4328072.675408 -0.148612 0.515045 -0.615806 4.701852 -16.379521 19.371745 8035324470.157089 
rand_324 -1.670871 -1.183402 0.001720 -1.628959 0.187887 0.000938 1450502636.573107 1.583604 4907969.966411 -0.148463 0.516769 -0.618374 4.696414 -16.433727 19.456346 6678479754.860373 
rand_325 -1.662747 -1.108007 0.008173 -1.628898 0.190914 0.001947 128688118.620981 0.760721 4784949.042587 -0.148310 0.513142 -0.614494 4.691421 -16.316459 19.329061 6419555523.174017 
rand_326 -1.622522 -1.170750 0.002599 -1.628932 0.191425 0.001045 1342618871.452713 1.626647 4172753.941208 -0.147628 0.516239 -0.617866 4.668281 -16.424856 19.446009 8546718399.692342 
rand_327 -1.664550 -1.086522 0.007201 -1.628896 0.199982 0.002159 474782270.343964 1.330708 5398550.770467 -0.148104 0.517021 -0.617963 4.683945 -16.447826 19.446977 6323884372.057260 
rand_328 -1.660118 -1.158908 0.003698 -1.628911 0.193854 0.000445 1175048724.418655 1.086892 4702050.817134 -0.147210 0.517986 -0.620507 4.653274 -16.478084 19.531771 8722690474.739229 
rand_329 -1.626047 -1.129718 0.001430 -1.628920 0.190240 0.000763 846227950.220622 1.098195 4865719.733089 -0.147715 0.519336 -0.620055 4.670564 -16.527416 19.518738 7973898288.202091 
rand_330 -1.665366 -1.125400 0.007708 -1.628916 0.190844 0.000550 1269418367.360358 1.469073 3539338.634440 -0.148212 0.514239 -0.616081 4.688267 -16.349983 19.379008 6857364134.820638 
rand_331 -1.678281 -1.122703 0.005350 -1.628902 0.195540 0.001029 804435262.643379 1.214918 4874382.420574 -0.149436 0.518303 -0.617522 4.729625 -16.489495 19.429564 6839885611.921406 
rand_332 -1.633937 -1.123514 0.010325 -1.628906 0.196697 0.000799 1035773865.768672 1.568221 4820670.033117 -0.147636 0.522130 -0.622430 4.668375 -16.621320 19.597931 6731860212.946712 
rand_333 -1.679033 -1.127391 0.004554 -1.628942 0.196269 0.000958 1077291312.770455 1.383166 4174385.919699 -0.148167 0.520332 -0.620448 4.686365 -16.560605 19.530852 7017628648.449781 
rand_334 -1.650712 -1.138681 0.004550 -1.628920 0.199157 0.000907 1467625301.147948 1.361480 5531543.744504 -0.148312 0.519854 -0.620283 4.691037 -16.544732 19.526289 7667729198.776029 
rand_335 -1.654737 -1.134469 0.007205 -1.628890 0.198034 0.001455 1327228693.827537 1.574520 2892191.478368 -0.148693 0.515635 -0.616595 4.704526 -16.399826 19.398751 9098350449.653772 
rand_336 -1.652738 -1.143036 0.005466 -1.628930 0.192883 0.002419 359707396.448715 1.294281 4517801.622861 -0.147749 0.518740 -0.620100 4.671943 -16.506292 19.520045 8401820417.838825 
rand_337 -1.715654 -1.127682 0.005761 -1.628944 0.198975 0.001451 861797437.202591 1.654233 5309954.427347 -0.147601 0.520600 -0.621796 4.666907 -16.570127 19.577478 6589680798.386928 
rand_338 -1.642049 -1.165078 0.001236 -1.628948 0.190910 0.001305 412704554.910459 1.284242 7098509.119580 -0.147285 0.521466 -0.623244 4.656080 -16.595505 19.623847 8004137700.806664 
rand_339 -1.661368 -1.123691 0.002191 -1.628908 0.193765 0.000921 1631519467.940580 1.710462 3634327.065001 -0.147563 0.519238 -0.620545 4.665730 -16.522282 19.533708 8390861183.508754 
rand_340 -1.645825 -1.131973 0.002016 -1.628937 0.193588 0.002057 540924849.361520 1.282244 5088627.462768 -0.147905 0.517957 -0.619438 4.677044 -16.478769 19.496468 6726005727.826451 
rand_341 -1.648482 -1.113171 0.006305 -1.628921 0.192510 0.000556 1001735711.169034 1.303800 5547902.793000 -0.147843 0.518351 -0.619175 4.675727 -16.495569 19.489096 6360234082.643080 
rand_342 -1.652734 -1.136073 0.008356 -1.628939 0.191541 0.000589 1785266527.956377 1.547507 5063347.927645 -0.147363 0.520393 -0.620933 4.659420 -16.563725 19.547796 8829078697.984905 
rand_343 -1.669135 -1.117955 0.003047 -1.628899 0.194117 0.000644 890412453.544924 0.815882 3767656.407669 -0.148061 0.515799 -0.618554 4.682001 -16.400333 19.462872 7994597322.786207 
rand_344 -1.668881 -1.118959 0.004162 -1.628927 0.193552 0.001285 269121081.401868 1.112180 4516327.400146 -0.148918 0.518430 -0.618467 4.712154 -16.495682 19.463144 7317394097.239825 
rand_345 -1.661249 -1.132781 0.001691 -1.628892 0.189258 0.001352 1132342917.242467 1.272219 2558351.412509 -0.148461 0.517385 -0.616991 4.696971 -16.461662 19.413492 6991046229.609448 
rand_346 -1.656056 -1.122942 0.002072 -1.628893 0.188291 0.000726 371621974.454423 0.931600 5003865.934832 -0.149359 0.515739 -0.616675 4.726377 -16.401350 19.401164 6083634694.724360 
rand_347 -1.669752 -1.156853 0.005846 -1.628933 0.192434 0.000892 490213611.486340 1.348431 3584107.262934 -0.147778 0.517946 -0.618492 4.673596 -16.481836 19.465359 6802487080.451605 
rand_348 -1.638312 -1.103169 0.000447 -1.628895 0.192390 0.001251 1204336938.295249 1.385320 5455660.940961 -0.148507 0.516966 -0.617152 4.698016 -16.449643 19.422072 10794696325.816568 
rand_349 -1.667540 -1.140911 0.004936 -1.628940 0.193679 0.001087 1042453806.233263 1.461158 4346577.621252 -0.148214 0.519720 -0.620307 4.687814 -16.538198 19.525250 8596106050.057581 
rand_350 -1.682537 -1.133566 0.004975 -1.628924 0.197835 0.000823 502832632.881168 1.096608 4252485.176500 -0.147936 0.512068 -0.614618 4.678223 -16.276772 19.330851 7524134682.953446 
rand_351 -1.646310 -1.151057 0.006624 -1.628952 0.190539 0.000651 1068614716.056888 1.597260 5166550.257603 -0.147079 0.519072 -0.623201 4.648276 -16.511229 19.621372 6247414760.672405 
rand_352 -1.616733 -1.145364 0.006809 -1.628915 0.183430 0.000822 990561470.926758 0.838979 5260256.563624 -0.147821 0.517333 -0.617886 4.674968 -16.459686 19.444402 7239922810.939422 
rand_353 -1.686854 -1.097129 0.008689 -1.628923 0.195110 0.000590 1319171729.166764 1.588319 5871284.301886 -0.148446 0.516936 -0.616824 4.696078 -16.444938 19.407370 7787679234.677448 
rand_354 -1.662882 -1.127242 0.011397 -1.628917 0.194925 0.000676 456521517.781779 0.945091 4738638.083207 -0.148136 0.516647 -0.617687 4.685596 -16.433463 19.435379 5916532927.167481 
rand_355 -1.635530 -1.135936 0.001975 -1.628968 0.197959 0.000397 1020767057.084363 0.953257 4894218.535122 -0.148025 0.516780 -0.616882 4.681312 -16.442739 19.412520 7545512758.863302 
rand_356 -1.646894 -1.136047 0.003842 -1.628985 0.195017 0.001104 728506531.994732 1.338438 3613675.919222 -0.147419 0.517046 -0.618795 4.660330 -16.448443 19.475153 6102665918.219320 
rand_357 -1.645711 -1.129960 0.004094 -1.628962 0.198376 0.002397 873339286.616523 1.497230 6448399.423252 -0.147508 0.516791 -0.617919 4.663843 -16.443118 19.447538 8456252568.684368 
rand_358 -1.659299 -1.115551 0.005798 -1.628918 0.199073 0.000339 827086217.229872 0.740240 4065559.542980 -0.147880 0.518056 -0.619059 4.676557 -16.483352 19.483882 7061016435.114832 
rand_359 -1.721134 -1.126123 0.010259 -1.628913 0.187410 0.001081 1378129915.361667 1.457424 5724834.698670 -0.148457 0.512176 -0.614485 4.696808 -16.281192 19.325861 7724855117.380672 
rand_360 -1.654069 -1.125696 0.005060 -1.628901 0.192813 0.000688 1447100476.885100 1.634801 5732187.292464 -0.148348 0.514883 -0.616295 4.692885 -16.376001 19.389661 6999568456.569448 
rand_361 -1.651410 -1.148463 0.005173 -1.628942 0.195722 0.001147 324360775.543594 1.097291 5399902.654728 -0.147808 0.520006 -0.621128 4.674091 -16.550004 19.554943 8577362417.094911 
rand_362 -1.634106 -1.135876 0.006256 -1.628925 0.194919 0.000589 1508731815.103664 1.365413 4762609.626074 -0.147402 0.514112 -0.616349 4.660560 -16.350399 19.392598 7444388594.715055 
rand_363 -1.677272 -1.126870 0.011495 -1.628950 0.188860 0.001528 920046037.908334 1.597081 4637264.231811 -0.148692 0.512901 -0.613675 4.704303 -16.306657 19.300229 7168135799.260194 
rand_364 -1.621295 -1.130624 0.001096 -1.628894 0.189453 0.000314 1145789335.552503 1.195077 4935923.682660 -0.148029 0.515150 -0.615256 4.681892 -16.388946 19.357818 7071875373.048275 
rand_365 -1.667140 -1.138317 0.000911 -1.628950 0.193951 0.000355 1414864687.409070 1.237048 3096111.468148 -0.147752 0.515639 -0.616956 4.672261 -16.404784 19.416077 7016959195.932734 
rand_366 -1.671101 -1.140150 0.004471 -1.628899 0.197027 0.001066 1943254556.896164 1.938785 4973900.963699 -0.148472 0.514752 -0.615237 4.696928 -16.375029 19.356902 8194086816.375599 
rand_367 -1.676578 -1.121289 0.004394 -1.628938 0.184213 0.000787 1563671397.389214 1.399813 6485750.939663 -0.148196 0.513874 -0.617019 4.686573 -16.334890 19.411161 6949879554.061614 
rand_368 -1.635934 -1.120796 0.002327 -1.628888 0.193853 0.000419 576672918.494460 0.965452 4774148.511128 -0.148355 0.519084 -0.620032 4.693186 -16.518712 19.516849 5782934318.002983 
rand_369 -1.685208 -1.110212 0.003276 -1.628926 0.197514 0.000429 1335183669.341501 1.198355 4967259.833230 -0.147785 0.517648 -0.618084 4.673693 -16.470137 19.450622 6911102866.668265 
rand_370 -1.645466 -1.126084 0.001285 -1.628927 0.194584 0.001478 894992683.585784 1.601313 3975882.460229 -0.147715 0.517595 -0.618535 4.670938 -16.467781 19.466961 7744535279.575716 
rand_371 -1.678574 -1.171524 0.004311 -1.628951 0.193500 0.000772 1137368883.936815 1.404686 5185687.308842 -0.148107 0.516085 -0.617176 4.684390 -16.415633 19.419570 6322504607.262512 
rand_372 -1.661016 -1.082834 0.005380 -1.628872 0.195160 0.000653 708542370.500021 1.141075 4222030.836380 -0.148727 0.511253 -0.612576 4.705249 -16.252282 19.264304 6821058486.023952 
rand_373 -1.695067 -1.130176 0.003779 -1.628904 0.203728 0.001995 1108475947.312626 1.802805 5849856.501738 -0.148751 0.513034 -0.613116 4.706051 -16.317383 19.286117 6827439302.004193 
rand_374 -1.641936 -1.138200 0.000186 -1.628917 0.194366 0.001598 181848061.889498 0.942475 6141328.262897 -0.148231 0.521351 -0.621564 4.688887 -16.592286 19.565531 9104147330.268301 
rand_375 -1.663451 -1.131163 0.006674 -1.628925 0.192379 0.002570 347473969.795516 1.557343 6359596.625484 -0.147565 0.517385 -0.618963 4.666289 -16.459071 19.479009 6617066184.362195 
rand_376 -1.647179 -1.137922 0.001409 -1.628949 0.193448 0.000571 1410728315.157769 1.311622 3556457.162502 -0.148425 0.517674 -0.617045 4.694605 -16.472457 19.417406 8108088472.910151 
rand_377 -1.664115 -1.146374 0.002279 -1.628913 0.193746 0.001011 902151166.372004 1.341635 5722710.498985 -0.148550 0.518323 -0.618047 4.699840 -16.492265 19.448655 6679201656.811420 
rand_378 -1.647862 -1.117709 0.000955 -1.628933 0.193818 0.000560 706012433.893161 1.074152 5646989.944887 -0.148626 0.517917 -0.617784 4.701677 -16.479519 19.441510 6236179797.078849 
rand_379 -1.661061 -1.132971 0.001951 -1.628929 0.191167 0.001339 1088015779.011627 1.598082 4584929.391712 -0.146859 0.520800 -0.622721 4.641619 -16.575107 19.607637 7051708004.695274 
rand_380 -1.642965 -1.131789 0.010764 -1.628907 0.194809 0.000707 1044805465.281874 1.388478 6192677.527741 -0.147688 0.518382 -0.618832 4.670700 -16.494456 19.475501 7567471332.373484 
rand_381 -1.647723 -1.180056 0.003034 -1.628923 0.182684 0.000670 1400749364.907948 1.188318 5414445.450332 -0.148494 0.515509 -0.615864 4.697726 -16.395937 19.375001 6983563908.351152 
rand_382 -1.655486 -1.134530 0.006894 -1.628931 0.187944 0.000689 959197906.124217 1.100264 6373115.841866 -0.148334 0.514868 -0.615718 4.692400 -16.374178 19.369736 7985424947.051126 
rand_383 -1.680703 -1.151532 0.004962 -1.628892 0.190069 0.000245 1578206396.299084 1.076418 3732379.810297 -0.146450 0.515744 -0.619432 4.627257 -16.402154 19.495969 6705308829.366961 
rand_384 -1.670060 -1.140449 0.001917 -1.628953 0.189746 0.000353 2006149770.100718 1.108081 4285944.676693 -0.148103 0.515703 -0.616203 4.684626 -16.404636 19.387165 7053498463.544746 
rand_385 -1.677761 -1.125274 0.000269 -1.628976 0.196533 0.001066 378742227.243165 0.715477 5093723.546327 -0.148933 0.514350 -0.614674 4.712512 -16.354497 19.332315 6957454999.328318 
rand_386 -1.627140 -1.142270 0.006967 -1.628952 0.191534 0.001128 477444225.059146 0.892156 6172590.533097 -0.147827 0.516885 -0.617078 4.675236 -16.442286 19.415206 8192586611.864019 
rand_387 -1.642052 -1.139511 0.000680 -1.628927 0.195204 0.001553 522555949.533492 1.203518 5454799.455674 -0.147423 0.514657 -0.617034 4.660754 -16.367676 19.415837 6679375094.370015 
rand_388 -1.659132 -1.128068 0.002564 -1.628912 0.195293 0.000831 854430219.771471 1.388850 4051662.018492 -0.148453 0.515363 -0.616155 4.696116 -16.389099 19.382944 4613729148.261769 
rand_389 -1.672929 -1.140130 0.007219 -1.628951 0.189218 0.003325 160749494.441082 1.029067 6776342.311876 -0.148945 0.520228 -0.618861 4.713314 -16.556459 19.475662 6788635218.555246 
rand_390 -1.678165 -1.151106 0.000459 -1.628831 0.192581 0.000474 1671546343.374017 0.913638 4705292.821886 -0.148298 0.517690 -0.617964 4.690835 -16.470317 19.446162 8376752463.721735 
rand_391 -1.657183 -1.164430 0.004864 -1.628926 0.191387 0.000980 580681557.436566 1.452691 4083665.493741 -0.147499 0.520408 -0.621828 4.663734 -16.562950 19.577610 4852754564.943952 
rand_392 -1.617606 -1.123268 0.002889 -1.628927 0.193000 0.004192 303212036.205672 1.188845 4224902.606205 -0.147493 0.514994 -0.617310 4.663365 -16.381194 19.426805 7975571285.419235 
rand_393 -1.659864 -1.140330 0.002925 -1.628966 0.193239 0.000932 861809883.495935 1.282839 3667759.454555 -0.147871 0.517884 -0.618499 4.676357 -16.474264 19.462761 7232451932.659318 
rand_394 -1.632356 -1.163310 0.005164 -1.628970 0.191713 0.000301 342802452.051036 0.591113 2752696.890376 -0.148625 0.522786 -0.622284 4.702011 -16.642352 19.591765 5685800311.524654 
rand_395 -1.653660 -1.105087 0.002935 -1.628979 0.194183 0.000905 360555200.466578 1.170869 4883406.577894 -0.148275 0.516097 -0.616294 4.690045 -16.420474 19.393099 5953749883.680936 
rand_396 -1.647061 -1.123239 0.008013 -1.628894 0.199489 0.000197 2179931535.597705 1.091531 3445396.512304 -0.148765 0.514910 -0.615644 4.706426 -16.375876 19.367946 6865627365.450615 
rand_397 -1.670946 -1.153759 0.002390 -1.628898 0.200293 0.001681 433316626.138761 1.365523 5313667.697598 -0.148378 0.515062 -0.615793 4.693408 -16.384569 19.375522 5959817012.378773 
rand_398 -1.664533 -1.144093 0.007735 -1.628931 0.190795 0.000235 1615208598.795731 0.854705 5984282.650243 -0.148734 0.519031 -0.619555 4.705770 -16.514285 19.499116 6746627370.931444 
rand_399 -1.679109 -1.109072 0.004843 -1.628964 0.197193 0.000218 2206615768.138441 1.251716 5376620.046846 -0.148277 0.516235 -0.617054 4.690148 -16.422658 19.416911 7277539325.429441 
rand_400 -1.652995 -1.133509 0.005004 -1.628938 0.187828 0.000748 489949830.915154 0.981666 5043987.691634 -0.147365 0.517825 -0.620258 4.658694 -16.473578 19.523892 6500226045.458602 
rand_401 -1.665599 -1.138367 0.009707 -1.628893 0.196876 0.000873 995481834.534266 1.601473 3459144.211051 -0.148539 0.515551 -0.616630 4.699116 -16.394790 19.398916 7567432588.358678 
rand_402 -1.651723 -1.114986 0.007931 -1.628945 0.193707 0.000330 1121159393.184415 1.217660 5846049.348467 -0.148001 0.518375 -0.619817 4.680632 -16.490365 19.506812 7290678597.700264 
rand_403 -1.682660 -1.133356 0.006409 -1.628955 0.190125 0.000211 3247920889.160690 1.035910 6946563.920510 -0.149019 0.518398 -0.618116 4.715607 -16.495016 19.451690 7675004296.789088 
rand_404 -1.649518 -1.105407 0.001841 -1.628941 0.192688 0.001575 1103729584.735783 1.273977 6408269.074775 -0.148598 0.519575 -0.620252 4.700956 -16.530915 19.521183 12330791426.177580 
rand_405 -1.656115 -1.138254 0.001569 -1.628939 0.191239 0.000809 646048920.736300 1.069434 3669464.707349 -0.148452 0.515962 -0.616583 4.696532 -16.417257 19.403382 6464340251.506743 
rand_406 -1.656852 -1.141407 0.006522 -1.628911 0.191024 0.000356 848381952.153005 1.174544 4922032.608033 -0.148460 0.516357 -0.615718 4.696932 -16.427632 19.371388 5977515481.871401 
rand_407 -1.651044 -1.129668 0.004920 -1.628991 0.202484 0.001154 602631910.245038 1.176487 4717269.985206 -0.148016 0.515851 -0.617249 4.681217 -16.407382 19.422084 7116538160.695253 
rand_408 -1.665465 -1.110706 0.004296 -1.628926 0.194294 0.000800 982454868.434313 1.313862 4601963.394264 -0.148207 0.511260 -0.612207 4.687701 -16.254544 19.252943 6828478968.826302 
rand_409 -1.572446 -1.125010 0.002820 -1.628950 0.189413 0.000884 2185525579.186161 1.677252 5027078.038249 -0.148191 0.517151 -0.618373 4.687232 -16.449767 19.458603 8254101959.549285 
rand_410 -1.649226 -1.127929 0.001375 -1.628945 0.194235 0.000613 1985918862.824648 1.462987 7165082.217435 -0.148184 0.517896 -0.618774 4.687053 -16.473884 19.471051 6188452034.442127 
rand_411 -1.657582 -1.146148 0.001903 -1.628911 0.196671 0.000187 3484304778.425915 1.133845 5107357.317587 -0.147259 0.518352 -0.620384 4.655415 -16.494045 19.529793 7365791279.950650 
rand_412 -1.642935 -1.149086 0.005706 -1.628966 0.203214 0.000640 1560997960.574510 1.484120 4555656.858680 -0.148547 0.515048 -0.615729 4.699262 -16.380662 19.371023 9434031719.639830 
rand_413 -1.671989 -1.110684 0.002306 -1.628926 0.197685 0.000431 1693959449.367092 1.447251 5297903.366324 -0.147920 0.518525 -0.619533 4.677792 -16.497603 19.499418 7831108286.532496 
rand_414 -1.672751 -1.108583 0.002038 -1.628918 0.190372 0.000903 389589023.500123 0.988023 3686692.921381 -0.147787 0.519097 -0.620999 4.672915 -16.518866 19.550572 6093465841.781717 
rand_415 -1.641592 -1.109228 0.001605 -1.628915 0.199899 0.000814 591204173.937474 1.133105 4283924.098008 -0.148379 0.516428 -0.617145 4.693699 -16.428184 19.419070 7226478691.836422 
rand_416 -1.639550 -1.114179 0.003437 -1.628912 0.196817 0.000422 941738941.813254 0.991158 5986232.073526 -0.148967 0.523620 -0.622197 4.714066 -16.670666 19.588214 5974443366.832742 
rand_417 -1.632590 -1.121070 0.008737 -1.628916 0.201781 0.000518 1323243863.458707 1.479047 5188344.326366 -0.148128 0.518237 -0.619283 4.685177 -16.486086 19.488438 7235308873.621802 
rand_418 -1.692779 -1.121376 0.001264 -1.628912 0.197213 0.001267 677655926.774742 1.237583 7101730.087659 -0.148520 0.517987 -0.617906 4.697929 -16.483727 19.447555 6441141857.802938 
rand_419 -1.662907 -1.127328 0.006321 -1.628955 0.196203 0.002092 510024870.761494 1.322881 5267680.445839 -0.148261 0.517539 -0.618798 4.689602 -16.464523 19.474272 6261780829.471232 
rand_420 -1.652418 -1.118759 0.003315 -1.628894 0.190066 0.000670 733379764.252450 1.148641 3754175.436876 -0.147750 0.519252 -0.619892 4.672030 -16.524077 19.511780 6667731734.849688 
rand_421 -1.643433 -1.130834 0.002621 -1.628963 0.189140 0.000555 1089873435.902725 1.550949 3414940.565066 -0.147717 0.517349 -0.617990 4.671238 -16.462704 19.449881 5385686815.792550 
rand_422 -1.647889 -1.118815 0.000061 -1.628921 0.182233 0.000545 1209762664.961802 1.357051 6001645.419660 -0.148631 0.519741 -0.619737 4.701827 -16.544069 19.510489 6338423403.564750 
rand_423 -1.679575 -1.111649 0.000799 -1.628949 0.197421 0.000780 654312458.156475 0.919727 3958473.332520 -0.148447 0.519300 -0.619270 4.696031 -16.526777 19.491646 8501402641.614801 
rand_424 -1.648161 -1.155155 0.009586 -1.628977 0.196024 0.000750 466613878.749443 1.059596 3868876.513240 -0.147102 0.521658 -0.623587 4.650246 -16.601505 19.634282 6228721357.552174 
rand_425 -1.652612 -1.108074 0.006267 -1.628946 0.186298 0.001261 337407256.715649 1.124479 4485015.475635 -0.147837 0.517349 -0.617846 4.675282 -16.461343 19.443863 6467426376.991166 
rand_426 -1.652674 -1.131156 0.001151 -1.628934 0.195930 0.000770 672994719.326352 1.042152 5996258.071781 -0.147851 0.516771 -0.617225 4.675999 -16.443981 19.424624 8833143341.491268 
rand_427 -1.685218 -1.100836 0.002620 -1.628894 0.200417 0.001664 487904144.992515 1.102822 4632276.059429 -0.148060 0.521508 -0.622087 4.682770 -16.599294 19.585773 7698499176.489639 
rand_428 -1.681493 -1.104591 0.004074 -1.628882 0.193377 0.000831 946670512.243445 1.006366 4158388.422112 -0.148396 0.517232 -0.617834 4.694646 -16.453745 19.440708 7643253000.984551 
rand_429 -1.618319 -1.150615 0.004860 -1.628935 0.195819 0.000700 2251708834.281157 1.603810 6212607.053291 -0.148390 0.515389 -0.616856 4.693923 -16.389172 19.406722 8904235738.819027 
rand_430 -1.637319 -1.129987 0.002955 -1.628969 0.184824 0.001037 1259901642.272232 1.214244 6041949.893841 -0.147823 0.517591 -0.618800 4.674787 -16.464855 19.473045 7026191912.057306 
rand_431 -1.661448 -1.167317 0.001193 -1.628966 0.189972 0.000740 416276690.484263 0.889907 6667066.148357 -0.148526 0.513351 -0.614835 4.698238 -16.318583 19.337316 7865625262.145687 
rand_432 -1.661055 -1.137722 0.002925 -1.628910 0.195127 0.000301 592885922.058744 0.806739 6351330.547108 -0.148578 0.517026 -0.617036 4.700064 -16.449101 19.416208 5768069984.220460 
rand_433 -1.608875 -1.122885 0.002674 -1.628912 0.194604 0.000873 1258893378.335621 1.414263 6058916.035895 -0.147920 0.516639 -0.618520 4.678103 -16.435766 19.466425 7326312524.141242 
rand_434 -1.658957 -1.113061 0.011531 -1.628947 0.190816 0.003370 510253130.543134 1.401563 4248758.279232 -0.146492 0.512033 -0.615533 4.629595 -16.281895 19.367300 7980159908.373772 
rand_435 -1.662686 -1.128615 0.014145 -1.628963 0.201731 0.001754 214928315.671918 1.134393 5659028.626493 -0.147678 0.516811 -0.617984 4.669766 -16.440589 19.447333 7906124176.371334 
rand_436 -1.678248 -1.121145 0.005700 -1.628904 0.191992 0.002027 201324521.654876 1.079071 6214635.274064 -0.147987 0.512802 -0.614576 4.679951 -16.304746 19.332250 6170735387.659258 
rand_437 -1.665374 -1.144049 0.000265 -1.628964 0.201591 0.001438 862441140.126356 1.635781 6855798.242575 -0.147788 0.520301 -0.622296 4.673329 -16.556523 19.592109 6194452858.905481 
rand_438 -1.698705 -1.130380 0.005852 -1.628943 0.188259 0.000578 2200552190.556164 1.241840 5171124.625063 -0.147570 0.518451 -0.618853 4.666473 -16.498379 19.477431 6692753311.829083 
rand_439 -1.648022 -1.141803 0.004291 -1.628918 0.192571 0.001106 500229662.641792 1.165122 4508040.404525 -0.149199 0.515797 -0.615075 4.721474 -16.407594 19.348707 7097071816.866742 
rand_440 -1.631037 -1.124349 0.000860 -1.628985 0.197675 0.000326 2826156702.483254 1.664877 4115868.337929 -0.148162 0.515937 -0.616619 4.686804 -16.410102 19.399468 8576037327.132992 
rand_441 -1.630781 -1.102205 0.013036 -1.628905 0.195339 0.001596 796512355.544139 1.634786 5979430.352350 -0.147940 0.517144 -0.618108 4.678253 -16.452278 19.452025 5533093450.532036 
rand_442 -1.676157 -1.131139 0.005323 -1.628867 0.194945 0.000648 1117728661.042411 1.122829 4333269.254473 -0.148637 0.516277 -0.617084 4.702718 -16.422113 19.415885 9678903242.623833 
rand_443 -1.712778 -1.157422 0.003849 -1.628928 0.199365 0.001264 1079415083.737593 1.724806 5107243.348396 -0.147633 0.518324 -0.620663 4.668331 -16.490807 19.537738 8829359697.543650 
rand_444 -1.652197 -1.126074 0.001872 -1.628932 0.195611 0.000849 907832228.598076 1.491152 4119734.360523 -0.148195 0.517268 -0.618301 4.687415 -16.455967 19.457438 7289953534.910048 
rand_445 -1.629670 -1.115891 0.002873 -1.628930 0.199568 0.000355 1059280850.827651 1.052355 4841078.341377 -0.148680 0.515091 -0.615177 4.703614 -16.382651 19.352095 7895830056.270988 
rand_446 -1.696895 -1.148361 0.002936 -1.628925 0.186466 0.000327 2570101758.815495 0.998273 5438985.769964 -0.148723 0.518511 -0.618218 4.705447 -16.498319 19.454589 8769846048.686672 
rand_447 -1.668593 -1.105163 0.001106 -1.628951 0.192255 0.000971 843561421.855173 0.906812 5269250.573307 -0.146935 0.512839 -0.616638 4.644744 -16.305780 19.402353 9734741927.609182 
rand_448 -1.651779 -1.141927 0.004442 -1.628961 0.200129 0.000636 694207630.236374 1.329309 5737948.907752 -0.147943 0.519912 -0.620321 4.678605 -16.545875 19.526572 6959246168.105228 
rand_449 -1.679344 -1.145205 0.004062 -1.628941 0.194970 0.000965 719530862.816603 1.202680 3625907.502908 -0.147858 0.519351 -0.619951 4.675994 -16.528171 19.515078 6835356093.834878 
rand_450 -1.699748 -1.165612 0.010221 -1.628927 0.186044 0.000788 1192118642.633338 1.367560 4883456.594040 -0.148423 0.516084 -0.617038 4.695171 -16.413013 19.412633 7302126696.992008 
rand_451 -1.677105 -1.124624 0.003009 -1.628958 0.188863 0.001013 503243792.996632 0.960015 4529799.552592 -0.147899 0.514761 -0.616477 4.677462 -16.369120 19.394407 8688756004.370300 
rand_452 -1.673089 -1.093680 0.003218 -1.628967 0.196405 0.001109 675517264.966470 1.670895 4017648.021151 -0.147897 0.519861 -0.620364 4.677831 -16.544987 19.527814 5876807800.445385 
rand_453 -1.703382 -1.122665 0.005630 -1.628943 0.192189 0.000943 1167405368.924064 1.526079 4250486.228240 -0.148793 0.515523 -0.615639 4.707868 -16.400451 19.370171 6931990858.021553 
rand_454 -1.635354 -1.144684 0.005867 -1.628967 0.191684 0.000655 488744128.031385 0.971424 4105918.150084 -0.148170 0.518217 -0.618682 4.686260 -16.489027 19.471509 6915712209.448850 
rand_455 -1.624260 -1.119736 0.006249 -1.628913 0.191267 0.002044 493092269.549304 1.309420 5349930.839984 -0.148115 0.516562 -0.617724 4.684829 -16.433294 19.438943 8055290767.260969 
rand_456 -1.659320 -1.113993 0.003224 -1.629024 0.196204 0.001454 1130504737.946735 1.782355 5400138.899713 -0.148880 0.517733 -0.616340 4.710657 -16.473669 19.391832 7295340147.285029 
rand_457 -1.643222 -1.106787 0.004533 -1.628963 0.193340 0.001102 1202788163.982860 1.392800 5875624.219787 -0.147927 0.520502 -0.621637 4.678102 -16.563379 19.569072 7517426295.416426 
rand_458 -1.694021 -1.154700 0.003614 -1.628893 0.194571 0.000528 1814954071.005324 1.313849 5328062.870736 -0.148083 0.518891 -0.618981 4.683783 -16.509634 19.479289 7676783024.873929 
rand_459 -1.663256 -1.098939 0.005037 -1.628937 0.193918 0.000287 2258277079.616025 1.060110 5158803.931304 -0.148841 0.518604 -0.618829 4.709005 -16.501623 19.476436 6674658247.535856 
rand_460 -1.673315 -1.125731 0.008234 -1.628926 0.195460 0.000814 376356056.473669 0.797300 5078891.137763 -0.148013 0.514824 -0.616673 4.681545 -16.371882 19.402036 9811440588.373808 
rand_461 -1.650534 -1.094936 0.000937 -1.628934 0.203530 0.001472 275502138.456342 0.980596 5675657.871087 -0.148459 0.517932 -0.617105 4.696798 -16.482787 19.419947 6180344324.176588 
rand_462 -1.722054 -1.126888 0.010462 -1.628948 0.188559 0.000636 1309108044.187722 1.668162 2893144.272301 -0.148045 0.513326 -0.615196 4.682631 -16.323418 19.353289 6864079599.163305 
rand_463 -1.666994 -1.118465 0.000802 -1.628901 0.194907 0.001538 150118490.980117 0.818685 4940868.949640 -0.148712 0.511485 -0.612720 4.704178 -16.256422 19.266579 6865591620.210287 
rand_464 -1.645547 -1.148973 0.012364 -1.628946 0.191296 0.000882 552964057.907730 1.228092 5317202.237156 -0.147840 0.513314 -0.615234 4.675461 -16.322335 19.353980 6631888483.077105 
rand_465 -1.654521 -1.110303 0.009236 -1.628953 0.195060 0.000474 1829621669.716101 1.321462 6789630.696640 -0.148477 0.517012 -0.618197 4.696613 -16.445876 19.453509 8388803218.232960 
rand_466 -1.641993 -1.151538 0.002356 -1.628913 0.189693 0.001226 233418184.354089 1.053228 3888424.584388 -0.147136 0.521500 -0.623680 4.650873 -16.597004 19.638732 7695058480.309809 
rand_467 -1.673763 -1.124624 0.008348 -1.628983 0.194045 0.000778 664159267.370654 1.204389 3853140.328040 -0.148615 0.518343 -0.619135 4.701787 -16.490859 19.484213 7505358158.734477 
rand_468 -1.724936 -1.138611 0.000696 -1.628939 0.193619 0.000517 2076374880.379505 1.555393 2729034.720872 -0.147588 0.520771 -0.621668 4.666884 -16.572866 19.570115 6787222200.152847 
rand_469 -1.634726 -1.131762 0.006987 -1.628945 0.193970 0.001061 1473703785.062389 1.686108 3609219.396567 -0.146846 0.518749 -0.620426 4.641527 -16.507951 19.531207 8784523086.257439 
rand_470 -1.642540 -1.108296 0.010112 -1.628939 0.199110 0.000633 926331428.236675 0.932470 4848695.430776 -0.148923 0.514607 -0.614672 4.711644 -16.365939 19.334876 7721388491.251845 
rand_471 -1.623919 -1.137100 0.004523 -1.628944 0.182039 0.000518 1261785111.834865 1.179655 4275966.899014 -0.148153 0.513261 -0.614981 4.685791 -16.322359 19.347492 8052436447.641059 
rand_472 -1.658292 -1.107887 0.007255 -1.628921 0.186733 0.000169 2237951632.501890 0.617658 4254618.415839 -0.147856 0.515855 -0.617062 4.676277 -16.412443 19.418765 7806480733.519257 
rand_473 -1.650426 -1.138139 0.001709 -1.628901 0.193720 0.001669 307008809.544886 0.821041 5022928.972103 -0.147363 0.523018 -0.624694 4.658516 -16.648604 19.673538 7279748743.781535 
rand_474 -1.606427 -1.127382 0.005582 -1.628919 0.192098 0.001089 873835045.472751 1.217744 5582306.048503 -0.147840 0.519534 -0.620734 4.675086 -16.531227 19.539380 8006135860.298743 
rand_475 -1.702573 -1.087004 0.000741 -1.628940 0.197732 0.001111 986950367.834027 1.391289 5012505.015344 -0.148558 0.516912 -0.617481 4.699649 -16.443524 19.429763 7942943432.828736 
rand_476 -1.649772 -1.127566 0.004305 -1.628914 0.190819 0.000635 1377134404.549110 1.319096 5026698.409036 -0.148498 0.517589 -0.618457 4.698080 -16.466842 19.462076 7100811713.828196 
rand_477 -1.631992 -1.131517 0.001071 -1.628911 0.199564 0.000502 1750895080.832593 1.236393 5403609.212629 -0.147932 0.517896 -0.618240 4.678335 -16.478006 19.456020 7154569651.335092 
rand_478 -1.655111 -1.127201 0.006430 -1.628921 0.196265 0.000425 959365013.326198 0.877237 3167290.914917 -0.148269 0.515071 -0.616592 4.689695 -16.382082 19.400538 7028146529.513654 
rand_479 -1.658475 -1.136605 0.001698 -1.628903 0.193158 0.001245 493758581.646658 1.022975 5128994.587235 -0.147974 0.514848 -0.616210 4.679869 -16.373173 19.386483 7485704519.131367 
rand_480 -1.694122 -1.150027 0.007388 -1.628994 0.189865 0.001297 611178946.493107 1.327773 4925067.380377 -0.146169 0.518593 -0.622432 4.618253 -16.495662 19.594032 6288755937.061569 
rand_481 -1.626254 -1.088817 0.008434 -1.628930 0.187000 0.000460 1502047696.816017 1.034630 4992899.877784 -0.148933 0.511771 -0.612587 4.712195 -16.270593 19.265128 7527383668.579375 
rand_482 -1.635414 -1.138126 0.001846 -1.628923 0.190638 0.000714 542826547.286066 1.057053 4415940.269566 -0.148689 0.517612 -0.617175 4.704270 -16.472570 19.422752 6198124155.387843 
rand_483 -1.630501 -1.160450 0.000414 -1.628971 0.190908 0.000615 2004478020.089267 1.444513 4794527.232367 -0.148335 0.518187 -0.619176 4.691504 -16.485468 19.486851 7715325541.923729 
rand_484 -1.660496 -1.133108 0.002469 -1.628925 0.191958 0.001308 770928442.116419 1.420294 5402646.418477 -0.149136 0.514925 -0.614854 4.719258 -16.376336 19.340830 6970461279.561376 
rand_485 -1.667377 -1.122863 0.004509 -1.628906 0.182914 0.001032 1271502238.451310 1.467980 6609047.785503 -0.148021 0.517891 -0.618144 4.681761 -16.476755 19.451420 11239907725.923454 
rand_486 -1.660154 -1.134156 0.001086 -1.628937 0.197210 0.001172 903625195.638673 1.462419 3308629.177180 -0.147851 0.515084 -0.617747 4.675513 -16.380116 19.438068 7421995318.255946 
rand_487 -1.620916 -1.130975 0.003095 -1.628913 0.201452 0.000612 1916777770.894315 1.322969 5571783.890249 -0.147459 0.516253 -0.617724 4.662826 -16.423505 19.439370 6167835124.679009 
rand_488 -1.665987 -1.133278 0.008107 -1.628903 0.190199 0.000578 807933494.773802 1.321089 6217863.515002 -0.148964 0.513015 -0.612849 4.713820 -16.313106 19.273318 6485961616.254122 
rand_489 -1.625915 -1.121489 0.007394 -1.628895 0.193633 0.000349 1176518122.756858 0.974429 3729440.493062 -0.148357 0.514262 -0.614817 4.693075 -16.355925 19.341222 7158256437.052289 
rand_490 -1.663383 -1.113620 0.001492 -1.628900 0.189944 0.000628 625394021.403027 1.399211 4820587.450007 -0.148145 0.514022 -0.614566 4.685455 -16.348553 19.332865 5301416431.173559 
rand_491 -1.679717 -1.133849 0.000249 -1.628894 0.199943 0.000757 1519326982.103993 1.461706 5275775.520599 -0.148034 0.512999 -0.614287 4.682004 -16.312858 19.323396 5651298389.946874 
rand_492 -1.707777 -1.078207 0.004316 -1.628944 0.199592 0.000875 369828276.275027 0.960645 7008946.511190 -0.147989 0.516655 -0.618524 4.680445 -16.432913 19.463371 7203756498.196239 
rand_493 -1.646795 -1.109182 0.003804 -1.628942 0.190155 0.001301 1201524196.740051 1.195987 7173327.671576 -0.148107 0.513835 -0.615770 4.683906 -16.338257 19.372062 8092361378.338179 
rand_494 -1.642333 -1.130109 0.000306 -1.628998 0.199586 0.001280 217777483.266510 0.862586 3729296.720354 -0.148524 0.517459 -0.618073 4.698248 -16.463616 19.451382 7715274711.303619 
rand_495 -1.686462 -1.156369 0.006432 -1.628960 0.191604 0.001398 176933906.171114 0.939928 4697767.628183 -0.149000 0.521437 -0.620586 4.714795 -16.596612 19.534161 7283259980.463124 
rand_496 -1.626032 -1.127715 0.001936 -1.628898 0.202757 0.000679 1581368777.810102 1.702840 5199490.998624 -0.148367 0.513862 -0.616276 4.692883 -16.338590 19.388519 8119300775.334578 
rand_497 -1.691772 -1.113722 0.006213 -1.628947 0.193841 0.000391 806134352.375793 1.220499 5556454.502757 -0.147681 0.517120 -0.617890 4.670646 -16.452451 19.443840 5778062701.463865 
rand_498 -1.643706 -1.113569 0.006833 -1.628920 0.198874 0.001350 1160115839.873308 1.777015 5200797.913979 -0.149079 0.518912 -0.618113 4.717569 -16.514802 19.452802 6643341817.438931 
rand_499 -1.642578 -1.167053 0.002873 -1.628925 0.190209 0.000569 969121590.179051 1.089294 4051886.031550 -0.148075 0.515049 -0.616812 4.683953 -16.380295 19.406409 7277292261.838648 
