1.458676052040338220e+02
4.187192219175757941e+02
2.585834866100324234e+02
2.752666789144577137e+02
1.540245110882299002e+02
2.626627592592839164e+02
4.386041903634612140e+02
2.640318751323699189e+02
5.607990628288114294e+02
3.682535411605188642e+02
4.144612531088674814e+02
1.156774833514915599e+03
6.350182174791689249e+02
8.758284037340529267e+02
1.373950096023569927e+02
3.214533858669986444e+02
7.002479511675857111e+02
5.016373138073624887e+02
2.902583030443001348e+02
4.386338022843804083e+02
2.555693209433230777e+02
7.440274856005630681e+02
8.283810896428668968e+01
3.111974148895500889e+02
1.169018184485955999e+03
5.887064027223294715e+02
1.246659821428845873e+02
3.207882959753505929e+02
1.493692917002703950e+02
3.756307006149750691e+02
1.306948257932741626e+02
2.190211405548782295e+02
3.084715812140744333e+02
1.211202363871489212e+02
2.793376520287803260e+02
6.533287334100238013e+02
1.196876956730630752e+02
9.434872371083887401e+02
8.058770543782454752e+02
5.183953043895420478e+02
4.962201766202510953e+02
1.675441460972256777e+02
3.135940336795127337e+02
1.808414355408422693e+02
9.710579847520124304e+02
2.759712172128665770e+02
5.606665776601315656e+02
5.368940455755127914e+02
4.264842053190182583e+02
1.988091089547575905e+02
4.307110252558946399e+02
6.686105338721951057e+02
4.307122548166248635e+02
1.795527534321907126e+02
1.257580369980971540e+02
1.050040765061376078e+02
3.603095542094370103e+02
4.544902174611353871e+02
7.665688175406675100e+02
5.265904291197687144e+02
1.518871246855526635e+02
1.870102441876871069e+02
4.948675573536287402e+02
7.409761257217649018e+02
4.029185468272568755e+02
1.474159295535475280e+02
5.189020883371758828e+02
5.908639744136609124e+02
5.523799531188985839e+02
3.589275279486838599e+02
5.142794523085668743e+02
3.644967208127642380e+02
4.367021623772245107e+02
4.872718434793781626e+02
5.823179125583542373e+02
2.734423181810124674e+02
5.074228068965651346e+02
6.917516865218524345e+02
1.738180821865032613e+02
4.965327924359063445e+02
2.703537640901255941e+02
3.095551316075697059e+02
3.119941702427245218e+02
2.121835533341946984e+02
1.286045725519215239e+03
7.282990472031438003e+02
7.035250379037711355e+02
6.904256052743237433e+02
6.135495748127763136e+02
8.249268436981375316e+02
1.112882589348335927e+02
1.982570361868944531e+02
7.691835808968477295e+02
2.249537710781290514e+02
6.680054875295388683e+02
3.625485842991447498e+02
2.962817161347979891e+02
7.685580418753546894e+01
3.040571508024472109e+02
9.654231128522602035e+01
5.095862190013651229e+02
2.964383826645052409e+02
1.394497080459277925e+02
2.145049639928263332e+02
5.633135145220855975e+02
1.479949501940810421e+02
6.433564835710706120e+02
4.628453900130774059e+02
1.071808088521814852e+02
3.995356154048794792e+02
3.229234281833557816e+02
6.743542218965708344e+02
1.034946882464138071e+03
2.989668718427826093e+02
2.332859918297738773e+02
4.043365377393685662e+02
3.332600378520270965e+02
1.938941448625417650e+02
1.659229702744471808e+02
5.141282163387513719e+02
5.372353511415395815e+02
1.127010242138419187e+02
7.129878397468415869e+02
8.277311643335581266e+02
1.875310656203241422e+02
4.484244869888395897e+02
2.295158512407753619e+02
1.674558226514390924e+02
2.941520144866845499e+02
3.366655112211249161e+02
2.810284004962097129e+02
1.589757472219868362e+02
2.587366693843374037e+02
1.431501735268812183e+02
1.514806524008249085e+02
7.224282021065858999e+02
3.509687862688395512e+02
1.997335336970852211e+02
7.736078477943166263e+02
5.100332667901897139e+02
9.045988952601766186e+01
2.348972287033165287e+02
2.632493621909870285e+02
1.659598570963534030e+02
2.765073056912370362e+02
7.777114042679896784e+02
3.295935902179427330e+02
9.899760061469839911e+02
1.401713577311653580e+02
1.152909914286296811e+02
5.005071425695134621e+02
4.470861101340087771e+02
5.737439806598293899e+02
8.499531178739911184e+02
1.998347675305389544e+02
3.129560965873234295e+02
2.086255119711569535e+02
3.431170163725232669e+02
1.174615759710225348e+03
1.890601268517312690e+02
2.612257101558540171e+02
1.042093704208468807e+02
1.177882292716809758e+02
2.835834276935807452e+02
6.177518035350485803e+01
2.605353118058425252e+02
2.314479010015079439e+02
6.572575897966132743e+02
1.121232331340386139e+02
9.715088236864218061e+02
2.765259540289785036e+02
2.103146210242794325e+02
1.691664490173401987e+02
7.022383025996090566e+01
9.038467114834721770e+02
2.050258704700805538e+03
1.320082015799240708e+03
1.965853459107832748e+02
6.896831555200667481e+02
2.907807638912441348e+02
1.668409398229412091e+02
4.532621936818406994e+02
1.350011573240373082e+02
1.299337277012757568e+02
3.240779857090205383e+02
2.248004858404298716e+02
4.881766977134166723e+02
5.913337690759943825e+02
1.198347306437170516e+02
2.430972716764640325e+02
6.453771641677723210e+02
1.847999038483509082e+02
3.367732002484122518e+02
1.124605426276921918e+02
4.389974448703392227e+02
7.273089434251443208e+02
8.036424302144876037e+02
2.506961619159343115e+02
1.267453742644537215e+03
4.033725621268859527e+02
3.205792706512153245e+02
5.315366445472106705e+01
1.663587470899115317e+02
2.052939147092657493e+02
6.136715062518552486e+02
3.673263499065482733e+02
8.005582820495506269e+01
2.147937058376367077e+02
5.081558300185571397e+02
2.588676176021045308e+02
3.091100306232345929e+02
1.260608163279107202e+03
3.776919567157736424e+02
4.388268433190229416e+02
9.633647257264988184e+01
7.385258161132499026e+02
7.796484747350373823e+01
2.312510688212805690e+02
2.071667406281600279e+02
1.811524119421905539e+02
4.121211941124943792e+02
6.926254943474531274e+02
4.131436763230560132e+02
2.330147712253689463e+02
1.260292576025020708e+03
4.866421034587235681e+02
1.367545109253130931e+03
1.578058201871944846e+02
3.427722270510943190e+02
9.175227056319927215e+02
3.094352494363744768e+02
1.783222705314356062e+02
7.955409570265451293e+02
2.993769303463067786e+02
6.933738869785727275e+02
3.943594721208887677e+02
1.624488464312460962e+02
1.393978615684706881e+02
5.798737507534901852e+02
3.852630793754200340e+02
2.807603562570245117e+02
3.306567503959954024e+02
5.551887821436632748e+02
7.154569001564923383e+02
2.280096393462712570e+02
3.144316719269665441e+02
4.673651527939257448e+02
4.823107708597795522e+02
4.385022392862481979e+02
3.350187195498004371e+02
7.476530503403680541e+02
2.606545791966726711e+02
2.290411383355211115e+02
7.553432354640561925e+02
7.340738840993514032e+02
3.509505477846748249e+02
5.202241735123313902e+02
3.049549350622870065e+02
4.271382291640944118e+02
1.514029851480334855e+03
1.778912070321037220e+02
6.331421127316607453e+02
4.952140885527588807e+02
8.716488194218953822e+02
3.145166140807450574e+02
5.785127294885447782e+02
9.585205638396640779e+02
1.102202829772542572e+02
6.734986525551347825e+01
5.689172375500060070e+02
3.377817474373649134e+02
4.197723406829984469e+02
4.418166226979165003e+02
1.116847922703254881e+03
1.710858957805881573e+03
2.263590565293619647e+02
9.732606403367848316e+02
2.825555149231273617e+02
1.373041245717158176e+02
9.517498852153826192e+02
3.597139344990457062e+02
2.408743283396431991e+02
2.654948474745283420e+02
9.176741465285965660e+02
3.540301875602676773e+02
7.256853084809054053e+02
2.631445421387368810e+02
2.975071783292380587e+02
3.085266040567511823e+02
1.541697017177885698e+02
4.987061434899421215e+02
2.762316791608822086e+02
4.245971369883324087e+02
2.243325355191917652e+02
2.249634026371823552e+02
8.144308009881159478e+02
3.031131555518304594e+02
6.208865686167124522e+02
5.258400896841596932e+02
1.323622126068296154e+02
4.258458583732522129e+02
1.883364278986100260e+02
1.871233637748661920e+02
1.997976757818443616e+02
6.730428953778045980e+02
2.009211868990714152e+02
5.688856788245973348e+02
1.563158999723656279e+02
3.441963657668570704e+02
1.560052309611998851e+02
5.863225918566397468e+02
7.757228971770617818e+02
1.024197242853511227e+02
2.352518545105871794e+02
3.510404081813741186e+02
4.577349257647586001e+02
3.612450449983364820e+02
1.788866389066008367e+02
3.867596597108708352e+02
1.618894987623959025e+02
4.014912317462744227e+02
3.721078041961424105e+02
5.605628847052174706e+02
1.672785609795008668e+02
1.036121112961486119e+02
3.496022319806081669e+02
5.131485638269585934e+02
8.097997629611839443e+01
3.789895531397191917e+02
4.305084551255929455e+02
1.797970261639252385e+02
2.325965156503100673e+02
7.733006625385531834e+02
8.279850686243459279e+01
6.114730516662443733e+02
1.654898575072316191e+02
1.244966101522985127e+03
1.038725732441642293e+02
1.636718495042257473e+02
2.417805145978060750e+02
2.927073830920849673e+02
4.804710406172067110e+02
3.451132082180150746e+02
6.234386243756521253e+02
2.107014203373238388e+02
1.028283687940355549e+03
2.414420780068164731e+02
4.547399207527616909e+02
4.212954590375429120e+02
1.570746414062977863e+02
3.828971996037125791e+02
3.749287239014207671e+02
8.679546042079871313e+02
4.496608103030631582e+02
2.133661858298658842e+02
4.588387639103023048e+02
3.711181102717196154e+02
2.215924594319245102e+02
9.920930023342185677e+01
9.479723672620028765e+02
1.095186136538825536e+02
2.552272981335370616e+02
7.498234299559725287e+02
1.141765995534850191e+02
6.110850227924697720e+02
2.986779250711838927e+02
2.718131502134876314e+02
3.335185529955531933e+02
5.113995136882385282e+02
4.530859566438443267e+02
2.503465568149786691e+02
2.406189895613368037e+02
1.125592148762913439e+03
1.668733182555033352e+02
4.832111167044739659e+02
1.434693469997642296e+03
4.337272401904876347e+02
2.341027275448141722e+02
1.753190684479039646e+03
6.089686413856002218e+02
2.449650768890433028e+02
3.365867168709974635e+02
3.970170651758379563e+02
6.852645241092779997e+02
4.362402573962432371e+02
5.286924656514524941e+02
4.033143629189894455e+02
1.892019361892818665e+02
3.230446423786754053e+02
1.185047557872093421e+03
2.655887039436008763e+02
9.280124980749690167e+02
3.745595482921760322e+02
4.986136190449940386e+01
6.766972523313752390e+02
2.593053412220583596e+02
3.600217345351742892e+02
1.228091405134829984e+03
3.239378157857769338e+02
6.958389513158502950e+02
3.881507027503121776e+02
5.562205885230956710e+02
2.682453748280024115e+02
2.314319167120152542e+03
2.970626921252680290e+02
3.663395249571626096e+02
5.757031832200208044e+01
1.838282434813044688e+02
1.817141162691069951e+02
1.051161714593748542e+02
4.749176271158306690e+02
3.805338814168597423e+02
1.226171241127822782e+02
2.205245859377393458e+02
2.585116597707094570e+02
3.831059175376652775e+02
2.459150150165227444e+02
3.895027072365694494e+02
5.789664373979912853e+02
4.165219968926950855e+02
1.800174249248149181e+02
3.447119615663906984e+02
1.877536161124916987e+02
1.571869412863233890e+02
8.934275163190886815e+02
2.746674729852699670e+02
5.068929686852399072e+02
8.248050147224528246e+02
1.954590682819132610e+02
2.812926535898101292e+02
2.242751560184487403e+02
2.563663836866800807e+02
6.213876146142719108e+02
6.958809613074656681e+02
2.736059522215242055e+02
1.078195656515242575e+02
1.267808265988413723e+03
3.040658601909528329e+02
2.698630668953786085e+02
3.502179345162595610e+02
2.525234940878109171e+02
3.462607982328753451e+02
8.724281559980585143e+02
1.826615952751259897e+02
4.528413765219272022e+02
4.280265867916692741e+02
3.990308807251293501e+02
4.243792998122972904e+02
3.792667166209867560e+02
2.959507593715838084e+03
3.975806138438496760e+02
5.703002884447009819e+02
1.000375323412895796e+03
1.075727313349351107e+03
1.299275798976247245e+02
1.838020128523933749e+02
5.836879506019878363e+02
2.653649238907030963e+02
1.130298292457782281e+03
4.024366614844097398e+02
5.214577303149120553e+02
9.889392815246307009e+02
1.543410205128641337e+02
2.546901850212247780e+02
6.501069769066978097e+02
4.442687766475268631e+02
3.073216345411479438e+02
3.599323864554459078e+02
4.830303712771334403e+02
1.902276972284574015e+02
4.646692384295517400e+02
1.365113652909145685e+02
5.500667395318017725e+02
1.484157673539945392e+02
3.353629965542585069e+03
1.605051158435765046e+02
6.605604973081329945e+02
1.407994583375129878e+02
1.802748129710050193e+02
2.383259612628941113e+02
2.624092648220728279e+02
2.408533233438354841e+02
2.424728597523070448e+02
4.222710130135682789e+02
5.922552223798905970e+02
6.262162020651907142e+02
1.950465506569286731e+02
1.411736546530727878e+02
4.723803260856534507e+02
2.909050519883892321e+02
2.194336581798628174e+02
5.151769291782240998e+02
2.974852511628826619e+02
1.726550201991212248e+02
1.702288919516335852e+02
2.413760915809620258e+02
2.217281209658240471e+02
4.583788057338105659e+02
4.352128569427607658e+02
7.530709047712387019e+02
6.834207977943319747e+02
4.459616768462341270e+02
3.101132497156896761e+02
4.928884768949657200e+02
4.068003725159159103e+02
4.919431496202245313e+01
1.181612984899047376e+02
2.318586767487914244e+02
5.854955073387868651e+02
1.248764419545384271e+03
2.915370462037158745e+02
2.366331635275810470e+02
1.535711105689659064e+02
3.839662001952337391e+02
1.370429453799409316e+02
3.484610971595815272e+02
1.961578686302478332e+02
4.783824267901609915e+02
2.342393112492613625e+02
3.851802889529193976e+02
2.675845883989100571e+02
5.476638704747938391e+02
2.588101356379673348e+02
9.490529462170668467e+02
1.717238328727774501e+02
1.039386621334128762e+02
9.402844363329867292e+02
1.010136806050012552e+02
1.277163173877408440e+02
1.239159500974580624e+03
4.502819433986062450e+02
5.202614701878143251e+02
2.032391138023007784e+02
4.320469429892650055e+02
6.726293531188781571e+02
3.316407063703438780e+02
3.375816364285236091e+02
7.227299568024576502e+02
2.316407371093621634e+02
7.336073682656318624e+02
4.913917940961206909e+02
2.768740221790213809e+02
1.420062721942115900e+02
5.116815954124269297e+02
2.836483894854933965e+02
1.070543690237584968e+02
1.394221453928923040e+02
4.812506845835524132e+02
3.501593254547863125e+02
1.109454164178940800e+02
2.363704473848933958e+02
1.034355668679696691e+02
1.483360508333194048e+03
1.199862740037151241e+02
3.990922562982455020e+02
2.094086396929048988e+02
4.817238605378938701e+02
8.111868099282520461e+01
2.094962458949322013e+02
1.203317805689034003e+03
9.749047679598605782e+02
2.504066003639704547e+02
6.067709040437486010e+02
9.559746558843754372e+01
1.229929598426490202e+03
1.957861314361484517e+02
1.243353327698529682e+02
8.183792278829945417e+02
1.071666689037841024e+03
2.208777772574914309e+02
3.195129341079429537e+02
2.234516577193923013e+02
2.019174384807219838e+02
9.377045105308289976e+02
4.101128091230946779e+02
2.336018864740429990e+02
1.871140396059954583e+02
3.295647980041770211e+02
3.348978127446633835e+02
2.318729191605829953e+02
2.157075768503633810e+02
4.810045675107225520e+02
2.796263938735907004e+02
4.617377607219488596e+02
2.291850994043495575e+02
3.084826472606462744e+02
6.962802611546005949e+01
4.797901713628543234e+02
5.652291701397488168e+02
2.809762466285700953e+02
1.409565347207969808e+02
1.638326145697003540e+02
3.992427750243017499e+02
1.674437319709253984e+02
3.714533704974895159e+02
3.934952958543412933e+02
2.367672881105678471e+02
1.921221429235245068e+02
1.193164707959346202e+02
2.011571600958770603e+02
2.454377405264138758e+02
5.381289344022178511e+02
1.433282549059729263e+02
2.385092682750891981e+02
1.606961076103353889e+02
2.533263972446363823e+02
3.169178437234459693e+02
2.524450071278660062e+02
1.069730130887764290e+03
1.670124635448051436e+02
1.999929710111589714e+02
8.454804882544674456e+02
2.237608922430394784e+02
2.712781888324531678e+02
6.721539229698645386e+02
4.492216521955907069e+02
3.019521428323320720e+02
5.334757642821419950e+02
2.412439138024647036e+02
1.795259080229145070e+02
1.607464171368797224e+03
3.763940529016454661e+02
2.219248506826572509e+02
1.903177625519450942e+02
5.018444947904023934e+02
3.548432345931173586e+02
2.414651322705078655e+02
2.653024212202508920e+02
1.679458026024267667e+02
4.965715235989078451e+02
1.068068174634100700e+02
6.296908382253626542e+02
4.160584524974069041e+02
2.641888490522596840e+02
4.944062671530126067e+02
2.075884799586211784e+02
1.278593562860216508e+02
1.973085325469336055e+02
1.052852360597783672e+03
1.883305874851415354e+02
1.074729319889999488e+03
5.318389115600533614e+02
3.112568436581767628e+02
3.751573197338452132e+02
2.502355889590774609e+02
2.145413384977616431e+02
9.940626561606167115e+02
6.208238610194717921e+02
9.250642163707199188e+02
9.488510933305244066e+01
3.295792453427569626e+02
2.627435004139009038e+02
3.835083937500198772e+02
5.282901943658863075e+01
2.559956711265225238e+02
1.795981447158141862e+02
2.665570854820334148e+02
2.742290321215568270e+02
1.388959958637576904e+02
2.978539144551565414e+02
2.281449934899882521e+02
6.740892515592111067e+02
3.137958865660551169e+02
3.853633910383261423e+02
1.906433912186616908e+02
3.574222382247274368e+02
6.038576648203104469e+02
4.779213415163332002e+02
1.771591060806593987e+02
3.324030340230725074e+02
8.207825067935792163e+01
7.716249761900687645e+02
3.088742623532173184e+02
5.880072949838123577e+02
2.585552067132376237e+02
2.593195836338499021e+02
4.284681015572079446e+02
3.803727064978083376e+02
7.273857909707822955e+02
4.082166215503264652e+02
1.459538793819367129e+03
8.375111928450222365e+01
7.173098481769148975e+02
1.071547831500587790e+03
1.651130996068172294e+02
9.707357373773039910e+01
4.988175211994200708e+02
1.898061628247846215e+02
8.836756652410251718e+02
3.279273305017233042e+02
3.363021760253486150e+02
4.052363712670920677e+02
1.525539564549018223e+02
1.945732722391930167e+02
1.183846686892257623e+02
5.586600370118272849e+02
2.669632503765785714e+02
1.015667062824303031e+02
6.751364274477710978e+02
4.001178124106327232e+02
2.362481060922377480e+02
2.849563347122515324e+02
3.506998198591066966e+02
6.653798630535751499e+02
3.449942482173674989e+02
4.966244971737009450e+02
3.515755744891969243e+02
3.146499189565783468e+02
7.337940565698349928e+02
5.217698338135963922e+02
3.687204668478150893e+02
1.125222255909909279e+02
4.213620602437624711e+02
3.728622421675188434e+02
1.879651005580873573e+02
5.383649075990234678e+02
1.126523541016045556e+03
1.515654920912092223e+02
7.307217941586234247e+02
4.944644663609090571e+02
1.971642640879226178e+02
1.052121796597252228e+02
2.786009402245977071e+02
5.515247936310394152e+02
5.123128723839943177e+02
2.669484956478161166e+02
2.868911509846271315e+02
3.622569734792972440e+02
2.687978574494422332e+02
3.117075801291919674e+02
4.326400011148017484e+02
2.983214549228179067e+02
4.828638682615845141e+02
1.696778438177123007e+02
2.108525538437451701e+02
2.789530044470137682e+02
9.439914594711680138e+02
3.735166758661717381e+02
9.580362193753564952e+02
4.776807574667893164e+02
2.716733901438207113e+02
8.807317894627260557e+02
1.847655786112992757e+02
3.582320064289631887e+02
1.477139955672286362e+02
2.659470184330621692e+02
1.273375102194427768e+02
2.712402773766051496e+02
7.727025837067013754e+02
1.653795044316954943e+02
4.010631396853738693e+02
2.718188881635618941e+02
1.274918200910838095e+02
3.257468070100945852e+02
2.750795807566778421e+02
5.600613263906869861e+02
6.007483106604042860e+02
2.642332157019413899e+02
2.133625996110694416e+02
1.407438207144710987e+02
3.171362956798461710e+02
7.222130289787995707e+02
2.247647261158596734e+02
1.521933877707684815e+02
4.848229683583817291e+02
1.138683896637796948e+02
5.498954207367261233e+02
4.002943568388116660e+02
6.937493128548627510e+02
3.202356084271223722e+02
6.893375464914842610e+01
2.462663619951794942e+02
1.917396470730357976e+02
3.327034566948198631e+02
1.007092721072201584e+03
2.400776754498629657e+02
3.608358062019657950e+02
3.571083928483419641e+02
2.655860398953520871e+02
4.034164164595966895e+02
4.493576211196728423e+02
4.368383362280949882e+02
4.407757995397959121e+02
4.371578170911605525e+02
2.893262960108029347e+02
3.221407103151845490e+02
1.152656829702662549e+02
1.043242318857270874e+02
2.219792587449689165e+02
3.963853783506938839e+02
7.340849501459231874e+01
4.234701421157030836e+02
7.163811199720315415e+01
9.997845194820311576e+01
8.662709257147564585e+02
2.380583268772856513e+02
4.613431741909464563e+02
5.369122840596775177e+02
1.931478014993058707e+02
1.450833503849498527e+02
2.566063529558588812e+02
3.918495288169586956e+02
3.558044436939570119e+02
4.047685234092481323e+02
3.254665696270014905e+02
5.576198286340717232e+02
1.368192677904373511e+02
2.322835924444722764e+02
1.539492004935046907e+02
8.956639848239417745e+01
2.642021692935036299e+02
3.848831451097859144e+02
1.363502928352574202e+02
2.829066569749957694e+02
3.858546005500439833e+02
2.882033996739409645e+02
2.759761354557874142e+02
7.641864411624964077e+02
1.497110071198738751e+03
2.889448247942560783e+02
2.822275295983445176e+02
1.847204947178583438e+02
3.453827894081130125e+02
3.785635103467022873e+02
3.307668985447431282e+02
3.663768216326456013e+02
3.502657849213434815e+02
7.641948431608194880e+01
6.292147932959840091e+02
4.322815841619462844e+02
1.360288651677023495e+02
3.563764968236860113e+02
7.557816763277693894e+01
3.207522288605978247e+02
4.550111413571665935e+02
2.297886087960930297e+02
1.199431369147636701e+02
5.357140771280903664e+02
3.979498919164886388e+02
2.582219957553514291e+02
1.712359021896734816e+02
7.901840683152138922e+01
1.775487743687409647e+02
4.905929894750626090e+02
1.709993142125027248e+02
2.675955519820877839e+02
1.112439947485461147e+02
4.837159538476182661e+02
6.522563515264945408e+02
3.657641929988197376e+02
2.406424536786049089e+02
2.003051769732374794e+02
2.901284819238690602e+02
1.322689709181222213e+02
5.444093256853290086e+02
6.132105234414216284e+02
2.537265167989247061e+02
1.163385771707664162e+03
1.161133626303500819e+02
4.005135260389711220e+02
7.750661068203426112e+02
2.544990907910717226e+02
6.084982319429016684e+01
4.537604731677572545e+02
3.979727412533916890e+02
2.068974668282446032e+02
4.104918212181811441e+02
8.706522604500622720e+02
3.167827969699115442e+02
7.387264394390621192e+01
1.390151607911936367e+02
7.009469564427087107e+02
2.526282116766669219e+02
7.446184944582161336e+01
3.257321547447263015e+02
1.793812297103267611e+03
1.738303777938053258e+02
6.472402560642191247e+02
5.609982516671050234e+02
3.511146941421575320e+02
5.376398766217778302e+02
1.995662109743828125e+02
3.933037917706114968e+02
4.789292739249207784e+02
1.259418563272631673e+02
3.100625303355686242e+02
5.259781078761254776e+02
1.308851003162737641e+02
2.967339895567259305e+02
1.943018467079997151e+02
2.096459449138349385e+02
6.099730900387854717e+02
2.079751768082714136e+02
1.111089479950116754e+02
6.186480508439756250e+02
7.182698277170244410e+02
2.004331537525732472e+02
1.811256689963085478e+02
1.467220474481337988e+03
5.854283938155964506e+02
1.475003593903551007e+02
3.793489947265164801e+02
6.456071944877153328e+02
4.245047150067784401e+02
4.373636660500761195e+02
2.996535815106034875e+02
1.296978569678643112e+02
1.729465285555745595e+02
3.212306304480426888e+02
1.879934829182763281e+02
9.910377318375181233e+01
3.988932723867403070e+02
1.900138561247955067e+03
2.528216625648862248e+02
1.063579253334901722e+02
2.564873929552113054e+02
5.474565870283597633e+02
1.824708084351554760e+02
1.015317867576924186e+03
2.354826020742894457e+02
2.710088125691435721e+02
1.028070564080452982e+02
1.894439547263443444e+02
2.204058308638801407e+02
2.740668325685636546e+02
2.392012035760134552e+02
1.172118726793962423e+03
1.395895705789888837e+02
9.056566248783375386e+02
1.931501581573720898e+02
1.285725015095419508e+02
4.303425668904091594e+02
6.983187703818903174e+02
1.531989635212897838e+02
1.698595114156004513e+02
2.417955767167511283e+02
4.424734130546356141e+02
2.390710750653998105e+02
2.838320038878710534e+02
5.672913484110949867e+02
4.158259630560035021e+02
2.694158141797656754e+02
2.563189431351729013e+02
9.547880273163310960e+01
1.845208960259880087e+02
5.037127098565584333e+02
6.708073490434991299e+02
3.492947393346621539e+02
7.973318122300921686e+02
4.480318472623266643e+02
2.657955775364582678e+02
5.264819203853279532e+02
3.336759367690197564e+02
1.339112542001026043e+02
1.043744389488772271e+02
7.305321344159888497e+01
3.109020129241177415e+02
1.573568255938803873e+02
3.810534732887665541e+02
2.072692040223439847e+02
2.787526885113841217e+02
2.665446874113371223e+02
1.825912029233216174e+02
4.788519140623118915e+02
5.282172404292273313e+02
3.458020696171137729e+02
5.592617020624753650e+02
2.428799468173998832e+02
1.185338553911575900e+03
4.634633467434007912e+02
2.746338649919776458e+02
1.758537224387558240e+02
2.949440565237264877e+02
2.206391400124369966e+02
6.757896315856937690e+02
2.562465015154848516e+02
1.572865357054702145e+02
7.050057364131233726e+02
1.232502454254449162e+02
3.164545042549461300e+02
1.062659132055129703e+03
6.799990327455589068e+02
5.467136249571318558e+02
2.002664458102359504e+02
3.894963545061300465e+02
5.952434648078714190e+02
2.072769912403019816e+02
6.023838313583685249e+02
4.732556708621669372e+02
1.335510953695460046e+02
1.688811909279320673e+02
3.056182830762338654e+02
2.979088348344391193e+02
4.528210887698787701e+02
5.631619711620875250e+02
2.582707683309830031e+02
3.251550809086822937e+02
3.948222992724176947e+02
6.978007154608961855e+02
1.532124886893220719e+03
2.023385630308180225e+02
2.353153818149812366e+02
5.534471093693244939e+02
1.030862691571965684e+02
1.906668553359298244e+02
1.482827698683437632e+02
2.059478360909477317e+02
3.155990373769043345e+02
1.907803847766856506e+02
3.217401809073194840e+02
2.903287978594987067e+02
5.107972338572252511e+02
1.753923297747454910e+02
5.324572781439534310e+02
5.763522888221760923e+02
1.404127614878627526e+02
6.634241442487860922e+02
7.851226840327092305e+02
1.468661109803564386e+02
1.858160333284731394e+02
3.411015614089249652e+02
3.296828358342769434e+02
2.545191736163317557e+02
7.268945814590643977e+02
4.347478780599540187e+02
1.505432148074359304e+02
2.772604116384890744e+02
8.228070809992599379e+02
3.936881319621955413e+02
3.227594867526614735e+02
3.736461895964202427e+02
1.639535213748374360e+02
1.466949971120692453e+03
2.740057643856300160e+02
2.590866843388698157e+02
1.259784357589868335e+02
3.930849299606346108e+02
6.867685842725043130e+02
1.402682881020633658e+02
8.596503559629545634e+02
4.052781763319190986e+02
2.455914356176898252e+02
4.147950788471187593e+02
2.260253332545048295e+02
1.682939732158638435e+02
6.889799492457823362e+02
3.604994188788598990e+02
3.159632947432282890e+02
1.626703722894717998e+02
2.394768301063682827e+02
4.417713338776871979e+01
2.197732218681884149e+02
3.400916821958479090e+02
5.706040924084563812e+02
4.314177152855813802e+02
4.878744307005740097e+02
2.485523203194234725e+02
5.131968240856192551e+02
3.399479260538078051e+02
5.067864067552886240e+02
7.442111000029407251e+02
4.983746744097570627e+02
6.706729170703297314e+02
5.403203190136299554e+02
2.054206619278712935e+02
3.651574047784623644e+02
3.537097845266544596e+02
2.579524145652534344e+02
1.471699149441118664e+02
2.234536045238818076e+02
2.110212085905719448e+02
2.773258857473725811e+02
1.187879646087338017e+02
5.084059431637601847e+02
2.161561615901007372e+02
2.463156468877819805e+02
8.149536716886367458e+02
3.054680717403602443e+02
3.620581944945803343e+02
1.992524680613915677e+02
8.036697879407347500e+02
4.061354875510562010e+02
3.926644201909036269e+02
4.925646925693444018e+02
8.032689511426871150e+02
1.440947835578630816e+02
1.454686127470815222e+02
4.085765754540947228e+02
1.338688343549104616e+02
1.762822243532331186e+02
2.885102775395219510e+02
2.536037656526923456e+02
3.671186566065373995e+02
2.010605371151615941e+02
2.517259190274830303e+02
3.474013182735369014e+02
4.359833816670241049e+02
6.074948079236581862e+02
4.292371917939526611e+02
5.707190563367307732e+02
7.988715296544944522e+02
6.801063119192695012e+02
4.038604928099899212e+02
2.816930805342810231e+02
4.377132711510317336e+02
5.540184452552941821e+02
5.171447386635269368e+02
4.219138256214430385e+02
5.337080487967569979e+02
2.578286387850792494e+02
2.531706528854767555e+02
1.798122932096586624e+02
8.027454656618012905e+02
2.444995856892656150e+02
1.522781249977586242e+02
1.314714983211885055e+02
2.863481974588463572e+02
7.983540895138654605e+02
1.637878380664419922e+02
3.175654123746885489e+02
6.615918938339885926e+02
4.593952426041153672e+02
2.746222866284348356e+02
5.313249551748266413e+02
2.472930452049027110e+02
3.315307631483844943e+02
2.486277333775428815e+02
4.071361450586567230e+02
1.190990434734762857e+03
1.761103932411866424e+02
1.002399795155182346e+03
4.048731385347099376e+02
4.664554827803605690e+02
4.133765756180361564e+02
2.821916674103801483e+02
7.528761218588949760e+02
8.502254655757320734e+02
3.751806813877191189e+02
6.314993171327095070e+02
6.404209073277003199e+02
2.006894147014272960e+02
3.479008273201836801e+02
2.440412669270808124e+02
2.419261150809414573e+02
1.349174447309890184e+02
4.018958596899068425e+02
5.514103420197359355e+02
2.583100118109554728e+02
2.113797280068216082e+02
6.656423742694744305e+02
7.156294485122981541e+02
3.212613694662978787e+02
8.034838168802909308e+01
6.479528889707685266e+02
6.807490647909854715e+02
3.507093489547658010e+02
3.810560348736211154e+02
6.996974153506354241e+02
1.270167997956470032e+02
1.041692047703267718e+02
9.212019611903500049e+01
1.939160720288971334e+02
8.664369164133344157e+02
1.055745926849538591e+03
1.380482137402796923e+02
8.065588458031454593e+02
5.332736040054170417e+02
1.312481281218674951e+02
2.733142389382825286e+02
3.924990442726907531e+02
2.357937834024261008e+02
2.415495621073154382e+02
6.942997462084189237e+02
1.145185198998768641e+02
3.920630625304380601e+02
7.792552202281594020e+01
8.409789639577838898e+02
4.998251462178250790e+02
2.293440201287288573e+02
1.122793873467749535e+02
1.015364898274854539e+02
2.647142813376350432e+02
3.664416809611640247e+02
1.612417251843649524e+02
1.553798968664952156e+02
3.567316349479276028e+02
7.167934326702278440e+02
4.190236406616962768e+02
9.321367521542671852e+01
7.095402539227342231e+02
8.725396361709306348e+02
2.574599754928053699e+02
1.908004676019456838e+02
2.968014104700989719e+02
1.318379074187903370e+02
2.682673019943577515e+02
9.814681631377078475e+02
3.821657134326333676e+02
3.227864346253318217e+02
6.407644670883992148e+02
2.541172097209481251e+02
1.272932460331553131e+02
5.641747193502017126e+02
5.491076821622399393e+02
2.286002383503475357e+03
3.298984188156399568e+02
2.350456981614890708e+02
5.536525484746632628e+02
1.046357206040462984e+02
4.327755601853070857e+02
3.879824578570621156e+02
2.941818313343920295e+02
2.716841488002099823e+02
1.247006147701187615e+02
4.286182104296873945e+02
2.861476765964283686e+02
1.058537029707109411e+02
2.637250997301831603e+02
1.368475476872321224e+02
3.692866795640756550e+02
2.180274505580822506e+02
1.957979147264796040e+02
5.679510077428512886e+02
4.635794377690112356e+02
1.226179438199357463e+02
4.300411195847199792e+02
1.916552172362282249e+02
2.756797088564132423e+02
5.136056530284132577e+02
1.259121419429498161e+02
3.055174590963569017e+02
8.144879755620706874e+01
1.117351017968697988e+02
1.799925263200282188e+02
4.416214299319960901e+02
8.114892818678830508e+02
5.175726257976391480e+02
2.162099548720472910e+02
2.396222256627152944e+02
3.902709777661606836e+02
3.764616787418069066e+02
2.592311577246691741e+02
7.206895007706783929e+01
5.697275180712126712e+02
1.941802226591033786e+02
1.969217332338891993e+02
2.495223412721629472e+02
1.883344810941205196e+02
1.942478484992647623e+02
4.196474378054882095e+02
1.965707961088091622e+02
1.247453912733771517e+02
4.542400018525381711e+02
4.442948023496495580e+02
7.465714467513622594e+02
3.909561504830687682e+02
2.639284895676382803e+02
5.306720584270865402e+02
1.011961474173640454e+02
4.288462939451408715e+02
5.939246584613297273e+02
2.678155408894007223e+02
6.409195966671936731e+02
2.433295561910790639e+02
1.356202411516967459e+02
7.974347879412471229e+02
6.870439034126765421e+01
1.011369748072228134e+02
1.431786583504643602e+02
7.146332993940417282e+02
3.582850824671505165e+02
1.095633901571409297e+03
7.905481207547494193e+01
4.223365895858460135e+02
6.648142651176797244e+02
2.744540417351847736e+02
9.639828873836105458e+02
1.604959966014941415e+02
2.936428738809844390e+02
6.228412627875596854e+02
3.501625018200060140e+02
1.274504248798334913e+02
4.547897179623350894e+02
5.905948030771396589e+02
5.649212676402260058e+02
2.130205768012834255e+02
1.223395507779379443e+02
3.803419674795531478e+02
1.804740018092986134e+02
3.807620673957073905e+02
5.484764051906726081e+02
9.762989873645216221e+01
5.465931280055715433e+02
1.923001218392220153e+02
1.961887101118971941e+02
4.295605662659972381e+02
3.675118086500212371e+02
4.575120678824084735e+02
5.591263479187583698e+02
4.278063929575679367e+02
2.514122785778859566e+02
1.480051965334994293e+02
8.602720013754685624e+02
1.847143469142073116e+02
5.298994844349394953e+02
1.841933205547819057e+02
3.002893668715149147e+02
2.332281000120599401e+02
1.669273164642382881e+02
1.737272996192562857e+02
3.432122048657201958e+02
9.989486231122784829e+02
4.048774419972656347e+02
4.523621552273288557e+02
2.738149775456594739e+02
3.047757265858592746e+02
6.973918865181022966e+02
3.823360075937670786e+02
8.274268480528318150e+02
2.871577607362937670e+02
5.435104143281531606e+02
5.715649941191135213e+02
4.933300941238985047e+02
1.435919956826024304e+02
1.187309949615675123e+03
1.174285827580953026e+02
9.888268791812109271e+01
3.024846450919060885e+02
2.489884045250703934e+02
1.489780864612760638e+02
3.876364389749029442e+02
6.687666880849315021e+02
7.168860595785700980e+02
4.585694901103868801e+02
2.345418856522865667e+02
6.993917670457845759e+01
1.900524848244028533e+02
6.310756309977588216e+02
2.355190790426189267e+02
8.162427636508649584e+02
4.561452062039945758e+02
1.088817011956351053e+03
1.892547048372865959e+02
9.486582572226702723e+02
8.458097031399804564e+02
3.356947730246261585e+02
6.024536089298077286e+02
6.108567343502278391e+02
4.230966630439025948e+02
2.609259022644717447e+02
1.267169919042647592e+02
1.563581148907694001e+02
3.428963102214510741e+02
6.603449143267698673e+02
1.576925981366212000e+02
5.034465099584685390e+02
5.712085239707474784e+02
6.369589766284071857e+02
5.817680939851630910e+02
4.771769449575868407e+02
1.719871637958302131e+02
1.624223084121524323e+02
2.684605479557886838e+02
6.363210395362178815e+02
1.315763183734387098e+02
2.751678017390702280e+02
2.146725941057112834e+02
1.161799638365696637e+03
3.830308118697284385e+02
1.635279908987914723e+03
7.823788167998570771e+02
4.792099211615906142e+02
7.891885339773225496e+02
1.351001369628190105e+03
6.385355808747156061e+02
2.867989339298615619e+02
1.092168589580108119e+03
4.003030662273172879e+02
3.333906786796115966e+02
4.120552076866399034e+02
3.854500750698057345e+02
1.846579920474061112e+02
3.961327036206362777e+02
5.180338135348611104e+02
5.239209503110942023e+02
1.733954206854944573e+02
1.142901289942408312e+03
9.535638971460153357e+01
3.179545683457992027e+02
1.656760334944638657e+02
8.285418547083415888e+02
1.791856270908295983e+02
2.988214762864355976e+02
2.986930896535230886e+02
3.085409489319369527e+02
1.637097609600737940e+02
1.115463642247829625e+02
9.887946032120429436e+02
5.244576535698297448e+02
4.098767334628948902e+02
1.456811218266190338e+02
2.727786627768829817e+02
2.171080465220696283e+02
2.187223572974378101e+02
4.936879987597830564e+02
1.956047712284428428e+02
2.676269057807080571e+02
2.737870050390472443e+02
1.347528885199295985e+02
9.555153124882486964e+02
5.281247159842791916e+02
2.692802551092602812e+02
2.776645272651505820e+02
5.174947536180593488e+02
3.372552905180477296e+02
4.328003563266996139e+02
2.966237389445840336e+02
1.783388696012934247e+02
6.785249943568285289e+02
1.432215905126274436e+02
3.329641235696238368e+02
6.023434607810600028e+02
8.966846226934080732e+02
8.142872497728642145e+01
8.443268528993503423e+02
2.530251548657355443e+02
2.467868760376339878e+02
2.015394510195773705e+02
4.779904018440132063e+02
1.814039595749121645e+03
2.197804967691754996e+02
4.654170162803062567e+02
1.979604046607319106e+02
4.393963348638973798e+02
1.270361653771477677e+02
1.009039423098302450e+03
6.416288482817350314e+02
2.203719154804052494e+02
2.220294658081190562e+02
7.314402674786412035e+02
5.926696868093647481e+02
6.274292661889345482e+02
2.910872319032483233e+02
6.679648095620478898e+02
2.286500355599209513e+02
4.955870553075884573e+02
2.277675183458145796e+02
3.804852113046223394e+02
2.820660472891105996e+02
1.217389103612316177e+02
4.434837021212894115e+01
5.842584667808040422e+02
2.377269602604947352e+02
8.219803038715896264e+02
4.667064156327170963e+02
1.630760248670460669e+03
1.694390016458694959e+02
1.202264481996822951e+02
1.792138045242301985e+02
3.836485636732634816e+02
5.406360087311107918e+02
5.959155222103239566e+02
1.477026221304742251e+02
2.559434147954887067e+02
2.516557316024670286e+02
7.282037562465527571e+02
1.678208997249165293e+02
2.845283451147451501e+02
3.335524683790280847e+02
2.574459380078021695e+02
2.108868790807968026e+02
8.268940384030752284e+02
2.635113610899153969e+02
4.039086506052564118e+02
3.588513976468051965e+02
1.369404819857569748e+02
1.357874614110049549e+02
3.645553298742374295e+02
4.611588425448095450e+02
6.137785804987775009e+02
3.533399941370445845e+02
1.298727619817363177e+02
1.756909081053975399e+02
2.604706574041124441e+02
1.230087392053533364e+02
4.512754284686138817e+02
4.633484852785206272e+02
3.716956964247345354e+02
6.359734837031459165e+02
5.366155500701207757e+02
5.957999435016844245e+02
1.317482519488793855e+02
2.125388963852246604e+02
3.845771894147526382e+02
4.123560402119640003e+02
3.078466569729465050e+02
2.119837497155359927e+02
5.933372358224731897e+02
3.383433493008871551e+02
2.360843695883318105e+02
1.552707733516893143e+02
2.775822491596208579e+02
1.861371536058456513e+03
1.259170601858706533e+02
6.347278362200515858e+02
8.895149516121744000e+02
2.575465570608907910e+02
5.031121719032462920e+02
5.968480415607921259e+02
2.339571270616787615e+02
2.040289016446706682e+02
1.507460923279201666e+02
4.762201417826970555e+02
2.285924511323895842e+02
1.311986383024766667e+02
1.627969145812889735e+02
1.994541160211455804e+02
9.160231538581105042e+02
1.302379415186079257e+02
4.007380233356281565e+02
1.497123391439982640e+02
3.410277877651125209e+02
8.361116453438636142e+01
8.822664861808132173e+02
4.302601863214852642e+02
4.072515188405078561e+02
1.425828337132846855e+02
7.932440351191233958e+02
3.588675868630862738e+02
6.062717023872843356e+02
5.109415023162362672e+02
1.211507704786157319e+03
4.701819739634367465e+02
4.110304712814061645e+02
3.049948957860187306e+02
2.896916804744628848e+02
2.396688465070689915e+02
8.616115053276354274e+02
2.712107679190801264e+02
1.899128272181301327e+02
2.783799266833429442e+02
1.523796662213949048e+03
6.618939559200429130e+02
7.836409608894150551e+02
3.216146632494441633e+02
4.104444831300681358e+02
2.423419115345399462e+02
1.868546022919216796e+02
4.385127930158491267e+02
4.230080322079334678e+02
6.556077242234632649e+02
2.592971441505236498e+02
1.511121940353394280e+02
1.385326606679814176e+02
2.344878874435516423e+02
5.143662388034406376e+02
4.373677645858434744e+02
5.791962627911458412e+02
3.208690371299675235e+02
1.152034876899965923e+02
4.117986393476032845e+02
1.074776453051323983e+02
5.097298726800109989e+02
6.545038860779195602e+02
8.793562183958064224e+02
1.547817155712492934e+02
5.960845868107275010e+02
5.802997935465070896e+02
4.606039008019092762e+02
5.413555066850705089e+02
5.103449604352973097e+02
5.324178297371926192e+02
1.134583311602555113e+03
3.145599560964848820e+02
3.925010935405744021e+02
3.908489737727524016e+02
5.022421552232303270e+02
1.708969532817129675e+02
8.983067206867342520e+02
3.379519391351044533e+02
5.647369359940890945e+02
1.874255283243146835e+02
7.431438412891207008e+02
1.976330341163141838e+03
8.953326182071508583e+02
4.057508399692896432e+02
1.990892438744565140e+02
5.758956094742982259e+02
7.745207966364956746e+02
1.762746420620635206e+02
1.402643944930843816e+02
3.897735179873976108e+02
1.396187726463313084e+02
5.832925443638318939e+02
3.070716238593390699e+02
3.876959702069237892e+02
3.129395999808598390e+02
6.347698462116670015e+01
1.788596910339304316e+02
9.749384784165471274e+01
1.353626481787183025e+02
5.455735147700470407e+02
1.175866837753211342e+02
6.223570207866463306e+02
3.386601661157039302e+02
1.857276074192924114e+02
3.299341785402101550e+02
7.231446261587201434e+02
3.573025609803205498e+02
2.885346638273376811e+02
1.920116873845942109e+02
5.065118048588756210e+02
3.927589939037354156e+02
2.656674982937283289e+02
9.161190595950666875e+02
5.710310573720208822e+02
9.121263685139006157e+02
3.851628701759081537e+02
9.371521303727832901e+02
3.030366153963750548e+02
2.250247782102985354e+02
1.252330145662985785e+02
2.064518535269386064e+02
1.694151276750246495e+02
5.297352356140626171e+02
6.156589887088413207e+02
1.990709029268975883e+02
4.526038663742087920e+02
3.349904396530056943e+02
1.063607943085273291e+03
5.201223248985126020e+02
4.341189577464529066e+02
3.027127286073595656e+02
1.310300860190440631e+02
3.102591575890076570e+02
3.634563075082203909e+02
5.524965564614799405e+02
2.071379484143943444e+02
5.034421040325186141e+02
1.557239689441649375e+02
1.808907204334447556e+02
1.560964233820236018e+02
4.425881720561216639e+02
3.871924650879038836e+02
3.245711420252279140e+02
2.294644146168949987e+02
3.646667075837154357e+02
3.064721105399687531e+02
4.615236122281044118e+02
1.302810786075593512e+02
3.761198608588092611e+02
6.410931696569413134e+02
3.479338205331109179e+02
1.527949503580224757e+02
3.544829732991665878e+02
7.700751148896423501e+02
5.454012738044237949e+02
5.395637293109756456e+02
3.126909213231753597e+02
1.312138028848158910e+02
1.308833584385726226e+03
1.476643008210494372e+02
9.024317944731859598e+01
2.486107244541083503e+02
5.559948616657084131e+02
3.302254819698751476e+02
3.263987815872870897e+02
1.710283113530567789e+02
2.056899357277867182e+02
3.643240699935642510e+02
5.797097068594016491e+02
5.035297102345458597e+02
1.398113013640029578e+02
3.542861411189392129e+02
3.155254686598802323e+02
1.815779424182365176e+02
6.807140223101745278e+02
1.931423709394141213e+02
3.120400738433189076e+02
3.068933375534589914e+02
4.130630376318332537e+02
6.883369914472780238e+02
3.396393063105257397e+02
3.254646228225120126e+02
5.459706628859040620e+02
9.587791814465843743e+01
1.887476134994702193e+02
2.405939884931559050e+02
4.893425262124416690e+02
3.393913448966006285e+02
3.225026110234422845e+02
3.555056604365166208e+02
2.378243004849694842e+02
3.073165113714387076e+02
4.844732607940318871e+02
9.036503916202157143e+02
6.927094118672897594e+01
3.615628864470951385e+02
8.664428592901971342e+02
4.503158587820811363e+02
2.444747895478731152e+03
1.791382890027166184e+02
6.569199729127770979e+02
1.769920907481395602e+02
4.483670050247023937e+02
3.119066665040913904e+02
8.701185286297580035e+01
2.824234396080242391e+02
1.601057135330474637e+02
9.558540564694209252e+02
3.724008495035084820e+02
2.694444014667429883e+02
2.711327932761061561e+02
5.640290164036721308e+02
2.004882790586441956e+02
2.666734838978263724e+02
7.487303504668180949e+02
1.799468276462221752e+02
5.472786081126621411e+02
1.632711151695723117e+02
5.949256233591128193e+02
2.731850325982165373e+02
3.307818582002939820e+02
2.044221561515486769e+02
1.722071527031431515e+02
1.417257274209359252e+02
2.395464027510191727e+02
2.831502124629710124e+02
2.545865945297047972e+02
2.249827682186831055e+02
3.038696427910905413e+02
3.134987427229216905e+02
5.422847472069247488e+02
3.428529682057112495e+02
5.273556257475345319e+02
8.262489288732930390e+02
2.537516203304997759e+02
1.314227257455569600e+02
2.327554363746893671e+02
8.084938670023094573e+02
4.121129970409596126e+02
1.674635074060028956e+03
1.192360370315002172e+02
1.559938575244454569e+03
4.085293398293758855e+02
5.124518127465076986e+02
4.905094818088027182e+02
6.130248597711603225e+02
1.163789477480748928e+03
7.480498910660425054e+02
5.973685556032465911e+02
3.572612682324644311e+02
1.105403786206849190e+03
2.761857755602877660e+02
2.350910894451125728e+02
2.450229687067572470e+01
4.640132677799861085e+02
1.437154640725940908e+03
2.889973885154724371e+02
1.259144986010160494e+02
2.251030602434550758e+02
2.280655843594956877e+02
4.318445777857517101e+02
3.751485078819453634e+02
2.302405748278384294e+02
2.198031411792901508e+02
9.443349167684725671e+02
8.259449199827492976e+02
6.078130592259935838e+02
4.864861541727756276e+02
2.427512527943048326e+02
3.088241577534614066e+02
2.852315513890296188e+02
4.294974488151798937e+02
5.982045544363934368e+02
1.815029392136938498e+02
1.565312780269402992e+02
8.840264999027109525e+02
1.287028349469439377e+02
3.034175742959509421e+02
4.768964001843111760e+02
3.493338803512403956e+02
1.366618840169708164e+02
1.446870219762463137e+02
2.218054808284329340e+02
2.171212642999193747e+02
3.552775769210631296e+01
9.060816430374125048e+02
1.653411831222707065e+02
1.169268195167764901e+02
2.462501727788984454e+02
5.209287118107403103e+02
6.342135724446424092e+02
4.803564865425090602e+02
3.241449967688168385e+02
3.546863631366217078e+02
3.977473217861869443e+02
1.874886457751319995e+02
3.181617493288391643e+02
1.709616076834430203e+02
7.696725362138935225e+02
1.847848417294058549e+02
6.595072760793160569e+02
2.942155417910785786e+02
6.130575455939049334e+02
3.520900431913945567e+02
5.313848962604242843e+02
4.401499531281203303e+02
1.925574074220179170e+02
2.426246080390934594e+02
2.157157739218980907e+02
7.825711405907403559e+02
2.687816682331612128e+02
1.514667173792159019e+03
7.738604200609801183e+02
2.431766808069565968e+02
2.953446883949857238e+02
1.653920049657859408e+03
3.012961721827664405e+02
6.654374474811065738e+02
6.178325446896654967e+02
5.949631249613840964e+02
4.502315314086677631e+02
5.541698861518981403e+02
3.442267973949296902e+02
2.354431536675286338e+02
3.830099093373149231e+02
5.495825999942825320e+02
2.436631770025420280e+02
2.600793497017239133e+02
4.545380678662193077e+02
4.947687826416354255e+02
1.990844280949298764e+02
2.196941201278784206e+02
1.383222008563275836e+02
3.397658486023429418e+02
2.716585329516640286e+02
4.506244785253632017e+02
2.290258712897876876e+02
1.295240790513283173e+03
1.166131790671794022e+02
1.437748928412207761e+02
2.187248164188982287e+02
1.960566347967940715e+02
9.554421536248013354e+02
4.196823778229049253e+02
2.441797974360175090e+02
6.994075464084889404e+01
4.952943173904048990e+02
4.784536388491188745e+02
3.991844733530110716e+02
8.174646396265086423e+01
1.898891581740736285e+02
5.327152809705087293e+02
2.270183060075414971e+02
6.659077544604108425e+02
9.349174037456313044e+02
2.486279383043312521e+02
1.041226863893672459e+02
5.684721365656708940e+02
6.200036415490293393e+02
1.004936071551417740e+02
4.056442780393383600e+02
2.146744384468065903e+02
7.227548554072443494e+02
1.315588995964274375e+02
5.003637962810500994e+02
5.289316152134779259e+02
8.437136094851594237e+01
6.478823941555699548e+02
6.752138897737741274e+01
3.212344215936275305e+02
1.365673103041390277e+02
7.740893232835869640e+02
6.078980013797720403e+02
7.686277169833997505e+02
2.179520374999628700e+02
3.291965445654798827e+02
3.871311919781818460e+02
1.522373445668733893e+02
9.810220375194309099e+02
1.355549719696015813e+02
1.218095076398243691e+03
2.703255866567249655e+02
1.864872710237722231e+02
2.747048721241471299e+02
2.053521139171622281e+02
3.733056012741528207e+02
5.227549168852808634e+02
3.467605122063104659e+02
7.316349479275908152e+02
2.333227761882858999e+02
2.758598395033886277e+02
3.628048452479987986e+02
7.361503047824891155e+02
6.045460139024382329e+01
1.462099354040024082e+03
4.869189595498086192e+02
2.641293178202388390e+02
8.289036529532050963e+02
4.883248597814066443e+02
4.302205329879360534e+02
9.836596502125141797e+02
2.017582103661601138e+02
3.346378631136186641e+02
4.251886581629563580e+02
1.316458910180895998e+02
2.430922509701490242e+02
2.592488838918629881e+02
2.119321081648672873e+02
3.311845393394369239e+02
8.564696872806963484e+02
1.232250394304756611e+02
2.707049061419940017e+02
4.129391593882648408e+02
4.097117673982587007e+02
2.203805224055167002e+02
2.664030830005748953e+02
2.295781489844391956e+02
4.876835413972092965e+02
1.277089400233596052e+03
1.650509043265475668e+02
2.720143883196648744e+02
2.869182013206916508e+02
8.709052425703024483e+02
3.507346574131292414e+02
2.606839861908034663e+02
1.197790930206751625e+02
4.198735745164522086e+02
3.255917798946942980e+02
1.048735381419472503e+02
1.702340151213427930e+02
2.313881648426986999e+02
5.393956893445140395e+02
5.030273322128619498e+02
1.628437403524310412e+03
1.264389062524495131e+02
1.878266725125448602e+02
2.343111380885843289e+02
2.150884930227039433e+02
4.953284377006681325e+02
4.227681654021488384e+02
5.555673843851729998e+01
2.197592868465794140e+02
7.654563724700122975e+02
1.632257238859488098e+02
1.913865582166779120e+02
2.683535761722606594e+02
2.159638377992174583e+02
1.124066468823514242e+03
3.265572924580896483e+02
1.067981080749044338e+02
2.448061561646640030e+02
1.602231365827822742e+02
2.694194003985621180e+02
6.970059069122113442e+02
7.068203631241211724e+02
2.200611440058453354e+02
5.761461324730779552e+02
1.761603953775484115e+02
3.772385561965096485e+02
2.228072654333694516e+02
2.811471555700689464e+02
2.292274167861475291e+02
8.216843895891863667e+02
4.593420641025338682e+02
9.860440758585689025e+01
1.663884614742248687e+02
3.491234205395865615e+02
5.840418591654992042e+02
5.672399117872146235e+02
1.373376301016139678e+02
3.157539620289104505e+02
9.002556769075071941e+01
2.893739414890984563e+02
5.192695220687195388e+02
9.345805041055544962e+02
3.151547560997227038e+02
7.656313799472784467e+02
2.656926018253033703e+02
2.305960203422625625e+02
1.224309481255500316e+02
6.095142589596297285e+02
1.878901998169388889e+02
4.827265673133780410e+02
1.074569476995072364e+03
4.603817601633184609e+02
1.946367995435870455e+02
6.275132861721652944e+02
2.830204938059341089e+02
5.342401412027542165e+02
1.353230973085632968e+03
1.937078664119153473e+02
3.264739897186180997e+02
4.058840423817288183e+02
7.214223189658820274e+02
2.862735016444862595e+02
6.849901271396533957e+02
6.000243043171004729e+02
6.593907752001289282e+02
7.616283400632998735e+01
2.311896932481643887e+02
1.260169619952000062e+02
4.498397113893083201e+02
3.975067377366430605e+02
2.245965836860038110e+02
1.532205832974626105e+02
4.983681167525292608e+02
2.520750118114677605e+02
2.178740628569888713e+02
2.644671396308633007e+02
8.939753880877901793e+01
8.915632973253057969e+01
5.820390071993854235e+02
3.230547862546995930e+02
1.907548713915338396e+02
1.928465591204050327e+02
6.068710107798663103e+02
1.608402736059522340e+02
1.153609739268573264e+02
1.763155249563428981e+02
1.638371229590444500e+02
8.726312384453310642e+02
7.259284541153039072e+01
1.548302832200924968e+02
2.789106870652158250e+02
2.216492241523023949e+02
1.241432139057580571e+03
6.009668650801986587e+02
6.415863259731486323e+02
1.886613393215673113e+02
5.660457009280007696e+02
1.961381956585645128e+02
1.895793088700613680e+02
7.717776466474028041e+01
3.506383418225963169e+02
3.538780294199045215e+02
1.372004316168016658e+02
4.732006480194901883e+02
3.247070084859158214e+02
6.129285441806273411e+02
1.538521676592124834e+02
1.145409593832031533e+03
3.676438839651243029e+02
2.907155971725431414e+02
2.646650989084267280e+02
4.975589633286585922e+02
1.058831099648417364e+02
3.075919329750051929e+02
1.982802953773742161e+02
2.876461012729744766e+02
1.322540112625713675e+02
1.248789010759988400e+02
5.584321584231621500e+02
3.791833114181210362e+02
1.488348426362069006e+02
4.225504306895079480e+02
3.809244718754889618e+02
4.795834002333911030e+02
1.041174607562638585e+03
1.918751036801469922e+02
2.543437562854888370e+02
1.381964782716638638e+02
2.189170377463873081e+02
1.215720999555001498e+02
3.808811298597491373e+02
3.262439593986751447e+02
6.600610907248803869e+02
2.995342116563791706e+02
1.491276830167846299e+02
6.079837632407039791e+02
4.766997729308721432e+02
1.594326314966530845e+03
3.838865861379528042e+02
2.009621722567449922e+02
6.362495200870774852e+02
2.436050802580397203e+02
1.927751421346588359e+02
5.960564093773268723e+02
2.861835387843927379e+02
3.645144469799580520e+02
8.012586193487979926e+02
3.824254581368896879e+02
3.380897524002818386e+02
1.409887082265707477e+03
1.104188570351827536e+02
4.848829094439793153e+01
2.233319804749854711e+02
1.024755873278602110e+02
2.937169549149794534e+02
1.337300989191853660e+02
5.848040843548335488e+02
3.748683729622464398e+02
2.941101069584632910e+02
5.426047403869612253e+02
3.830639075460498475e+02
5.314621536596389433e+02
2.632375789006558762e+02
1.237755752474260476e+02
6.455323962099610071e+02
5.430280166683351126e+02
3.743451948715431854e+02
3.412448052339941000e+02
1.082055452574151957e+02
3.858091068030263386e+02
3.364650928221010986e+02
3.892639675281208156e+02
6.056873536502532716e+02
1.201225503179797727e+02
3.228194278382590596e+02
1.829519765342433288e+02
6.455789145909205899e+02
3.300711720982341149e+02
2.711598436121707323e+02
1.191478160491078313e+02
2.364316180312212055e+02
5.897700752173529963e+02
1.203435638592345640e+03
3.665355374302365021e+02
5.149380870063813518e+02
2.014969287109910283e+02
9.114276706289602998e+02
1.853958309489247540e+02
4.288497777005431431e+02
1.938810295480862180e+02
4.292517415959267737e+02
8.680838105480531794e+02
1.422247241506117632e+02
2.688615896806246610e+02
1.075306188799255096e+03
2.738779925330825904e+02
3.311967324833448174e+02
6.211032786954115181e+02
1.339312345619684663e+02
1.042065014458097210e+02
5.758495009469154269e+01
2.836998261093737028e+02
2.676137904662525102e+02
8.557261104291034144e+02
4.669369582696309635e+02
3.432804454862467196e+02
1.385233364991106555e+02
2.395910767908833918e+02
2.303056390831452518e+02
1.032918107259295795e+02
2.859254334944433822e+02
2.187157996402100366e+02
8.031438433383885922e+02
4.518901063703233945e+02
5.364071395263506474e+02
8.065532103164653108e+02
6.811495941988505365e+01
9.976491823472375700e+02
7.084342640459125562e+01
7.591909408424519370e+02
2.219756725261724739e+02
7.060185870646317596e+01
7.225702163709248680e+02
1.533750980958920138e+02
4.789675952343455378e+02
6.883035883807740447e+02
2.700501650531585369e+02
1.620666579709399571e+02
2.022723716781751762e+02
5.073631732011501185e+02
4.438006213995003577e+02
4.012960389803539556e+02
3.336522677249632238e+02
3.180803933938570935e+02
4.592506667549217809e+02
1.084242021406037566e+03
5.077692356323011040e+02
1.223608631639282066e+03
3.914423392884716577e+02
2.129243636741446721e+02
2.832094363048093442e+02
1.247366818848715155e+02
1.382165610969239253e+02
1.942093222630516038e+02
4.546601017686923569e+02
1.942935471730708059e+02
3.454642478064892543e+02
1.965153634125556437e+02
1.803568861497463445e+02
2.636683350098052188e+02
4.472693146828096928e+02
2.051333545705795132e+03
6.845355995230534063e+02
5.343395306951126713e+02
3.366245258634513107e+02
5.125670840649646607e+02
5.408951386550019151e+02
1.465257275848773588e+02
7.296007421628567045e+02
2.944133986052477781e+02
5.044599753903419810e+02
7.880532395697643722e+01
8.702748877692827989e+01
4.413007195082003022e+02
6.392848956763829165e+02
4.767101217336847299e+02
2.530899117308598250e+02
6.765573897983141194e+01
2.444956920802866307e+02
1.893845259577176705e+02
6.019486693232692005e+02
3.130538466653749197e+02
6.193071978587610147e+02
2.478353839503183735e+02
1.643569197577396608e+02
1.962270314213220104e+02
1.418845456819210540e+02
2.344278438945598282e+03
7.236376800115332344e+02
3.131379691119999507e+02
3.903013069308391323e+02
1.605198705723390162e+02
1.069867431835970848e+02
2.070990123246044448e+02
4.747290944705321749e+02
4.042314102969358487e+02
2.230229508781266645e+02
4.377863275510849235e+02
2.141956270057849849e+02
5.629636020309474134e+02
2.008620655206272545e+02
1.950838473324116364e+02
9.812597525939376908e+01
3.616276433122193907e+02
4.455382981014660118e+02
3.910118905695048852e+02
3.276294694148305098e+02
4.848976641727418269e+02
1.837384855479993462e+02
1.270786876857341099e+02
3.164192568473468441e+02
1.111162228959987260e+03
2.045073032321155608e+02
5.256252239465559342e+02
2.764480818493987044e+02
3.529430509479759621e+02
1.636072975658898656e+02
2.782772583623706169e+02
1.566878420932533800e+03
2.418798016267703304e+02
2.667967473610296452e+02
9.795733075890639441e+01
3.582298546976853686e+02
4.529832883228719993e+02
1.012825855366976242e+02
1.843722216410270676e+02
7.130431699797010197e+02
2.566823807943433735e+02
5.761203116977436167e+01
5.907356902441426172e+01
1.953780197371137604e+02
1.464462159909905949e+02
5.773069402657879436e+02
1.614555662880268585e+02
2.843145040110832724e+02
2.167191979411415446e+02
2.756504043256766181e+02
2.401265504888887108e+02
2.697704399870363545e+02
1.975265746497570660e+02
2.797315213160234180e+02
2.691523807933187413e+02
4.772492841138806625e+02
9.502714409007023733e+01
1.029346233338043248e+03
2.925948782852710224e+02
1.174909829651533215e+02
3.278616514660513417e+02
1.831658176379052350e+02
1.361689326275518113e+02
2.673902153401431292e+02
7.004001093079489237e+02
2.336673605829265341e+02
8.678574689103007813e+02
4.056639510110216520e+02
3.092518399607852189e+02
1.004416787069693413e+02
4.113319185870953731e+01
5.657513235965102467e+02
2.688705039959186820e+02
1.582188501291499847e+02
2.909964493360013194e+02
2.228845228325841390e+02
1.023804398200210017e+03
3.483531007421116215e+02
5.754106502296256167e+02
2.526407122107573571e+02
1.373300478104443698e+02
2.792812971619791824e+02
4.430586839622143884e+02
7.533084149189570553e+02
3.727294496086564095e+02
1.685132448794174991e+02
5.410275213602876647e+02
4.575895302084115883e+02
2.195528231072987353e+02
3.206458718574348836e+02
1.236554881494424535e+03
4.617366336246128640e+02
1.217846090350376613e+02
1.392608680104467567e+02
8.664722662843279295e+02
4.886970068290827385e+02
1.937846114941591225e+02
3.808918885161384651e+02
2.943291736952285760e+02
4.042487266105529216e+02
8.893763186398434755e+02
1.494348682725481297e+02
2.128738492208119908e+02
9.740088280411160895e+02
2.411116335605732388e+02
3.359127126640554479e+02
9.297851147943513297e+02
1.282926739800255689e+02
1.380690138092990367e+02
2.770787440406008955e+02
1.705093342615150789e+02
5.102793838630195751e+02
4.097914839189338068e+02
1.126862694850794355e+02
7.950010774025898854e+02
3.760123767583102676e+02
3.286247988259334534e+02
2.090580099580074318e+02
6.364556764361756223e+02
9.906534941093282498e+01
4.319265485010988641e+02
5.975248122793771017e+02
1.372161085161118024e+02
6.678218731271613251e+02
9.438010824847741560e+02
4.034650865718340356e+02
3.435359891913414572e+02
2.887944085315940015e+02
3.995921751984690218e+02
7.533548308365224102e+02
5.558604296925391282e+02
7.341457109386743696e+02
4.392065726578686622e+02
1.068464707969592524e+02
1.083755320283663650e+03
1.491957187105227831e+02
1.037901926752403142e+03
7.365139473684480436e+02
4.382059151502681971e+02
1.925693956391374400e+02
3.214469306731650136e+02
3.503897656283060655e+02
1.317688470911103423e+03
1.232656149345725112e+02
1.675473224624453792e+02
2.527380524352321061e+02
3.022707015248499829e+02
3.081319150623546079e+02
1.816394204547468973e+02
6.746160158687107469e+02
2.080774352756669998e+02
2.375669124387794113e+02
1.150854498598966757e+03
2.046113035772122544e+02
8.165756672185686966e+02
3.045468233632523152e+02
2.567637367293254442e+02
1.698408630778589554e+02
3.436629413367354005e+02
2.556280324681904972e+02
3.153623469363394065e+02
7.509157922013675943e+02
2.323992736165059512e+02
3.171118069286362129e+02
2.014864774447842706e+02
3.922668622214699212e+02
7.863096199909360848e+02
4.817827769895496317e+02
1.987526516245622474e+02
3.200950286503019697e+02
2.203161753939691891e+02
6.760005012509243443e+02
3.915382450254278410e+02
4.138103031656168014e+02
3.734431071491476359e+02
2.659710973306953861e+02
5.150701623214844176e+02
4.654053354533692755e+02
1.398142728024342887e+03
7.833947413531909660e+02
2.526972720043468996e+02
4.569901193524354426e+02
5.173743591298931221e+01
4.897401866452696026e+02
1.746428100462898954e+02
1.089491221090081353e+03
3.296234070656502695e+02
1.126909828012119021e+02
1.357408405666512635e+03
3.591540745132246002e+02
3.014509943713783855e+02
3.308599353066621802e+02
2.258173325643114140e+02
1.181223624001148437e+03
2.164966474489739880e+02
2.425824955840838584e+02
2.820526245844725395e+02
5.536247808948394322e+02
3.216612840937978604e+02
2.950740825709459045e+02
8.389000841531856167e+02
5.997865892425936636e+02
3.288129216176552063e+02
1.178709172307874269e+03
3.271269889297524287e+02
1.761057823884483469e+02
5.406642886279055347e+02
2.341117443235023359e+02
4.674276554643779491e+02
3.828082613775608820e+02
4.981617554766427816e+02
3.062214850777947959e+02
3.675374244985671908e+02
1.388087995153071688e+03
4.679021634428438006e+02
3.208174980426929892e+02
3.989041335065238059e+02
5.770401255873330228e+02
1.341140292571926409e+02
1.393072839280120888e+03
9.325601308990353289e+01
1.650130953340936912e+02
2.397146476442692347e+02
1.220197625246898383e+02
7.872230811500860455e+02
2.878472369157575486e+02
1.796218137598706903e+02
4.376617320637572561e+02
4.723046056373515285e+02
4.500128745254792193e+02
9.334710304733306430e+02
7.497137941241957151e+02
3.771602741633531082e+02
5.249539862512568789e+02
1.657596436241179617e+03
6.799439074394879299e+02
1.266481365033731521e+02
2.250214993816846345e+02
1.835592770715716142e+02
1.323891604794999921e+02
1.300183624648717000e+02
5.219047781037365894e+02
4.409168916335872268e+02
6.582966710770326699e+02
2.522404901930748338e+02
7.583777913462081415e+02
1.429778300978638015e+02
3.462952259333211487e+02
2.917326488232130259e+02
1.464453962838371410e+02
8.689300557206183839e+02
7.363743922255695225e+02
2.329332103635985334e+02
3.027526893310912897e+02
3.607273999309192050e+02
1.098532590992873423e+02
1.173072660993814935e+02
2.316328474280099954e+02
9.920441272951929079e+01
4.982414719973179444e+02
4.321781985972146458e+02
2.733776637792823863e+02
4.714536471486537721e+02
2.914486202945351465e+02
4.838949573972576559e+02
6.858821734494189286e+02
3.830069378988835638e+02
1.099168888670755706e+02
1.346753237305323410e+02
1.950753428706943851e+02
2.897095091050508927e+03
2.834987929299848020e+02
1.802509390001601446e+02
2.144073163781690141e+02
9.491082764499262225e+01
3.383214221345317583e+02
4.557802315939113100e+02
2.014050190464080288e+02
4.717668777446741046e+02
1.392614827908118514e+03
3.571401565005390353e+02
1.371178461210894000e+02
2.506812022603834578e+02
2.151251749178217949e+02
3.378890266110755078e+02
5.139342531335611142e+01
3.621087089479130441e+02
1.416601508486581906e+02
2.831647622649451250e+02
4.493697118001865647e+02
3.081668550797713237e+02
1.014626137202788300e+03
2.821159469620781692e+02
2.578620418515832284e+02
5.738631455872653078e+02
7.401534471298620019e+02
1.240874738193219855e+03
3.618324676371931332e+02
8.534093106232099899e+02
3.805212784193751077e+02
1.880923600936638422e+02
7.409147501486487499e+02
1.195826706940245288e+02
6.623468441223359378e+02
2.191910248624351993e+02
7.679351669021104954e+02
2.218428799673100684e+02
6.295882723677846116e+02
4.423990246304580864e+02
1.794634053524623027e+02
2.596241048413646126e+02
1.242347137167643325e+02
1.248701916874932039e+02
1.318121891068501554e+02
2.898237557895660075e+02
5.105291896180400499e+02
2.827819590242738741e+02
1.716863312705061162e+02
5.862971809348821353e+02
4.020863391396948145e+02
3.642657683222736296e+02
1.655918085844446352e+02
3.395682991783563125e+02
1.138257648917991673e+02
2.635752982478862236e+02
3.262455988129820526e+02
3.509690936590221213e+02
1.645265991385082884e+02
3.077316930446721130e+02
8.756512445255089006e+02
3.104146970213788563e+02
3.786661786676746146e+02
6.388800628059620976e+02
7.123646573834148512e+02
1.382315207524747791e+02
3.510519865449169288e+02
2.571281990224377410e+02
8.552089776786569928e+02
3.071881247385261986e+02
3.134284528345114609e+02
2.726077538353841305e+02
1.161910298831415275e+03
4.770136183072576159e+02
3.529785032823635902e+02
7.210869562767179559e+02
2.429693973605224642e+02
3.225043529011434202e+02
2.779305222364521342e+02
3.071665049623534287e+02
2.962299721207350558e+02
4.473545642267707763e+02
6.000525842138952157e+02
1.868970221371138507e+02
2.177017194279714545e+02
2.431792423918112149e+02
4.368735836356942741e+02
2.156118760401955683e+02
2.233268573052762633e+02
5.909025006498741277e+02
1.604493757571404444e+02
5.627640033390771350e+02
6.538755805447834746e+02
2.719098756575972402e+02
4.933878834782182707e+02
1.803028879410114200e+02
6.322113352588937687e+02
1.421410115575634734e+02
1.175212096664375991e+02
2.346457835339891176e+02
4.757550604364960805e+02
2.127785582642209192e+02
3.825080436326019253e+02
4.851105831058560511e+02
3.775795543723538117e+02
3.036563140043995759e+02
4.608678465053271367e+01
6.361622212752328096e+02
3.526902737545241280e+02
4.455850214092138799e+02
3.523916954238720791e+02
6.155185113954152030e+02
2.497398710580154955e+02
3.355444592253583096e+02
4.977790546993657586e+02
3.497722187515593646e+02
5.863658314089854002e+02
1.269561414662901143e+03
2.463713869742180691e+02
