7.738474072099187140e+01
3.470509959288219761e+02
1.042544543142878183e+03
5.913755741408214135e+02
1.607305353107812152e+03
6.521390309401539298e+02
8.522814960434272962e+02
6.850451499823301447e+02
7.932254892447760994e+02
8.358160384516428394e+02
1.691357099990850088e+02
8.769602143862089179e+02
1.004254894906882782e+03
7.816428222394338263e+02
4.286453632291461417e+02
9.943574433456839188e+02
6.470218041078189799e+02
1.781535133212146320e+02
5.199623795401913640e+02
1.363514199325934214e+03
4.121372808653812285e+02
3.762527558810658235e+01
2.027399121458365698e+02
5.602983242214344273e+02
2.806377075741863337e+03
1.880467638832519697e+02
5.280694882148141005e+02
1.314211887946441948e+02
4.658992090133359056e+02
2.073300672784892527e+02
5.891294740769150167e+02
4.206479928496945035e+02
1.422980879408474664e+02
2.942184107661157100e+02
2.718520863032775196e+03
5.144600952725132004e+01
1.301453146102656319e+03
1.328401018773035730e+03
5.496257370832339575e+02
2.912709487690201513e+02
1.374693980265345488e+02
2.910930723167168139e+02
3.637215852357626318e+02
2.022871264069376821e+03
9.736805353261506752e+02
3.036069266484029185e+02
1.278087393692947671e+03
7.014112180817561466e+02
7.149538048910491739e+01
1.489962224820466190e+03
6.579395861483016006e+02
7.525083807371687499e+02
1.115302774718960848e+02
2.739028911378692897e+02
2.527835461822498075e+02
6.126155185113954076e+02
3.637051910926932123e+02
9.206251947444885673e+02
9.620268611886389181e+02
1.287984332937175793e+02
3.360772688751148394e+02
9.529160211045901860e+02
1.736536284388380182e+03
4.286667780785306263e+02
3.986353720235792935e+02
9.999575801548078289e+02
4.196396505875302410e+02
8.248905716565964212e+02
1.486168005333834401e+02
7.574404562162133061e+02
1.935763034137831369e+02
8.002958732970455458e+02
1.480803022014362796e+03
2.340067193444638178e+03
2.653201473874447061e+02
4.938817570381849578e+02
3.635403274914512508e+02
1.873789074799609864e+02
5.478956426724379298e+02
1.137596760025505091e+03
3.747296375265213442e+02
7.946867197092334436e+02
5.863205425887560978e+02
1.067444172563520397e+03
3.745130299112165062e+02
6.947822463316311996e+02
2.673855020240106342e+02
4.571371543230894190e+02
1.494975758697886931e+03
1.357031340375915534e+02
2.363943213557382421e+02
3.512682867700392535e+02
3.948607230452366821e+02
2.511271229518720247e+02
2.810007353797800533e+02
1.318146482283105740e+02
1.303518808129404647e+02
2.833575983727993162e+02
1.774465159013453786e+02
7.804716656439112512e+02
1.756836332044104665e+03
2.137446856079814097e+02
3.652912219712666229e+02
8.063951092992394933e+02
1.832266808940505030e+02
1.720154436926249900e+03
5.087712251640259637e+02
6.886801413544001207e+02
1.452175774313308239e+02
7.481174144428097179e+02
9.239867113174815358e+02
1.518669393968984195e+03
3.197352796733221112e+02
3.084683023854605040e+02
2.776407557576998784e+02
1.880445096885799330e+03
7.960131083469447049e+02
1.304443027944943879e+03
9.103238324834165951e+02
1.476849984266745878e+03
1.956514945361907394e+02
2.745296597200925589e+03
1.000262101362322596e+03
6.628174584918228902e+02
6.449762249063305717e+02
2.195819227112469889e+02
3.869199124593745296e+02
1.131461251981770175e+02
4.607453002858831042e+02
7.478844126844353468e+01
1.693428909821249420e+02
6.757490560815969047e+02
2.519371985462903467e+02
2.314200309582899138e+02
4.022543791061564775e+02
1.148846216072961397e+03
1.327354867518417620e+02
3.530627281923827923e+03
9.310371150078850633e+02
1.270811468071945285e+02
1.550292671315977202e+02
2.461208639754382830e+02
1.550663588802923130e+02
4.133507548427018037e+02
2.880439666325907638e+03
8.020278120489368803e+02
1.933823402085929274e+03
3.026827068328636301e+02
4.080282938318163701e+02
1.016061341965122892e+03
6.023612894116480447e+02
8.139755561277567040e+02
9.034681092419624520e+02
3.768604662719708358e+02
3.210374869500059845e+02
1.154634373210412832e+03
6.579876414801739202e+02
6.127282282449978084e+02
8.880763655578317639e+02
3.069217199136479621e+02
2.002878606596204065e+02
1.346708153411882449e+02
8.402901025586851347e+02
1.701347280923785377e+02
8.414425083530720713e+02
7.409015323707990319e+02
1.706553445982272024e+03
3.390120254113315923e+02
7.642350088113396396e+02
9.244579404673335148e+02
9.098053677088457789e+02
2.353888480686111393e+02
1.382402301409804011e+02
6.887015562037845484e+02
1.899809653752624399e+03
1.692147092760008263e+03
1.859296652326231651e+02
3.422694391758336224e+03
8.909309957197966412e+01
4.476510932895391193e+02
5.144471848848460240e+02
1.046082604144049952e+02
9.261608820786707952e+01
7.295869096046419600e+02
9.458747366562690786e+02
4.680321894900632742e+02
4.743631976899013125e+02
2.870204597880872370e+02
3.954825733845390801e+02
2.380755407275085417e+03
3.708020107006620947e+02
4.620042680102213239e+02
1.187996454356707687e+02
3.100120158822359713e+02
1.335436155417705777e+02
3.090156618371912032e+02
3.370570238503017890e+02
1.341803230732296697e+03
4.555233558646921779e+02
7.195004130811736331e+02
5.581544826249236024e+01
3.974124714139938419e+02
6.949189324994725894e+02
8.286730078528969443e+02
6.453975543832149242e+02
1.784257585595614160e+02
1.771746805165753585e+03
5.007379925966098995e+02
8.686671346511424190e+02
3.368451295511293893e+02
1.147388161973723754e+03
1.580803196202132881e+02
8.230202048591625044e+02
4.952457497415617240e+02
2.215875411890036503e+03
7.798563729618365414e+02
8.547250430679261513e+01
5.020620245762549416e+02
1.089131574576495723e+03
7.090574464093393772e+02
3.272087547183112406e+02
9.674732004430927645e+01
1.184759635734436642e+03
1.293453828918715089e+03
3.544072528508646087e+02
1.204422361078336962e+03
3.433529895693289546e+01
2.585369682290728974e+02
7.528067541410324566e+02
1.084592446214146690e+02
1.805923470295810773e+02
3.589481230909148621e+02
6.576125229940664667e+02
2.133808380952341849e+03
1.002818870437394708e+03
5.698097961767423385e+02
7.162949482575228330e+02
9.877413819832261197e+02
2.784814679069792192e+02
1.437504040900108066e+03
2.277238689398922133e+02
5.925125079626865272e+02
1.486514331606176256e+03
6.906482582298854140e+02
3.561358103107478996e+02
3.776392905311630557e+02
3.495287657269782926e+02
6.445670885733539990e+02
1.030819656946408486e+03
1.923137494706485029e+02
1.284182941012951176e+02
7.517237160645080394e+02
2.423082010778534254e+02
1.015755693660272186e+03
6.508188925694878435e+02
3.333455947861706932e+02
3.014177962316627600e+03
7.506253084788561125e+01
3.712328692732056084e+02
2.641311621613341458e+02
7.667415708232615543e+02
5.038447851716615560e+02
2.322096138738714671e+03
1.941317574736543520e+03
1.360169794139770147e+03
1.883425757022610583e+02
8.527001614720628595e+02
1.407937203874386796e+03
1.686542345098146143e+03
5.657296013569432489e+02
1.528037622099222972e+03
3.067358513165982458e+03
3.445658487662843754e+02
1.114602949736684423e+03
7.170008185800561762e+01
1.144551975222711917e+02
1.579987587584428638e+03
8.591903977864627677e+02
9.196824290546020109e+01
6.639406622188673737e+02
3.426466069298247703e+02
2.196473968201305240e+02
1.363118690624384271e+03
1.066930830958658817e+03
3.058170620609507750e+02
7.030457141457785610e+02
9.577721712085444778e+02
7.565625498548452015e+02
2.210412063712148267e+02
1.613438811883663448e+03
4.373447103221520820e+02
9.944678988846142147e+02
1.218742645049486327e+03
3.255005874738705529e+02
1.361158565893645346e+03
8.737895871165807193e+02
4.096752904299292197e+01
2.543085088778895511e+02
3.749502412141994228e+02
1.175850443610141980e+02
3.900147168173066348e+02
8.614838359384822297e+02
4.644680003233744969e+02
2.790854896156936320e+03
1.939901530628921478e+02
2.188590434652791828e+03
2.841633705046619411e+02
6.011297818769511423e+02
5.866364372330252763e+02
3.028874286944432015e+02
1.967781820186374659e+02
1.559691638464471168e+02
1.454482225316388906e+02
2.640774713427817346e+02
8.147542779235546959e+02
2.685471295238741050e+02
5.463180137921876849e+02
6.362910177617219460e+02
3.322849961929725850e+02
9.329719312802606055e+02
9.782534766085805131e+02
1.090953373725086379e+02
6.014417829122412513e+02
1.811115290479111763e+03
1.210889850519228190e+02
5.540184452552941821e+02
7.548129873991542809e+02
7.205712580137901568e+02
1.333878711826109793e+02
9.688753095291059481e+02
4.318736773896999352e+02
1.439522569765531898e+03
7.844132274913795300e+01
8.179772639876109679e+02
8.842840928756893959e+01
1.661866085876824854e+02
5.382147987265439042e+02
4.845952946965049364e+02
4.665065095506641910e+02
5.338235250420023021e+02
2.081404502630901334e+03
1.195653543804074388e+03
1.491128258246279529e+03
5.340893150865155121e+02
4.796030732050744518e+02
9.280823781098024483e+02
5.600254642027226026e+01
2.487965930511580268e+02
4.607723506219476803e+02
7.051233643896465537e+02
4.632954092403332993e+02
2.508180933550132181e+02
2.173196334310595148e+02
7.792932341474015630e+02
7.821536022594408166e+01
2.397377019079606271e+03
1.276411092564098340e+02
2.936378531746694307e+02
9.401541028955847423e+02
3.299143006417384640e+02
1.149199714782895853e+03
2.542411904279107091e+02
5.839265878470422422e+02
5.773159570444761357e+02
5.477549604322233563e+02
5.229590239664952378e+02
7.869711236637876937e+02
2.488249754113469692e+02
2.077399208552250457e+03
9.690247011578261436e+02
9.632512987491371632e+02
7.695848275484720489e+02
3.120836207858470743e+02
6.841646820361074788e+02
3.336529849687225351e+02
1.741905366243619255e+02
1.595484151320809588e+03
1.484466088356439059e+03
1.905595761622192185e+03
1.419215349672214415e+03
7.245758348486815521e+02
1.838696386925547870e+02
9.809270539530223232e+02
7.403280447535514668e+02
7.841643439069066517e+02
7.771436546008164896e+02
2.387049733579805491e+02
1.519751407411566788e+02
6.993271126440545231e+02
5.580657493255603185e+02
3.601619044584179505e+02
3.653700163213940414e+03
1.850153843663197449e+03
3.536620365849647442e+03
3.168515499074089348e+03
1.165501640797562686e+03
9.954356656426816699e+02
2.896024348581286631e+03
4.112000481987806211e+02
4.190037627632246426e+02
9.799936124320065289e+01
2.589385222708797869e+02
7.526309269566128251e+02
5.385570264631184045e+02
2.327814620768120903e+02
8.964693471022276299e+02
5.910290429416912872e+01
3.609490282525390512e+02
4.462000067011059627e+02
1.782813876371562287e+02
8.855697010825154791e+01
2.407981980377645414e+03
2.143829300903532385e+03
1.036941844748899712e+03
1.538017556692739731e+02
1.641164381715899026e+03
1.076214014471724795e+03
4.025107425184047543e+02
2.066973558194033558e+03
1.781916297038510777e+02
7.419064933409551941e+02
1.802936662355348517e+03
1.584119936271867459e+02
3.579819957471543717e+02
5.885204316618855955e+02
4.415412010943500150e+02
6.525879230700737708e+02
3.943511725859598869e+02
3.561802794238237198e+02
2.137316727569200339e+02
8.968384202480782506e+02
2.231594321191796837e+02
6.666556347745595303e+02
3.520278479111248657e+02
4.431477246517601998e+02
1.582686473387233946e+03
1.195716046474526593e+03
2.508060026744995241e+02
3.319027052692722464e+03
3.556941930818150581e+02
1.959960789308313736e+02
4.754883482214352597e+01
5.559377895551480151e+02
1.448808827180423577e+03
2.217912384166413631e+02
6.365898010191624508e+02
6.784700739775460079e+02
1.948744121546996553e+02
4.553201709540254001e+02
3.275380720672184225e+02
1.571942161873104737e+02
1.474845800276507816e+03
2.800719047115025546e+02
4.818713053621245876e+02
1.369035951638507413e+03
2.634628959044663929e+02
5.741636707224068914e+02
2.972131083879301059e+02
1.331716734208828484e+03
2.323192497056482750e+02
6.230850232023233275e+02
8.684249111872915137e+02
1.726108584762279179e+02
1.119822435036415072e+03
7.201246200785422502e+01
1.553804091834661449e+03
7.127893681523073610e+02
4.050339036001845443e+02
8.916428089191925892e+02
3.265398736810784044e+02
3.796081246504077171e+02
4.018436033588729970e+02
2.082058219085795088e+02
2.398944709010620500e+02
3.625342394239589794e+02
2.614850450065335963e+02
1.360058109040109684e+03
1.695014018529275290e+03
1.060452070544407519e+02
1.203596506121214418e+02
5.038773685310120527e+02
1.347167189417826592e+02
3.629181697619662827e+02
1.577815363627728857e+03
4.682483872517913710e+02
4.160481036945943174e+02
1.406487346846683977e+02
6.691138340644266691e+01
6.369334632432553462e+02
6.120114968026809947e+02
3.988729846346918748e+02
3.767148657888354592e+03
2.671817023329787730e+02
4.744664807912387232e+02
8.872197715824538591e+02
1.495285198148322479e+03
3.816054435932354636e+02
2.326013314298366907e+01
2.261954224888501983e+02
5.831828060686609660e+02
5.292800932170974875e+02
2.897978325508374837e+02
1.925668340542828503e+02
1.593765840200344712e+02
7.274559783957982972e+02
3.865460235339972996e+02
4.164790647305320590e+02
1.734005438552036367e+02
1.195817485234768810e+03
1.453895110067714995e+02
6.275484311163704660e+02
8.119049758580874254e+01
1.705460161566329305e+02
3.070629144708334479e+02
3.961454090815150721e+03
2.995273466089688554e+02
3.360358736638645496e+02
7.918148756970456361e+02
3.832399396572578780e+02
1.873840306496701658e+02
7.228639789220502507e+02
3.793094438563614972e+02
3.134278380541463775e+02
2.755073654273958255e+02
4.188584696702717736e+01
3.878276356684501934e+03
9.571236803867542449e+02
2.944004882175806301e+02
2.369271310054948117e+03
3.368166447275462474e+02
1.651470149902921094e+03
2.242674712638849428e+02
4.621213836697735928e+02
6.039495744848934464e+02
4.107472624598817106e+02
9.442979274831722023e+02
5.772386996452614483e+01
1.801631278713444999e+02
4.182083394341746043e+02
3.365550556821946202e+02
1.127594283485267823e+02
3.589799892065060476e+02
6.937047412783927314e+01
1.757465457284394233e+03
6.457295357803709521e+02
2.510775306690869968e+02
1.342046068976512515e+03
9.309404920271696255e+02
1.234772018435623693e+02
2.008655492760295260e+02
6.018082944732371971e+02
3.951018194117514781e+02
9.071999285215362079e+02
7.778473731920718137e+02
1.388394360701681478e+02
2.468723305083834134e+02
2.855237769892422648e+02
4.861047854196229423e+02
2.570401829668337086e+03
8.497997301728977391e+02
4.924013659190151770e+02
3.708545744218784534e+02
5.530489366195256480e+02
6.267122273564351644e+02
1.731700012182897581e+03
6.455206129196299116e+02
6.839134417935683814e+02
7.547326560981140346e+02
6.458614061686856758e+02
1.802111832032167626e+02
1.672889097823134534e+02
4.697667922902033979e+02
3.844885585787835680e+02
1.474240241616880667e+02
2.197375646070124162e+02
3.079165370077799366e+02
3.580424491497228701e+01
7.567466765741937706e+02
3.616902484460657661e+02
1.035278863861294099e+02
2.935084419078150972e+02
1.203971522143927615e+02
1.556822663427320549e+03
1.543393810985571690e+02
7.655451057693755956e+02
1.762027127593463774e+03
3.522391274299321822e+02
8.746915723755820693e+01
3.043246827246614998e+02
1.618627558165138907e+03
3.701218586900690184e+02
2.397521492465405402e+02
5.760319882519570456e+01
5.368577735339716810e+02
2.179151506780566478e+02
2.686535889904312739e+02
2.874032630287584880e+02
1.467501224181401938e+02
1.573773182727171843e+03
9.692515551125494255e+01
4.315916981289057048e+02
3.983116901613521804e+03
8.306104881735213894e+02
3.788480511923511358e+02
7.345354816901500499e+02
2.233504238859385680e+02
5.162258469444852835e+02
2.352833107726016522e+02
2.044937780640832727e+02
8.411557133127511179e+02
2.850449655482206708e+03
2.127139038624908608e+03
5.656871815117510778e+02
9.402382253422098302e+02
8.442299225284523345e+02
3.653679670535103696e+02
2.975559509048695759e+02
3.624428420763468921e+02
3.845139695005411795e+02
1.170098148660654942e+03
1.650109436028158143e+02
7.000451761104957313e+02
3.173088440356519300e+02
4.755495188677630836e+02
6.570127022845135798e+02
1.537487820944808732e+02
1.030934415947894536e+02
3.551865894270277977e+02
4.373568010026658044e+02
1.127921141712714643e+03
1.556037793827871610e+03
3.352170886809405488e+02
2.900721270570679167e+01
3.922021053563456690e+02
2.978908012770627352e+02
3.207832752690355846e+02
1.447664311067388780e+03
7.790474244647542719e+02
2.098382687047182117e+03
1.484268334005664087e+02
4.208852980706245148e+02
3.647211156460271013e+02
4.082858868047948135e+02
4.915936469826630884e+01
5.246934218398470193e+02
2.187642648256590405e+02
1.558709014514247201e+03
3.028526936038148278e+02
1.750544055007268298e+02
1.223496946539621604e+03
1.152643509461418489e+03
2.230666002840490307e+02
2.292015960108131765e+02
8.180747066754798880e+02
1.976228902402899905e+02
7.579915043501346190e+02
1.301582249979328026e+03
6.445835851798176463e+02
2.340859235481679832e+02
7.607138542702081168e+02
8.652844081555534217e+01
1.539054486241881477e+03
7.083058774130000756e+01
4.861306061949572950e+02
9.243153114226294065e+02
9.109383054583377088e+02
8.330213493752755767e+02
5.945809365010779857e+02
4.734006565649372646e+02
1.900929578651055181e+03
1.987910753973812234e+03
5.170601038999309367e+02
1.227145668006512096e+03
2.795778262247475254e+02
1.210004566793478716e+03
6.477022635085945979e+01
1.750843248118285373e+03
4.554592137799330089e+02
7.788980328360340764e+02
6.016981463244894712e+02
4.049802127816321899e+02
1.588626276348077681e+03
1.000860282657568519e+03
4.461468281995245206e+02
1.689778139086475335e+02
6.106016004987097858e+02
1.663489106040698573e+02
2.169442075547694913e+02
4.903314004297109818e+02
2.697379590910800289e+02
8.625274256082457214e+01
2.322997816607533252e+02
4.763276258831960490e+02
8.749891260722922652e+02
3.682510820390584172e+02
1.755897767353379777e+03
4.063157206614258143e+02
7.722107594146184510e+02
2.121800695787924724e+03
3.320031193955725257e+02
3.964110966626340655e+02
2.479090551307366184e+02
1.095829606654300733e+03
2.235799418889106107e+02
2.236106809071658006e+02
5.802544022628835592e+02
5.258574059977767092e+02
2.700169669134429000e+02
1.134419370171860919e+03
6.452189606871522756e+02
1.436846225909447185e+03
1.016876643192644565e+02
3.419034399318085775e+02
1.313888103620820630e+03
3.826458568977793675e+02
4.929732141219558343e+02
2.880795214303725970e+03
8.277891586146662348e+02
2.775114469542397728e+02
1.197722279732648303e+03
2.218492326977494940e+03
2.581504763062110328e+02
1.277915255190718653e+03
3.412338416508164300e+02
5.659818662334240571e+02
4.180325122497549160e+02
2.213663227209605111e+02
1.023409094425448302e+03
8.758135465418963577e+02
1.398731892540900617e+03
4.616769999291977911e+02
6.339777017112309068e+02
2.418205777849319986e+02
3.616607389885407997e+02
1.797055263529189801e+02
5.322575769886889248e+02
4.366457050470291392e+02
3.189084000822576286e+02
3.980166980494965969e+02
4.055882305627197297e+02
1.372246129778290822e+02
4.657679534053862653e+02
1.549509850984411798e+02
4.646641152598425606e+02
2.248536643420113421e+02
7.503530632405093002e+02
4.009915177728392450e+02
1.682294212775279334e+02
2.603729073260609766e+03
6.387946083352127147e+01
1.695213822147934025e+03
3.812484611278986222e+02
2.596046367964696628e+02
4.218550116331814337e+01
7.290904744598207117e+02
1.115304823986844553e+02
1.419158994805413386e+03
7.887495807966384973e+02
1.663090523437323100e+03
1.453196309719380451e+03
2.036067524606328050e+02
1.470998299824900357e+02
3.037437152796384794e+02
2.453393756679973023e+02
6.904879030179876054e+02
2.761596473947708432e+02
2.558959742439815273e+02
6.374485467258181188e+02
4.167796923290677569e+01
8.367843175266812068e+02
4.213217921298481770e+02
1.543006499355556400e+02
3.151927700189649499e+02
2.131805221596045612e+03
3.302663648641545251e+02
9.374449707533610763e+02
3.146867033150904263e+02
8.612727613464632270e+01
1.106173286297170648e+02
2.261221611620086662e+02
2.299052121386743579e+02
1.457527437391536012e+02
7.153698062714359196e+01
2.090989953156810088e+02
3.774531145439308375e+02
1.163288431483189470e+03
2.198007845212239033e+02
3.761065406175653152e+02
5.536981446850751354e+02
9.283409957167226878e+01
1.682629268074261063e+03
3.283533732947401518e+02
3.352200601193719081e+02
2.803458918275504402e+03
3.238790017975153432e+02
4.220870912210081087e+02
2.014449797701397813e+02
4.429474087161306102e+02
1.989388276117944656e+02
1.250266532904120993e+02
2.198783493106211608e+02
4.909958755409938931e+02
8.355871352290358800e+02
3.037538591556627239e+02
1.160012676771128326e+03
7.234350074178373688e+02
5.681146417833630267e+02
3.734011996209264339e+02
1.679893495449549334e+02
9.229379984780086943e+02
1.695962829559418594e+02
1.054832978007359543e+02
2.162088277747112670e+02
1.686107900306806187e+02
2.614293049200975361e+02
3.888427405146305773e+02
1.326271829441893260e+03
9.764574982353241239e+01
9.148031222235622408e+02
1.143042689426382310e+02
9.036717040062060278e+02
5.948878143666588585e+02
8.786712506056867369e+02
2.693464464619031560e+02
4.858367411804377411e+02
2.279623012581582771e+02
1.463982631225125033e+02
8.024214764093916301e+02
1.918057359622844444e+02
1.512335106940532228e+02
9.520312496958117663e+02
1.060921352889770048e+02
2.971721230302565004e+02
5.988859360077167366e+02
4.134683828192249848e+02
1.124944580111670803e+03
4.558664033084200469e+02
2.209423291958273126e+02
4.001569534272109649e+02
1.240699525789165364e+03
8.992818648091829914e+01
5.808533008018887358e+02
1.332496480638568300e+03
5.218409434091599906e+02
1.686060767145481577e+03
4.619006775187013432e+02
3.946277212868623678e+02
4.441564767675012604e+02
1.788004671920921282e+03
1.594898060706077274e+02
1.094126665042963396e+03
1.483562361219736658e+02
1.881946185610594284e+03
3.168947894597545655e+03
7.031415174193405164e+02
7.423814111729979004e+02
1.219581820247852733e+02
2.333432688671227027e+02
7.448977072073673753e+02
8.982928881285193938e+02
1.297694788803988786e+02
1.370568804015499381e+03
4.607684570129686676e+02
1.947423368395965326e+02
8.488201801244991884e+02
1.327828248399547419e+03
6.580085440125874356e+02
4.852367155440965121e+02
8.963278451548595172e+01
2.990368543410102689e+02
2.071688923594379048e+02
8.990541911473061987e+01
9.595052370577718648e+01
5.580551955959593897e+02
2.433389828233439971e+02
8.119397109487157422e+02
6.058581601283578948e+02
3.146098557694524516e+02
4.334905497499227067e+02
4.784677787975162460e+02
1.365944631035977750e+02
1.244918968361660518e+03
2.805208993048166121e+03
3.263815677370641879e+02
4.736336583233115789e+02
2.043757402339833561e+03
4.326008600982234498e+02
1.450625503159305083e+02
1.254765700542738358e+02
9.974290909765304605e+02
3.633783328652464206e+02
1.174530715093052549e+03
2.983897980067386015e+03
1.704030797217463089e+02
2.139384438863832543e+02
2.075240304836794678e+02
1.391868894398459418e+02
1.525265987286547045e+02
1.054003024514469416e+03
1.219645347552246903e+03
7.067213834853394872e+01
5.158986813268559217e+02
6.061444428517079359e+02
5.375213264747069388e+02
1.901814862376804456e+02
3.917860015125646441e+03
3.293678633605554751e+02
2.730562361117272872e+02
2.081015141733002451e+02
2.716718531929079177e+02
5.226648515617931707e+02
1.044625574678754134e+02
3.029417342933606960e+02
1.635099573414150882e+02
9.775619511612329688e+02
2.894238411620660258e+02
3.660268066781131893e+02
1.018403757619562271e+03
8.713611022110268323e+02
1.791897256265969645e+03
2.887700222437782713e+02
2.160429395395274526e+02
2.677441239036544971e+02
2.135218277256313286e+03
3.622317674843279747e+02
2.914151147646369964e+02
1.206596634302920563e+02
3.190684479039729240e+02
3.076060729234025644e+02
1.574259883849545645e+02
2.325838101894312615e+02
1.864014066994460791e+03
5.495431515875217201e+02
9.334789201546827826e+02
2.911954332475065712e+02
5.526953354461968502e+02
3.845860012666524881e+02
1.459211935591920337e+03
8.610288984683054991e+01
3.641645344888198679e+02
1.309742434692138033e+02
1.522469761259266932e+02
7.354335733401724156e+02
5.698136897857214080e+02
2.649750506758331881e+02
2.359755534637084509e+02
6.509197165493649209e+02
4.003306288803527764e+02
1.599633918785259539e+03
5.804658867084792746e+02
9.106461823215192908e+02
4.650375943316430494e+02
7.918402866188032476e+02
3.265105691503417802e+02
9.752868539567725747e+02
9.344565233985919122e+02
1.167358277500175916e+02
7.981834879625491794e+02
4.368479677871482636e+02
2.786829109399448953e+03
3.791057466287238071e+02
3.281651480396242277e+02
5.550259678103050192e+02
3.157029352586068285e+02
3.755550826300672611e+02
6.841121183148910632e+02
1.073120644601311369e+03
1.389274521257721744e+03
2.758069683919896988e+02
7.667006879289822336e+02
1.279694019713752141e+03
5.028319345201531405e+02
1.108046317142853354e+02
4.424322227701736665e+02
2.717693983441710657e+02
1.806898921808442083e+03
8.696326472145377693e+02
9.720942995207889226e+02
5.480622481513810271e+02
1.117023135107309457e+02
2.575428683787001773e+02
2.220829516998830684e+02
3.685950516533339396e+02
2.144067015978039308e+03
3.799484055824926259e+02
2.200418808877387562e+02
6.899117513524911374e+02
2.867507761345950712e+02
2.006882876040912720e+02
1.833290418248402602e+02
8.470202056788697291e+02
1.630468227997036365e+03
3.682951412985575530e+02
7.293557521873628957e+02
2.765330240031771609e+02
4.843851422750336724e+02
7.880181970889534568e+02
3.560640859348191611e+02
6.719062689461219406e+02
1.080618915787692913e+02
1.387010080246256393e+03
4.116521166939202203e+02
4.854993292233899638e+02
9.697654090343819178e+01
2.630145160915174074e+02
4.674029617863795920e+02
8.587563628486996095e+02
8.354386657708633948e+02
9.184769472220277748e+02
5.631077680265642584e+02
9.212672303724451695e+02
8.198526514913597794e+02
4.484279707442418612e+02
3.617400456556391646e+02
2.356106813170193846e+02
1.674119683187283727e+03
6.056854068457638505e+02
7.584649876946587028e+02
2.427721553267183765e+02
8.757215344139191302e+02
3.356282742818007705e+02
1.046542664783936061e+03
7.543136832792959012e+01
2.566556378484613674e+02
7.565407251518840894e+02
5.963130801797576623e+02
2.868101024398276309e+02
7.590016909533942453e+02
4.177482787942886375e+02
6.958344429265061990e+02
7.679262525868164175e+02
2.719045475610997187e+02
3.034571251661059819e+02
9.461475966749808322e+02
6.953611645087704574e+01
1.917386224390939731e+02
8.282815976871142993e+02
9.504183734079622070e+01
1.184859025226794984e+03
4.041964702795191329e+02
1.548435009979422148e+02
2.244870503176211514e+03
3.585088625200482397e+02
3.106706505800504146e+03
1.765139965508772320e+03
4.204126344332539702e+02
6.095922336026037556e+02
1.069571312626779189e+02
1.973480834170886169e+02
3.634863292827162695e+02
1.892925138297404715e+02
1.671268126927144237e+02
4.549350110552879300e+02
2.333302560160613552e+02
2.023850814117775201e+02
8.243404456932227049e+02
7.430495749664714822e+01
5.599511782419392603e+02
2.868759864022878787e+02
6.319638861619395129e+02
1.563081127544076480e+03
4.185858145783482769e+02
1.384346031997473574e+03
2.685187471636851910e+02
1.466226579557753666e+03
3.332544023653469480e+02
8.144936110487507221e+02
3.421428968840164657e+02
2.004145054148317513e+02
8.235330341470532289e+01
1.274346455171291694e+02
2.016824899178581632e+02
5.338498581343075955e+01
2.384007595406484086e+02
5.839717742038773451e+01
1.086301535629135060e+03
2.058439382092452092e+02
8.419919170726864195e+02
1.977161319289973846e+02
4.286306085003836870e+02
4.566755567322907154e+02
2.890583542350119046e+02
3.152416450579906950e+02
3.377752922435312826e+02
8.581739609161579665e+02
8.076681145085809703e+02
6.385347611675621948e+01
3.196499276659668567e+02
1.883437027995970766e+03
8.645786402964142781e+02
4.913134095995699795e+02
4.980988429526138361e+02
1.693216810595288848e+02
6.556786288922385211e+02
2.172078458680048243e+02
2.705289764941801423e+02
1.272995987635947131e+03
1.631895543078018704e+02
1.681836201403277187e+02
4.761960628850638386e+02
4.183737153523874781e+02
1.599384932737392546e+03
1.840149317855076276e+02
4.386323677968617858e+02
1.008483661648248699e+03
7.457799170312912338e+02
4.568725938393064325e+02
7.942205112656964729e+02
1.487390393626448883e+02
1.536202929981742045e+03
8.910026176323311802e+02
7.407926137827814728e+02
9.560756847910407714e+02
1.577370672496970428e+03
4.578234541373335560e+02
6.133416765859770976e+02
2.992676019047125351e+02
7.381344059474672576e+02
4.148450809834805568e+02
6.162922124848981866e+02
2.532090766582957713e+03
5.712290166495843096e+02
1.752978585253079018e+03
2.837610992190957404e+02
9.025527012783230418e+01
5.465976363949156394e+02
3.250777210460734068e+02
7.923167414017586907e+02
8.244496716714228342e+02
2.856406877220061347e+02
2.267773121044208438e+02
2.464834819274553013e+02
3.506788148632989532e+02
5.553669659861491681e+01
6.919226979267453999e+02
6.929712058394297856e+02
6.107854198278758986e+02
5.526300662641016288e+02
1.045915588811530142e+03
4.928206461280159090e+01
2.717485982751517213e+02
2.618613930533712164e+02
2.881393600525760235e+02
1.488828979680791690e+03
9.188981742355180131e+02
3.156969923817441668e+02
5.223322553842720026e+02
1.600664700530750224e+03
3.660986335174361557e+02
3.697553471290730158e+02
4.164000654536162074e+02
3.697695895408646152e+02
8.182258401819011624e+02
1.135356910228643983e+03
1.199539980345471690e+02
4.879761768509986268e+02
1.016407258383887893e+02
1.874418200039899148e+03
3.041807216558330538e+02
9.682576601889650192e+01
1.241169832768469661e+02
8.840135895150437761e+01
2.618215347930336634e+02
1.665277092269208765e+02
1.912488474148946693e+02
8.780254238321452931e+02
3.273675729792963693e+02
7.188302000198164023e+02
3.258474260631832067e+02
1.755487913776644007e+02
2.803008079341094572e+02
2.144988161891752952e+03
9.821418599544673498e+02
2.990195380273931960e+02
5.671602977299337454e+02
2.573169365945245772e+02
3.025111831109996956e+02
4.863501852486934922e+02
2.021665269919831644e+03
3.569341026148350693e+02
4.843489726968867330e+02
8.515878188648018750e+02
2.161749123912363757e+02
9.724039438980128125e+02
7.616388937929008307e+02
5.753126952247857844e+02
8.320487668376814554e+02
1.018009990795713293e+03
9.461504656500180772e+02
6.606928800134186019e+01
9.034899339449236777e+02
9.170495296776512077e+02
3.160698566731795836e+03
3.084618471916269300e+02
1.898631324719509053e+02
1.279035180089149208e+03
1.724951773041942431e+02
1.087036198165433916e+03
7.439498183477716111e+02
1.901311767111361348e+02
1.320500066447511017e+03
2.171116327408660709e+02
4.938706909916130599e+02
6.022162012454834894e+02
7.402824485431395942e+02
1.160459417169770404e+02
3.790235709865882541e+02
2.831209079322343882e+02
2.708684377191115686e+02
1.925044338472248171e+02
1.116491350091494724e+03
1.798323760349186955e+02
6.124374371323037280e+01
1.501049788705111609e+02
5.648376575105719439e+02
8.267012022952210373e+02
9.255780702925524110e+02
1.587955141116172797e+02
1.666050690895297350e+02
1.005186594550197469e+03
1.391130133326393207e+03
3.870750420381690446e+02
2.572412161462226550e+02
4.781748359535443456e+02
6.029554746345207832e+02
8.905621275007344195e+01
1.642819165531969929e+02
5.201334934084786710e+02
2.850989637569555839e+02
3.233438354896925375e+02
1.482945531586749155e+02
4.848989961968662215e+02
1.608731643554852781e+03
8.494500226085478971e+02
2.061509185382203214e+03
4.744088963637073562e+02
5.997978602159538752e+01
1.411980409408885635e+03
8.300857731319052846e+01
4.560678463413856889e+02
5.693567030476609716e+02
5.904860894159104419e+02
6.821607029726577593e+02
2.192583433124140697e+02
1.214970967509574848e+03
4.865915890053909152e+02
1.018012449917173683e+02
4.217616674810798827e+01
2.116675476810843293e+02
1.448413318478873634e+03
3.545447587258594808e+02
5.692773963805625499e+02
7.464151900752317204e+01
4.335535647373458232e+02
5.783489929846388122e+02
3.616579724768978394e+02
5.411469936779061527e+02
1.001035187671440440e+03
6.612825568469472728e+02
2.169218705348374101e+02
6.633852081589961927e+02
1.015901601533590110e+03
5.196222010715007400e+02
8.772405542326962404e+02
2.849081769169850986e+02
2.490139179102221760e+02
3.811355464675078792e+02
9.213961293223286475e+02
8.981534354490351006e+02
2.605040604706164231e+02
2.980549476345454423e+02
6.740197813779543594e+02
6.384425441127966678e+02
7.480190495843930876e+02
9.882312594708196229e+02
5.525549605961648467e+02
2.766653042450686826e+02
3.841776846408294546e+02
4.852505481023113134e+02
9.150083564021126392e+01
1.730447909505969619e+03
3.977240625957072098e+02
5.182596428556424826e+02
1.188441145487466031e+02
1.203709215854816819e+02
1.253949067291092206e+03
2.296946498636263527e+02
1.205568926459255437e+02
3.731949408084341258e+02
1.528391120809157428e+03
8.220834845095328092e+02
2.090931549022125182e+03
2.325601411453747573e+02
3.921997486982794499e+02
1.225391494698082852e+03
1.957707619270208625e+03
2.389381800431432566e+03
1.780012527174573052e+02
5.250073696796266631e+02
7.077009335337380946e+01
3.068275560543929146e+02
1.037170338117929759e+03
1.453043639262046327e+03
7.249978815693252443e+01
1.103710066300988473e+02
4.772206968269033922e+01
2.491110532079085829e+02
1.884050783727132625e+02
3.700356869755603384e+02
7.935898490744942819e+02
8.574326382592371374e+02
3.724631472471723441e+02
1.120645216091712200e+03
2.070138652440375893e+02
2.264656184593132764e+02
8.638375225662817911e+02
2.009881979588677154e+02
3.308177203882584081e+02
2.347362587110535515e+03
3.276418674855268023e+02
1.707056541247715131e+03
6.074273870102852015e+02
2.781181327112029180e+02
7.446882720296553089e+02
9.032066226600049959e+02
1.836834627053225631e+03
3.049200975082644618e+02
1.366823766958075907e+02
3.081334520132673788e+03
3.958062552467661703e+02
1.819689427304424783e+02
1.539277856441202346e+02
7.897082283126236462e+02
1.737374434952804734e+02
2.159875068432739226e+03
7.049199745521914338e+02
1.401745340963850595e+02
1.015387440221575048e+03
4.968559619811625225e+02
1.109502321974207234e+03
6.437249419365561209e+01
4.925613112773363582e+02
2.387619430051468328e+02
5.706345240365290010e+02
5.121520048551254831e+02
7.769877053148684354e+02
2.316578484961908657e+02
2.604355124599073406e+03
1.016516996679058934e+03
1.217706740134286520e+03
1.685193926830685314e+03
9.013924058025840225e+01
1.026456765622055855e+03
1.718591870164944567e+03
3.985327037026069661e+02
2.789117116991576495e+02
6.525570815884244666e+02
1.863923899207578927e+02
8.416381109725691658e+02
9.708738580326638612e+01
3.190594311252847319e+02
2.317093875834654227e+03
1.487286905598323301e+02
2.680015119498445983e+02
2.881158959353078899e+02
3.496520291901815654e+02
2.737272688802380003e+02
4.280850933897482946e+02
1.275477651043082460e+03
1.042337567086626450e+03
1.757538206294264853e+02
3.220033069035839048e+02
2.987563095677346041e+02
7.622776505922435035e+02
4.703603627327109962e+02
2.413284461026664758e+02
8.272616770614072266e+02
9.583046734681184944e+02
1.102989748639875188e+03
7.967774852675570401e+02
8.877655940832718215e+02
7.978142098899102166e+02
2.064014415370000961e+02
1.854935810269762442e+02
6.604742231302300297e+02
1.980049762372019359e+03
1.502064176307532762e+03
4.298470539161355646e+02
9.020440729895939285e+02
4.215693436901966038e+02
6.048752287879513005e+02
4.624675050153269922e+02
1.772813449099208356e+03
1.181133456214266516e+03
3.398756893609081544e+02
2.029679956612900469e+03
1.078259183819636519e+03
6.206301027410700044e+02
8.079549095489018100e+02
2.449556502567783980e+02
3.508367109537364286e+02
2.830545116528031940e+03
1.430240410886407744e+03
4.522403262516441487e+02
3.553910038984247421e+02
2.812080188262141860e+02
7.527912821685106337e+02
1.477972983067001849e+02
7.086993368466664833e+02
2.887612103918784214e+03
2.292223960798325209e+02
1.214096954757185785e+02
1.157420352898274359e+03
1.361112457366262561e+03
3.932048121318298399e+02
2.405091488027715911e+02
5.508135952120085221e+02
2.386813043139240733e+02
1.475677803037281365e+03
3.699529990164538731e+02
4.917998033317612112e+02
7.482123980092181910e+02
1.787212629883879345e+02
5.991273397644140886e+01
3.377029530872374607e+02
2.975753164863703546e+02
2.231796174078339391e+03
5.489205840044600109e+02
2.431052638212103830e+03
1.595168564066723036e+02
4.246298228110770765e+02
1.912978249173146139e+02
1.737107005493984673e+02
3.257456799127585896e+02
1.353667467144856573e+03
1.832356976727386950e+02
3.363303534587491868e+02
7.068910628661080864e+02
1.960346051670445320e+02
5.798207771786970852e+02
5.350521636016620732e+02
1.291657645618670358e+03
2.258630312381174576e+02
4.503607377487337544e+02
2.925988743576441721e+03
7.407204795532760500e+01
1.049848133880310343e+03
9.207936445645269714e+02
3.683028260531213505e+02
2.724248566767657849e+02
5.643080242260350587e+02
2.991028407668647446e+02
8.602717964486802202e+02
8.142654250699031309e+02
4.125132190586421643e+02
1.314405543761449735e+02
7.157011728882268642e+01
1.461917993832318530e+02
4.428281413253004644e+02
1.311054990771634493e+03
5.484417725634384624e+02
2.271356265938821366e+02
8.519673432768593102e+02
7.096657715806095439e+02
5.474586362962434123e+02
1.201575927987906880e+03
3.303207729264662476e+02
3.882155620788306010e+02
3.869053626574004170e+02
1.704769558289529243e+02
2.802130992686880290e+03
2.835794316212075614e+02
1.846641398510571719e+02
1.766006805823568584e+03
2.580204502589916160e+02
1.757148845396365857e+02
8.014923383509316182e+02
1.133150873351863538e+03
4.020216847379647334e+02
4.799710192535890201e+02
7.581345432484154117e+02
6.192185670227918308e+02
2.319429016588106265e+02
2.542401657939688562e+02
1.081624081684637559e+02
6.427242844289555705e+02
4.414433485529043537e+02
3.154317146542019259e+02
1.045281340401531452e+03
5.469492907637549450e+01
2.923935377156995401e+03
6.156004821107623002e+02
5.194343856699615571e+02
8.362652379717453641e+02
1.544955353112935200e+03
4.342506232079792881e+02
1.447612054736355049e+03
1.613994163480140571e+02
1.264014046501781877e+03
1.077251968654808252e+03
3.627612983054706319e+02
1.297331043754635857e+03
5.938607213033590142e+02
1.080709083574574834e+03
5.359051713582434786e+02
1.803880350215782755e+02
7.293589285525825971e+02
2.181859614288848093e+02
1.251834222835135506e+03
3.318083364832288140e+01
4.622449545231594357e+02
6.212307431577762600e+02
2.969219074216593071e+03
1.800355609455854847e+03
2.075241329470736673e+03
2.896019225411577736e+03
2.711754180480866694e+02
1.330782268053870609e+02
3.959767543346882803e+02
1.024826573020589194e+03
2.479625410225006590e+02
2.684431291787774398e+02
9.607902304842328078e+01
4.804413262328933456e+02
1.625454694119615624e+02
1.894949814966479664e+02
2.136911997162173975e+03
4.952562010077684818e+02
1.307350939071884568e+03
6.422137093357370077e+02
1.342319646238983637e+02
5.893173919418483138e+02
7.003601485842172281e+01
1.018500687990460278e+03
2.568088206227663477e+02
4.159089584052925375e+02
2.760833121661038376e+02
1.859948319513241586e+03
5.233432616946851113e+02
6.604036258516373437e+02
9.157675076896215387e+02
4.497302804843198487e+02
8.407466794431688868e+02
2.451457198529896232e+03
5.129725317157505060e+02
5.044478847098282586e+02
6.641741762942125433e+02
2.856430443800724106e+02
7.202841555832867471e+02
3.088277439722578492e+03
1.823549223363334249e+03
4.213240463245202250e+02
7.542251549067209453e+02
1.183296458465489877e+03
2.663362768675669940e+03
3.420218876154851841e+02
1.742957665301888426e+02
3.978743763949750587e+02
1.748765290484234811e+03
3.700399904381160354e+02
3.821154039060890000e+02
3.612787554550230311e+02
9.644090326400215929e+01
1.157692905526803770e+03
4.010126252320411595e+02
7.780275038390471991e+02
7.043707707593654277e+01
2.531765957623394456e+02
2.076776231115612063e+03
1.451864285594988928e+02
1.594125486713930400e+02
7.845139490078623794e+02
7.320333256041780032e+02
1.169344018079460966e+03
2.796862324957941155e+02
2.809702012883132625e+02
5.195158440683377421e+02
6.940922578351963921e+02
8.307111072266100109e+02
1.427115277363797304e+03
1.284562055571431642e+02
1.262770140896388739e+03
2.807213177038404410e+02
4.342171176780811379e+02
1.768756923323465799e+03
4.105806569809386133e+02
2.219222890978026498e+03
2.550907144290898430e+02
6.223989283148675895e+02
3.282487581692783465e+02
3.428669032273202788e+02
2.596333265468412037e+02
1.896224459590127935e+02
2.559486404285920855e+02
1.795017266618870963e+03
1.684023794869104620e+02
3.125934786353064396e+02
5.083351409583790428e+02
5.263119336143768123e+02
6.335547328200395896e+02
8.596321174787898372e+02
3.748967553224354106e+02
6.069609736399597750e+02
8.248724356358258092e+02
2.118413255976202890e+03
2.647644884007851829e+02
2.587404605299222453e+02
8.841531446579223257e+02
1.508372847487438833e+02
2.112625098838751683e+02
1.093464751516534989e+03
2.444800151809764941e+02
2.026048653923020993e+03
4.698624931003711822e+02
1.006529787184554863e+02
4.963739741749212158e+02
1.993681492334252425e+02
3.811869830913882424e+02
1.710597676150712516e+02
4.881327409173117076e+02
3.948964827698068802e+02
6.518314358308136889e+02
3.867186743531972866e+02
7.260961866915830569e+02
4.712296621689676499e+02
1.861713763795030900e+03
8.139142830180346664e+02
2.345265161431589718e+02
1.212599964568158271e+02
2.129848170767132160e+03
1.242346112533701472e+02
6.626261593348813506e+01
4.819098315983377461e+02
1.088962509976092178e+03
9.175813146934658562e+02
1.377598817490460306e+03
1.908991398505448387e+03
6.147087431911793374e+02
1.491900832238426631e+02
3.695530843889538914e+02
2.879614836002726861e+02
4.286834796117826158e+02
2.397240742765341395e+02
2.283294275995193630e+02
3.668769454596574633e+02
7.041594912405581681e+02
1.169240530051335156e+02
3.856951675086937712e+02
4.745019331256263513e+02
1.133133454574852294e+03
2.009968048839791663e+03
5.060694703861835251e+02
9.056990447235297097e+02
1.177708104946696949e+03
3.062459738290047895e+01
5.048490288980584637e+02
9.412750524279572346e+02
7.267118892272344510e+02
5.194385866691230831e+02
4.907576481495162284e+02
4.080960221353719817e+02
8.597102970485522064e+02
2.060452787788166916e+03
4.848759419331748290e+02
7.551727363761341394e+02
1.767111361212871543e+02
1.256960466446158534e+03
2.467824701116840970e+03
9.457707363111722998e+02
2.529777143142283876e+03
2.597406057205517982e+02
7.990702061758171340e+02
2.053772174487372979e+02
2.869525265577432833e+02
8.943850367377376642e+02
1.474935968063389566e+02
4.440940765604432272e+02
1.255967596156516066e+02
1.049395245678017091e+03
1.010749947000809357e+03
2.448225503077334224e+02
1.101852404964433390e+03
9.683870714558194095e+02
3.424638122346005957e+02
4.538463374920834212e+02
5.585300109646078681e+02
2.086506155027320233e+02
1.938751891346177445e+03
1.791392111732642718e+02
6.974014156137614009e+02
5.384185984175758222e+02
4.827923488124441178e+02
2.965967910719136398e+03
3.246478871074717176e+02
1.751896571810496539e+02
1.002676036465902257e+03
4.153474590051644668e+02
2.406759592085030590e+02
2.931342455922552972e+02
6.313463392851928120e+02
1.359614442543293080e+03
3.823498401519818799e+02
4.638093656255600195e+02
1.325257441839471994e+03
5.306372208730639386e+02
3.380965149842979827e+02
1.733340451123782771e+02
1.365216116303329841e+02
5.836018813508733274e+02
9.554593674750242371e+02
1.900114994667292763e+02
8.561025609393352624e+02
7.994507552218163937e+02
7.310180158312091407e+02
8.668861159334369404e+02
2.565871923011464787e+03
2.790505495982768934e+03
6.551933622573833418e+02
1.622525265679896393e+03
9.407677561633524874e+02
3.574576905591150989e+03
2.801034634369111700e+02
2.482633735478247274e+02
7.229104973030098336e+01
3.202565109595358877e+02
1.846468235374400820e+03
1.062357889676228979e+03
1.902067946960438860e+02
4.387665948432427854e+02
1.898257333330737708e+02
3.400458810586476943e+02
3.316011555001888951e+02
2.652099992386969802e+02
4.323766701917489854e+02
1.856934871090291495e+02
8.533617676083086963e+02
4.648277493003543555e+02
4.870950941244108208e+02
3.739346240510481039e+02
1.749601391780775828e+02
3.153663430087125903e+02
2.039770551672135923e+02
5.415693477887323297e+02
3.134003778645050602e+02
3.858817533495027305e+02
6.542482399094305947e+02
9.853419966816204578e+01
4.331680974484258400e+02
7.755657183303835609e+02
1.718925900829984244e+02
2.033656560941179521e+02
2.177691403413444959e+02
6.447055166188965813e+02
4.158909248479161391e+01
6.921124601327741743e+01
1.337285619682726292e+03
2.766661239522221422e+03
7.125355663249136740e+01
2.684903648034962202e+02
2.298581814407439197e+03
2.404139603095746907e+02
3.280014115357182618e+03
7.930863439554743763e+02
6.193724670408561224e+02
3.068419009295786282e+02
1.198650598083955003e+02
5.565847434260255113e+02
1.030809410606990014e+03
1.184697133063984438e+03
4.358966976355444558e+02
1.700974314168955743e+03
2.451026852274323744e+02
3.688108395614853521e+02
5.408869415834672054e+02
6.307413954059308026e+02
5.509091935587821354e+02
3.647470388847556251e+02
7.138323430417058262e+02
8.699407546408489225e+02
1.417272643718486734e+03
6.262362848904507473e+02
1.761429766005371448e+03
3.260227409306319828e+02
1.794784674714073276e+02
3.342190952215888956e+03
8.209423496885061411e+01
6.029701268998890100e+02
9.607941240932117921e+01
8.301459191442912697e+02
3.387548422919298901e+02
1.135816970868530007e+03
1.028120771143603179e+03
1.243644323738012218e+02
1.238291636025842536e+03
2.127471020022064295e+03
3.452936462551729733e+02
3.418914517146890262e+02
1.167738416692598378e+02
9.659712920111443282e+02
3.086208703794004578e+02
1.017005644605922157e+03
1.366270464629482717e+02
5.017958246781650473e+02
1.140100965379361014e+03
6.192383424578694076e+02
7.517454383040750372e+02
1.128524651104458144e+03
5.676243544421928391e+02
2.743823173592560352e+02
2.721852972611637256e+02
7.885214972811850203e+02
2.127586803657492283e+02
3.123536118295218103e+02
2.375758267540734181e+01
1.059711260204457403e+03
3.608706437559883398e+02
3.890471549860275786e+02
1.884407356338892896e+02
3.879871711731946107e+02
3.620829906359728625e+02
1.818094072256980667e+02
3.488027101157907964e+03
3.951097090931036746e+03
5.930945000416513722e+02
1.385225167919571959e+03
8.220669879030692755e+02
7.627652738851650156e+02
2.111681410978317501e+02
4.580230528292038912e+02
1.848258270870794320e+02
1.200292061658781904e+03
2.897322559785597491e+02
3.056335501219672892e+02
1.571827402871618688e+03
1.404439103596946836e+02
6.972892181971299124e+02
1.888097063163456824e+02
7.962001040413304054e+01
3.440916481780010599e+03
2.776381941728453171e+02
3.575826959000195075e+03
2.554331470924526286e+02
2.909677595856298353e+02
8.721003756000640124e+02
5.863832501859966442e+02
6.217593518083713207e+02
3.704033256338923366e+02
6.950889192704237303e+02
5.187513646843312927e+02
1.353048588243985364e+02
3.432215290345909011e+02
5.525197131885655608e+02
3.571134135546569723e+02
2.065802401598511096e+03
2.504915425177489681e+02
6.649037156608022769e+02
3.525781788012869242e+02
2.024432806196740103e+03
2.363052806661924024e+02
1.261103061473015714e+03
1.931234152114900837e+02
8.114737074319671137e+02
1.316644368924369019e+03
5.519489920829608991e+02
3.731141996538171952e+02
1.193458777900654241e+03
2.720466642888328579e+02
1.835794623602258525e+03
7.158773074628290942e+02
4.372831298222475311e+02
1.642125488353344508e+03
3.253045750007966603e+02
1.237415574005569709e+02
5.796448475308832258e+02
5.474201100600301970e+02
1.316276525339248735e+02
9.347671924097576266e+02
2.405790288376050512e+02
3.135660611729005041e+02
1.656695783006302634e+02
1.086492117542317146e+03
2.575550615226080708e+02
4.530617752828168818e+02
5.641694937170983621e+02
6.994739426879201574e+02
2.085902645635576846e+03
3.670370957447669866e+02
1.799873006869248400e+02
3.474565460430020494e+02
6.462851947670304753e+02
1.667496449387233042e+03
1.480735396174201242e+02
3.100565874587059625e+03
5.836143818849636773e+02
1.979263868138628368e+03
2.634712979027895017e+02
9.647331243558254243e+01
8.993809469113588193e+02
5.717720726387592549e+02
3.496486478981735218e+02
2.095057749905913170e+03
1.612066827035540371e+02
1.306444138033356467e+03
2.060319585375727627e+02
6.251270161850152363e+02
5.182556467832692988e+02
3.890845541249047415e+02
3.565108263334611394e+01
7.377220932492709835e+02
2.294209701377610031e+02
1.093088710859880024e+02
2.908230812730420780e+02
1.667296645768574308e+02
1.750748981795636041e+02
4.709727864397485178e+02
1.967213148348653817e+02
4.440208152336016951e+02
1.749208956981051415e+03
8.572231006181308999e+01
1.308607140284579827e+03
1.265023310934493793e+03
5.534479290764779762e+02
6.818065894823580493e+02
7.533541135927631558e+02
3.952904545204441433e+02
1.941469220559935707e+02
7.454366646607749090e+02
1.782394801089349698e+02
2.196004685855942853e+02
1.740613302842959627e+02
2.034004936481404968e+02
6.150968745283481809e+01
2.900172066777853388e+02
5.888342770382710114e+02
1.512042061633165986e+03
1.452882771733177606e+03
1.292689451998102754e+02
4.376509734073679283e+02
6.750385749063254082e+01
3.909726470895324155e+02
6.032939112255103282e+02
4.349235003175853080e+02
7.424014939982579335e+02
1.570203358073802974e+03
3.335298239689134334e+02
1.485476377423092629e+02
2.635082871880899233e+02
3.601463300225020134e+02
2.819191147818508512e+02
4.048614577077729564e+02
1.607617866460073174e+03
4.458308310918611710e+02
2.041205039190711261e+02
6.861776778782453903e+02
3.335482673798665587e+02
4.975348844310253753e+02
3.301227111855086605e+03
7.617889002019860527e+02
1.522826333871027146e+03
3.121914122765286379e+02
5.257633446019158328e+02
2.488019211476555938e+03
2.358708358748524461e+03
5.747076488821295470e+02
5.923838139395915050e+02
1.203239933509454204e+03
1.807450174869151738e+02
4.694371675511135891e+02
1.187756690014317201e+03
2.284179559720942962e+03
1.021452043596534850e+03
1.569089580979023424e+02
1.178091318040945055e+02
6.555339505796507638e+02
3.346478020628545096e+02
3.636996580694072918e+02
1.677658768822397519e+02
1.312109339097787313e+02
9.697606957182493943e+02
6.819739122050604010e+02
1.145014085130481590e+03
2.427233827510868025e+02
2.516100329286609849e+02
6.605250449737452527e+02
2.688109727638977802e+02
6.437500454681311624e+01
6.850784505854400095e+02
2.620823041312318310e+03
2.358954270894565752e+02
2.685390349157335663e+02
3.570454803243130186e+02
2.608207748220390272e+02
2.457324252480869291e+03
5.627545767068121449e+02
1.979859180458837272e+03
7.485456089671043856e+02
3.638443363819949923e+02
1.642178769318320235e+02
6.788624063138763631e+02
3.289335210326096899e+02
3.142355569904984804e+02
8.490006181616571439e+02
1.866561306973873684e+02
1.148265248627938263e+03
1.223589163594387173e+03
4.055435565228555106e+02
6.889942941209681067e+02
1.905589613818541238e+03
1.590034123384165014e+03
3.466709591997936855e+02
5.031396320928875525e+02
6.671506354318621561e+02
1.304397944051503089e+02
1.313766172181741752e+02
1.902465504929872395e+02
3.270417393857914021e+02
3.513951364520389689e+02
2.643592456767876229e+02
4.534065646042458866e+02
5.137977718925080808e+02
2.059830834985470176e+02
4.671084819914948980e+02
5.727701685615051019e+02
4.304680845482844802e+02
2.304947865088088292e+03
2.253560423636952521e+02
6.847577401616441648e+02
4.615504576373805889e+02
2.106969119479797428e+02
7.259660581809694122e+02
2.550472699499558473e+02
3.264395620181722961e+02
2.098781269650557988e+03
5.428699156511092951e+02
2.202638165995412010e+02
1.521218683216280851e+03
1.643501571737235054e+03
1.886873650236900403e+03
6.816465416606426970e+02
1.418334164482232609e+02
3.758310165506046587e+02
7.847024816531608167e+02
3.236306305300134341e+02
3.067543971909455536e+02
2.378635439649419368e+03
8.616236984715433209e+02
2.534135935930868982e+03
1.223870937928393005e+03
3.001626196529093704e+02
6.615208867018191086e+02
1.050023346284364862e+02
3.944184910359387004e+02
7.955889098950232210e+02
1.154509367869508338e+02
3.007796542126851023e+02
2.299727355154415989e+02
9.768665321049065824e+02
7.142708863688130805e+02
2.628693254619587947e+02
3.385084178289174588e+02
1.077743792946891290e+03
6.020937574894337558e+02
3.180897175627278557e+02
2.638863771126286792e+02
1.287378774277548473e+03
5.902616945826476922e+02
7.516388763741238108e+02
4.450859222161438424e+02
1.052480418476895920e+02
3.298803852582635727e+02
4.051197679245107111e+02
1.606422118649946469e+03
1.202609783635223039e+03
1.269696666343223939e+02
1.838318297001009114e+02
2.143715566535988160e+02
6.085077610385607159e+02
1.593115197647276545e+03
9.876548004151406701e+01
2.376734743687307230e+02
2.314473886845370316e+02
5.808348573909356674e+02
1.915903579077097902e+03
9.060708843810232338e+02
9.279985630533599306e+02
1.717076436564964013e+02
1.031504112419557259e+03
5.887218746948511807e+02
2.765511600239477502e+03
1.742458668572212446e+02
3.110287601427232858e+02
1.200679373288797251e+03
7.127650843278857451e+01
1.147329757839038820e+02
2.299885148781459066e+03
1.830422467845193921e+02
8.275127123771578681e+02
5.835314889990688698e+02
3.835415918897354572e+02
3.077224713391955220e+02
1.215340860362579036e+02
1.026090971304819050e+03
4.102726520180216880e+02
2.635231443802465947e+03
7.469564017233113873e+02
1.433060203494350162e+03
3.148803591300980997e+02
2.200697509309567863e+02
9.280964155948056771e+01
2.209569814611956247e+02
5.583959888450151539e+02
4.890340089325537747e+02
1.842003905289805971e+03
5.701535608642295756e+02
1.868842142128408568e+03
9.101059953073814768e+02
5.200902538561330175e+02
1.447778045434933119e+03
1.067107067996655132e+03
3.167194745923058576e+02
3.046759272399240785e+02
1.185344701715226989e+02
7.651267477309224887e+02
6.269915425689806625e+02
4.570560033148957473e+02
5.195001671690275771e+02
1.792200547912754018e+02
3.872281223490798538e+02
1.424342617917179496e+03
8.698681080943724737e+02
5.840496463834571159e+02
8.413188350362920573e+02
5.942695502461529031e+02
4.948596676722765437e+02
5.798683201935983789e+02
1.287993554642652271e+03
7.082530063016012036e+02
6.362644797426283958e+02
7.193266351646376506e+02
3.270058771978269760e+02
4.002252965111316598e+02
2.465417835987459796e+02
4.170300104010591440e+02
1.730889526734902404e+02
5.297221202996070133e+02
5.720831515035017674e+02
5.084289974274515771e+02
2.666312689794226003e+02
5.826933384346441471e+02
3.560036325322505945e+03
2.454330272102814433e+03
2.305398704022497895e+03
1.557443591596075294e+03
6.984386525530854897e+02
3.693878109341351774e+03
3.088886072284030888e+02
5.879643628216492743e+02
1.418010380156611063e+02
9.251264116509895530e+02
2.895262020928558400e+02
1.263606242192929727e+02
1.870536886668211082e+03
5.277806439066094981e+02
1.039456296442173880e+03
1.188946290020792958e+03
1.947400826449244846e+02
4.472425717369276867e+02
1.798482578610172311e+02
1.995400828088659182e+03
4.941632239820082759e+02
1.137682829276619714e+03
4.318516477599504242e+02
5.579766061726203361e+02
2.721406232212995064e+02
1.386543871802719536e+02
1.016907689601082325e+03
6.959345496626239083e+02
6.984261520189950261e+02
2.700056959400826599e+02
2.482723903265129195e+02
1.824873050416190949e+02
1.298918201730545206e+03
1.346385393720202956e+03
3.442496467318326836e+02
3.579192881499137684e+02
2.473654868245907608e+02
4.182942037585007711e+02
4.050819589320568070e+02
3.528291116536433947e+02
8.335216781290758092e+01
4.818374924420438674e+02
1.277484908935145995e+03
9.919143061747618049e+02
4.334854265802135274e+02
8.127346219607948115e+02
8.446316814970475662e+02
1.151806383530935705e+02
1.034803433712280594e+03
2.406077185879765693e+03
2.047716587891101483e+02
8.963924995565896552e+02
1.728126088993761300e+02
4.595362322345124539e+02
1.632624057810666613e+02
3.393377565414423884e+02
5.727729350731481190e+02
7.020732340715786677e+02
4.723522511156470500e+02
2.613037872622221514e+01
5.762869171766867566e+02
5.161653935419167283e+02
8.188279150861261257e+01
1.018767502668915199e+02
1.716155290651250198e+03
3.965116132523285160e+02
1.090514830397979154e+02
3.170487919412130395e+02
3.256143218414147213e+02
1.544054699878058443e+02
4.495737164180067680e+02
2.821196356442688398e+02
2.808579014082876256e+03
7.507642488413695219e+02
4.658277920275896804e+02
5.690005402894774988e+02
5.787382514191435803e+02
4.384871771673031731e+02
1.483130990330222176e+03
3.728582460951456596e+02
1.115991328727877089e+03
1.134375310912361783e+03
1.150907779563942540e+03
5.840714710864183417e+02
7.876844738140962932e+01
1.139849930063610373e+03
6.562458662424409113e+02
3.355536809308348438e+02
7.235866532412296692e+02
3.373223015778440299e+02
5.207271663143803835e+02
2.260726713426178321e+03
5.402887602882212832e+02
4.933175935898080979e+02
4.230643870747346682e+02
4.811786528174410904e+01
1.000898091650022366e+03
1.727019484336574578e+03
2.192593679463558942e+02
1.876606818139668462e+02
2.047431739655270064e+02
1.512200879894151285e+03
1.012991231285189087e+03
1.093545697597940489e+03
1.433915772835786129e+02
4.557385289924784502e+02
3.078309800736363400e+02
5.169675794549829106e+02
2.708133124130405918e+02
1.385766174640863255e+02
3.224134678705022452e+02
1.013382436524183419e+02
8.702703793799386176e+02
1.430562145944145414e+02
3.477388326939788385e+03
2.532272126790663151e+03
7.946040317501269783e+02
4.743755957605975482e+02
4.730762574589508773e+01
8.232320991583349041e+02
8.344959000809768668e+02
3.768074926971777359e+02
1.484463014454613585e+02
4.271258310933981761e+02
3.190609680761975255e+02
4.368068799660805439e+02
5.012914998519916026e+02
5.639401806409147184e+02
3.829763013440225677e+03
3.087539703284454049e+02
6.226738376014631058e+02
4.284498630730431614e+02
3.131163493358271808e+02
4.612263659215767575e+02
7.755176629985113550e+02
4.514261521214584718e+02
5.262268889972040853e+01
1.130284972216538364e+02
5.948408861321227050e+02
3.536146984968517700e+03
7.349849886004350310e+02
2.376883315608873772e+02
1.338281563874194262e+03
2.031096000720522454e+02
1.468163137707830401e+02
7.341540104736031935e+02
3.017176041230450210e+02
4.075821682135394326e+02
1.853709323441380548e+03
3.094701894537911926e+02
4.702070774950118448e+02
2.135460090866587279e+02
4.331998611006228543e+02
2.596503354702757406e+03
5.697197308532546458e+02
1.169738502147069084e+03
4.282648141831469388e+02
4.361393309529720455e+02
3.639629889924599979e+02
4.478250761328634439e+02
3.732587755030107473e+03
6.366046582113190198e+02
4.520816104540531910e+02
1.374446018851420206e+02
3.404014290364660269e+02
5.271481373743120002e+02
8.182484845920158705e+02
1.423916370197374306e+02
1.233160269245110214e+02
1.332898137143769418e+03
7.793368835533239007e+02
5.192968797949666850e+02
2.216310881315318397e+02
3.140885220198445040e+02
1.954668554998712580e+03
3.112673973877777485e+02
1.186373434192833884e+03
1.724454825580150441e+02
6.783460932705834239e+02
4.947920418321151601e+02
4.702733713110488338e+02
1.385555100048844395e+02
6.028864143068407202e+02
5.529823354133061031e+01
3.951724166903442210e+02
2.653528332101894193e+03
6.024256364231955558e+02
5.960616350104302228e+02
1.216150321176632190e+02
9.166862969452690777e+02
6.591975292386980527e+02
7.276687948655182936e+02
1.844451755776860580e+02
7.201030003023694235e+02
2.002789463443263855e+02
7.573276440192167911e+02
1.313765147547799870e+03
1.594749488784510447e+02
3.753279212851614830e+03
5.117874400986189585e+02
1.870854523190181453e+03
5.386660475145300779e+02
1.877326111166839837e+03
1.417658930714560256e+03
3.227728069939053626e+02
2.023739129018114909e+03
6.814623124778999852e+01
1.382676903306217184e+02
1.299800411554469122e+02
1.180094477397241235e+03
2.315000548691476070e+03
1.140389912150959617e+03
7.146259220296605008e+02
7.721297108698189504e+02
1.454796787936533747e+03
7.365518588242961187e+02
2.672048590600643365e+02
3.115789885694911391e+03
2.473037013978978393e+02
2.675362256768552243e+02
1.731145685220362509e+02
8.648167652244977717e+02
1.308167572323530521e+03
7.700656882573773601e+02
5.295786715477495363e+02
7.686212617895662333e+02
5.149702605121550505e+02
2.849134025500884491e+03
9.357298359981159592e+02
5.168717761814208416e+02
2.472365878747073396e+02
8.037076993965828251e+02
1.004645792755694629e+03
1.357647145374961156e+03
1.032720352908520681e+03
3.769620074956071107e+02
2.527246297305940175e+02
2.919451579027505431e+03
7.621295909876477026e+02
1.673195463371744438e+02
9.151941225357682015e+02
5.086823894012684946e+02
6.576273801862231494e+02
6.108090888719323175e+02
1.197458948809595682e+02
1.196196599793249362e+02
2.111611735870272355e+02
6.940137708752515664e+02
1.595207500156512879e+03
3.867605818814184886e+02
2.139059629904269570e+02
3.849460576338148599e+02
2.652342830631185734e+03
9.550799455263611435e+02
1.911903408168156375e+03
3.726091575838844619e+03
6.360922387770051500e+02
1.197355460781469901e+03
9.957483839217310333e+02
6.275214832437001178e+02
1.171044910422914569e+02
3.629072061787885559e+02
2.037215114621188263e+02
5.777341101561409005e+02
2.609201643143974252e+02
8.607841134195999757e+02
3.925673873566114253e+03
6.935841418634382762e+02
1.240900354041765922e+03
2.559847075433448254e+02
1.858842739489996632e+02
9.109169930723475090e+02
4.303827325409292825e+02
2.117326119363911232e+02
1.251759424557381180e+03
1.035837289359596525e+03
9.833760315374130414e+02
8.179073839527775363e+02
7.636408235884667874e+02
3.986449011192383978e+02
1.718280381446625427e+02
3.152004547735287474e+02
4.712538435299950947e+02
1.723736557186920891e+03
7.563882596213383636e+01
2.761383350087805866e+02
5.311316067500015379e+02
1.168232290252565008e+03
1.067337610633569057e+03
2.170017919823008924e+03
2.349434396940934846e+02
3.129737202911230725e+02
8.824165950532928093e+01
2.021340460960268501e+02
5.527369355842355390e+02
6.811823824849893754e+02
3.266164138365338232e+01
3.375225150500795053e+02
5.168508736490073261e+02
1.026174991288049796e+03
2.185772691312733400e+02
5.274594211658428549e+02
3.910127102766583448e+03
3.603159069398764132e+02
7.272681629942590575e+01
1.149340089632927857e+03
6.188127095184291875e+02
3.927205701309164283e+02
5.698959678912510896e+01
5.919230360559462270e+02
8.452725900276682296e+02
1.997481859624535048e+02
1.342181320656835396e+03
1.674552078710740034e+03
1.892666930544061188e+03
5.849010147257316703e+02
6.333572858594470745e+02
1.200988812739232799e+03
2.903768531913709694e+02
1.613841493022806389e+03
1.230797463375228290e+03
8.098160546408591927e+02
2.978677470133713427e+02
1.920043100202129551e+02
5.647807903267997744e+02
2.691303511635691947e+01
4.394361931242349328e+02
3.033169552428623206e+02
8.206558620383677862e+02
7.153899915600902659e+02
9.623556662205752446e+02
1.477452469024547383e+02
1.331528201563529876e+02
1.001365324727501161e+03
3.583987143713005139e+02
9.924232418536735167e+01
2.723743422234331319e+02
6.008647090761971867e+02
1.414013283149495237e+02
5.627129765687734562e+02
8.723114501920829866e+01
2.995635161871157948e+02
1.868786811895549249e+02
3.275213705339664898e+02
2.454660204232086471e+02
7.466633564159452590e+02
1.432536615550069996e+02
7.464425478014787814e+02
1.716389931823931420e+03
9.581257723818732757e+02
4.729165170274180809e+02
5.738611987827758867e+02
1.044076370885928327e+03
6.087539805747848050e+02
4.772547146737724120e+02
1.447249334320943944e+03
7.694527522333689831e+02
1.209360072044061667e+02
5.944204788257859491e+02
5.200235501865192873e+02
8.846125905174432091e+02
1.996984912162743058e+02
2.309178578633943744e+02
1.636800465757604570e+03
7.835449526890646439e+02
1.023001187653201924e+02
5.087156900043782457e+02
4.117431041879555664e+02
2.813585375522704339e+02
3.736052042387466940e+02
1.847411923234834831e+03
1.063673519657550969e+03
4.626883136297934129e+02
3.865815783317791556e+02
2.875977385509196438e+02
5.150542804953859104e+02
8.591621178896680249e+02
4.986832941530391281e+02
4.566245299619870934e+01
3.545723213788949693e+02
5.992217085504574925e+02
2.005347974396037216e+02
1.681633323882792865e+03
1.863647248043282161e+03
1.142153307164865481e+02
1.038299484721836961e+03
9.453710266104607740e+01
2.744128514507228260e+02
7.738165657282692678e+01
8.771434189350097768e+02
6.912360907223187496e+02
2.958074130831204457e+03
1.155504287427034569e+03
3.894623366592609273e+02
2.714901855950197955e+02
2.416416766986867970e+03
5.284130479755128817e+02
3.073584188996599664e+02
7.001776612791755952e+02
1.094098999926533793e+02
4.638717658326180526e+02
2.333661182040257245e+02
4.067788552031372546e+02
1.348106778742493361e+02
5.157441665284264900e+02
1.032098400105824112e+03
3.137517248431618668e+02
1.377496354096276491e+03
2.087292049260711337e+02
1.057386365790423724e+03
6.318878583234550206e+02
3.750298552714803577e+02
1.046835710091301962e+03
1.807034173488764850e+02
5.677379863463428364e+02
5.505070247366101057e+02
1.447823129328373852e+02
1.139517948666454231e+03
2.703327590943178507e+02
9.523343364158078828e+01
7.200445961676846309e+02
2.868223980471296954e+02
4.568465681371837377e+02
3.937929520144456887e+02
1.068286421663712417e+03
5.508481253758485536e+02
1.891373842509459564e+03
2.457510735858284079e+02
1.999306732674951490e+03
9.890338552374625181e+01
7.542666525813654061e+02
8.104878046531291602e+02
4.836917724865908781e+02
1.310437136504705222e+03
4.400619370725163435e+02
4.211623590884979649e+02
2.186148731969388336e+03
8.920572733486666266e+02
3.045355523898920751e+02
3.391762742322084705e+02
2.787981822584018232e+02
7.565054777442848035e+02
4.744159663379060135e+02
1.796459951208981010e+03
8.437780589601010206e+02
2.447191647430018406e+02
2.555833584283263008e+03
9.266542433216665131e+02
1.759427631283016808e+03
1.013692285828195736e+03
1.649448547135671788e+03
4.879319126647112057e+02
1.627731430738382983e+02
9.839806680264925376e+01
1.570997449378728561e+03
9.585030425992586061e+02
7.155645891837797308e+02
2.448288005747786542e+02
8.170693358517469278e+02
3.782614482606480237e+02
5.905846592011154144e+02
3.084670728247303373e+02
1.814948446055533395e+03
3.746910088269140147e+02
2.658599245480058016e+03
4.770181266966017120e+02
1.554884056009360165e+03
4.160068109467381987e+02
9.944745590052362161e+01
6.744541237059000878e+02
4.482849318459610686e+02
1.622794744406600103e+02
1.451837645112501150e+03
8.287090749676497126e+02
6.891454276273893811e+02
2.121551709740057561e+02
9.870325402222616162e+01
2.938770027366948057e+02
3.953437354854198134e+02
1.442558560135202470e+03
5.142727921879449013e+02
1.065649013897417490e+02
1.425649026193024838e+03
4.056477617947406316e+02
1.552638058408847996e+02
1.861334649236550263e+02
4.016024045289639730e+02
5.211236996498723784e+02
6.628424595600037037e+02
2.396788879196990365e+02
7.771678359618438208e+02
1.638413239582060044e+02
9.804987569653334276e+02
9.613258066456322695e+02
5.002286470641215033e+02
1.023296384691845901e+03
3.186360523805166736e+02
4.225338316196501296e+02
1.493239004166468931e+03
1.602841023023217303e+03
1.828774856466715732e+02
1.951145863506668320e+03
3.403765304316793276e+02
3.924268075797910569e+03
4.264483431310538322e+02
4.359176001679579713e+02
1.826960229755717933e+02
1.354192079723078450e+02
3.059381737928761709e+02
9.976465182989887808e+02
7.754457336957941607e+02
1.913515157358669967e+02
2.658702733508183655e+02
1.343469285521727841e+02
6.464103025713291117e+01
1.824820794085157104e+03
1.495241138888823400e+02
2.200030472613430447e+03
9.325036735688399858e+01
1.195701701599340822e+03
3.566202572384496534e+02
9.304515367101237189e+01
3.586789517543936086e+02
1.116870464649975247e+03
1.835817165548978892e+03
1.089331378195154457e+03
2.858428479987310880e+02
6.127509751185066307e+02
1.073227206531262709e+03
9.397399458562932750e+02
7.913960053416216169e+02
2.412531355079412663e+02
2.711225469366877405e+02
4.251091465690695941e+02
1.017937036859054274e+02
2.267685002525210223e+02
3.250781308996500911e+02
1.885886927750908910e+02
3.669656787590207614e+02
1.130141523464680859e+03
1.526318286344816215e+03
4.652549191907072412e+01
9.594522634829787648e+02
2.204433324661514746e+02
6.789835180458017305e+01
1.580161775354541192e+02
1.413313458167218926e+02
5.646764825915205392e+02
1.182372238649950532e+03
7.000437416229771088e+02
2.188669331466313679e+02
2.431612088344348308e+02
1.777382291845870839e+02
2.211271731589351646e+02
2.575127441408101276e+02
7.385778675174954060e+02
2.451825042115016458e+03
9.329285892645208378e+02
6.332957053595424668e+02
4.586306607567146898e+02
1.421393721432565371e+03
1.653136204692352067e+03
3.851461686426561641e+02
1.822629102083562429e+03
1.097870677466445102e+02
1.173650554537012454e+02
5.871480369601856637e+02
4.089190081174574942e+01
1.534489742030986463e+03
2.421604488634401662e+02
3.113869721687904075e+02
5.308833379458937998e+02
7.563847758659360352e+02
6.751247466208341166e+02
2.776802041644606902e+02
1.610411018585527643e+02
8.790764933296842401e+02
4.669134941523628868e+02
3.314287096077773072e+02
2.691107806552800525e+02
8.295240688049889286e+02
9.238265610323719557e+01
1.202463260981539861e+02
4.261989472296100985e+02
2.746820227872440796e+02
8.472999307449919115e+02
1.653705901164014904e+03
4.769566486600913322e+02
2.915386856180228392e+02
1.233334457015222824e+03
5.345838034268472256e+02
4.255092661233579179e+02
4.846014425001560255e+01
6.692107644353247053e+01
3.598635310545543007e+02
4.806686925045875682e+02
2.420514278120284416e+03
4.714547742459898245e+02
2.602797681007477308e+02
4.651352419463003685e+02
6.204600135067246356e+02
4.654970401911639328e+02
7.791431252749221130e+02
2.190680687894144683e+02
2.540259148367302089e+02
2.826181200569737371e+02
2.332879386342633836e+02
3.398254822977580147e+02
2.058153509222678963e+02
9.060160664651348839e+01
1.654427243459069814e+02
7.195478536326808126e+02
6.449110581876295782e+02
1.034710192023573200e+03
1.374156047445879665e+02
1.200079962432821048e+03
1.680996001570968872e+02
1.522338608114711462e+02
5.242687110709546232e+02
1.623370588681913887e+03
3.398179000065883884e+02
6.336222561968068021e+02
3.355231468393680188e+03
7.269150741379012288e+02
4.047354277329267092e+01
5.320535723708686646e+02
6.027220630225697278e+02
3.834675108557404428e+02
1.229171369309528927e+03
1.285430945154111555e+02
9.625097711654278783e+02
1.271681382288566965e+03
2.256751133731840753e+02
5.583968085521686362e+02
3.567419837507401894e+02
7.952479117191790010e+02
1.254412201832803703e+03
1.700831890051040034e+02
1.667488252315698219e+03
2.879051287334714857e+02
3.423905509077590523e+03
3.106779254810374482e+02
6.726990282269232466e+02
1.074469062868772198e+03
2.891730107731037151e+03
9.895291632849476855e+02
4.233205455601945459e+02
3.073516563156438224e+02
2.127666725104955958e+02
2.910813914897798441e+03
1.201710155034287908e+02
2.216895947296108716e+03
5.957909267229962325e+02
5.939620576002068901e+02
4.496538427922586720e+02
4.394208236151073379e+02
1.293888273710055046e+02
2.073411333250611222e+02
1.351717588753535892e+03
3.630609012700645053e+02
4.128330073118902988e+02
9.296280384110673367e+01
4.067243446774314179e+02
1.885608227318728723e+03
2.239532160339227573e+02
2.820859251875822906e+02
4.703610799764703074e+02
8.634475468880176550e+02
2.446953932355511370e+02
2.209837244070776308e+02
3.870110024168041036e+02
2.304807490238056289e+02
7.144652594275800084e+02
1.529587893253226184e+03
1.443856771339513045e+02
5.477735063065706527e+02
8.902841443123132876e+02
3.515058993811518349e+02
3.131851022733245600e+02
4.647424997563932720e+02
2.799058115495303696e+02
6.206607392959309664e+02
1.555579782455869235e+02
6.928361590858953605e+02
6.821694123611633813e+02
1.185607008004337786e+03
2.943181076486567349e+02
2.438944368832152122e+03
2.082913788427231054e+02
6.609422759148623072e+02
8.054252932732883892e+02
9.105978195994644011e+02
1.145662678415665823e+03
6.122297438322927974e+02
7.623601336245616267e+02
1.106938687851724836e+02
3.847141829727765838e+01
1.159840538268899309e+03
9.717438747126798262e+02
9.462295673903280431e+02
2.349435421574876841e+02
7.487820944808810282e+02
1.500377628839264901e+02
6.669045183590322949e+02
6.230647354502748669e+01
1.618920603472504808e+03
7.902495424240974842e+01
5.414435227406744389e+02
2.055202563470181190e+02
5.290921753521640767e+02
7.539978910984209506e+02
3.901758917363579826e+02
7.256933006256517729e+02
1.082902824844053384e+03
1.573191190648207112e+03
1.749925176106397203e+03
8.632429274898322547e+01
3.364094551990592095e+02
2.975857677525771123e+02
2.555689110897463650e+02
2.500125261499389921e+02
5.384396034133835656e+02
5.494332083655623222e+01
1.601817413715319617e+03
1.961597129713431400e+02
6.733905536742706772e+02
1.918626031460565571e+02
4.215691387634082048e+02
6.987113076450090148e+02
1.130866964295503294e+03
4.397094629965235413e+02
9.925699694341449231e+02
1.803088308178740817e+02
9.064398550634796266e+02
3.223808845111517485e+02
1.607991857848844575e+02
9.734384143256939979e+02
1.694814214910616556e+03
8.252959168439880955e+01
3.297026112693544633e+02
3.614716940262713933e+02
3.534934843015321349e+02
2.533566239459206315e+02
1.670988401861022226e+02
1.532409735129052024e+03
2.219540527499996642e+03
4.767925023026086251e+02
1.255326175308924576e+03
4.569333546320575579e+02
1.456268162277015392e+02
1.394446873396127785e+03
2.293111293791957905e+03
5.469372000832412795e+01
3.587416593516342118e+02
2.910824161237216572e+02
1.734523903326607410e+02
2.808719388932908032e+02
1.523499518370815622e+02
6.445971103478499344e+02
7.949073233969115790e+02
9.975586047067789650e+02
6.512757768441540520e+02
1.037049431312792791e+02
1.766385920382049051e+02
1.017531179354691744e+03
6.845440015213764582e+02
2.907141626850245757e+02
2.808717339665024610e+02
6.334669216912238880e+02
1.148752974384253918e+02
4.473040497734380665e+02
1.670424853193010506e+02
3.425823623816714189e+03
6.880016287581139522e+02
6.973371710656080040e+02
6.986888681616827625e+02
6.580091587929525758e+02
1.023930018321479565e+03
4.473675770778320953e+02
4.933340901962716885e+02
4.269194698175116969e+02
5.181752130188349383e+02
3.407173236807351486e+02
4.314040876541549210e+02
1.817953697406948550e+03
1.930888850476500920e+03
8.140079345603187733e+01
2.458497458344275515e+02
4.278904129407987966e+02
6.229957775859891171e+02
4.684090498538718066e+02
2.860742103427984375e+02
3.658445242998599269e+02
2.960349842816029877e+02
1.137931815324486706e+03
1.669240376356243871e+02
3.521352295482296881e+02
2.422655763058729121e+02
1.809852941462765443e+02
2.682093077132496546e+03
1.221800152731935327e+02
1.969783954908729129e+02
2.575589551315870835e+02
4.781616181756945707e+02
2.702560140120741039e+02
6.115462105296917343e+02
7.592369469064406076e+02
5.985663526812569444e+02
2.213706261835162366e+02
3.066182233400750761e+02
3.861330960554359990e+02
5.491618852977632059e+02
3.378914857325358980e+02
4.482381060748189725e+02
2.918011968339221198e+02
1.684907029326970132e+03
1.987834931062116084e+02
1.806610999670785134e+02
1.871861738355009663e+02
7.044475158416091745e+02
2.805644462473447902e+02
8.412745708500045794e+02
9.114705003277290984e+01
9.323639134991731225e+02
4.182096714582989989e+02
5.768455476017776391e+02
2.497649745895905653e+02
3.136477244980651449e+02
7.659791407071388676e+02
1.644922739014566559e+02
3.781296803357274712e+02
1.309462709626015794e+03
7.250599743862006790e+02
2.466174015836537237e+01
1.409558174770377036e+03
6.697509514494624909e+02
4.580259218042410225e+02
3.604161161393883503e+02
8.373663096056461086e+01
2.530006661145255862e+02
6.736242726764043027e+02
7.974449318172712537e+02
6.032229040933408442e+02
5.892284537156966735e+02
4.741372659057257124e+02
5.823907640316190282e+02
1.545496359834226496e+03
1.320824875407074160e+03
8.638506378807373665e+01
1.105399687671081892e+03
1.254520813030638777e+02
2.041686617143375997e+03
7.801900962366937620e+02
6.331106564696463010e+02
1.562394622803043831e+03
6.916232998889399823e+02
4.672668903989032856e+02
6.738967228415394857e+02
5.177181238173802740e+02
1.227389530884669966e+03
1.448579309177451478e+03
2.596052515768347803e+03
3.665574645965918990e+02
1.598447392680609482e+02
1.815920823666338947e+03
2.991119600089471078e+02
2.670146870004589346e+02
6.847339686541935180e+02
3.227002629108231304e+03
3.939591476398120449e+02
6.509210485734892018e+02
1.553848151094160528e+02
6.109036625847641062e+02
5.266507800589430417e+02
4.898243090918945768e+02
5.252522571917263576e+02
9.855153647445797560e+02
2.278414969164153945e+02
5.207586225763949415e+02
4.280669573689777394e+02
1.691837653309572715e+02
2.201498773052086477e+01
3.038266081655332869e+02
3.080487147862772304e+02
9.154877826234993563e+02
1.072280444769002941e+02
8.688952181665958960e+02
4.845388373663096218e+02
1.486984638585480525e+02
7.464269733655628443e+02
2.466427100420171712e+02
3.201553795894762970e+02
2.978642632579691281e+02
2.607544810060019813e+02
1.101247870938748150e+02
2.067300416421480350e+03
6.210719248967911881e+02
1.985754924160181929e+02
7.744268377040289124e+02
5.284521889920911235e+02
1.503322426788111670e+03
7.699838200054243771e+02
2.322757027631201083e+02
