trial b/dMass b/dRadius b/dEcc b/dOrbPeriod star/dMass star/dSatXUVFrac star/dSatXUVTime star/dXUVBeta vpl/dStopTime 
rand_000 -1.646820 -1.120086 0.007817 -1.628891 0.193954 0.001615 664375679.424664 1.270935 8103436634.397578 
rand_001 -1.649526 -1.151998 0.007389 -1.628958 0.193051 0.001663 749556574.188654 1.353347 8981796134.212040 
rand_002 -1.674908 -1.112873 0.003597 -1.628956 0.197118 0.002425 526336134.947985 1.417827 7587641402.965085 
rand_003 -1.648290 -1.138192 0.003333 -1.628918 0.197535 0.000531 1929038307.687069 1.474692 6751567566.913087 
rand_004 -1.669868 -1.133583 0.004738 -1.628870 0.199226 0.001176 1053758499.889366 1.395900 8230986484.630186 
rand_005 -1.649204 -1.150319 0.007587 -1.628930 0.190546 0.000418 1660048503.189996 1.456864 7705581080.908663 
rand_006 -1.662342 -1.117371 0.007356 -1.628903 0.197664 0.001532 428175478.743205 1.099620 6508052660.739748 
rand_007 -1.637763 -1.132977 0.005708 -1.628958 0.199162 0.000694 1329074681.685461 1.414284 9116226935.980326 
rand_008 -1.660731 -1.116525 0.002982 -1.628921 0.195537 0.000719 1207758929.973935 1.419485 6960589622.794258 
rand_009 -1.613129 -1.141020 0.010682 -1.628941 0.199053 0.003897 212709603.765264 1.093853 7078416671.321638 
rand_010 -1.666338 -1.143308 0.004568 -1.628881 0.194191 0.000604 2031418092.065183 1.881459 6850742965.741360 
rand_011 -1.672295 -1.144929 0.001341 -1.628888 0.192334 0.001063 1029814891.971550 1.456110 8256857735.050590 
rand_012 -1.652039 -1.122079 0.004821 -1.628869 0.196442 0.001042 701275628.957999 1.336242 9967408889.891382 
rand_013 -1.635209 -1.143607 0.003093 -1.628950 0.190240 0.000423 1513254854.541552 1.080269 6559493785.739315 
rand_014 -1.635388 -1.134062 0.002395 -1.628930 0.196447 0.001175 1312754886.676138 1.416219 7905999644.556375 
rand_015 -1.656164 -1.140369 0.000294 -1.628921 0.188088 0.001041 905503582.871171 1.525960 6942599917.930435 
rand_016 -1.652201 -1.121198 0.008444 -1.628949 0.191933 0.000699 1117644127.820374 1.178767 7229900622.888600 
rand_017 -1.652168 -1.164706 0.002476 -1.628927 0.197900 0.001376 940904549.184794 1.489668 7863886822.643904 
rand_018 -1.684791 -1.125059 0.006738 -1.628906 0.195566 0.000844 1624386275.472464 1.495248 7177714637.829921 
rand_019 -1.636446 -1.095373 0.000636 -1.628946 0.194202 0.001235 461842119.282124 1.357972 7411047383.857962 
rand_020 -1.688931 -1.105279 0.000995 -1.628950 0.193983 0.001311 1005902065.813177 1.503976 8106704857.157361 
rand_021 -1.684748 -1.142333 0.003556 -1.628952 0.194214 0.002427 1364410423.854745 1.853533 6758024529.810727 
rand_022 -1.658734 -1.120108 0.006237 -1.628967 0.189610 0.000775 949024989.964656 1.344084 5913096350.137219 
rand_023 -1.667357 -1.123989 0.002347 -1.628908 0.190564 0.000838 986612699.072910 1.354696 7118174256.727751 
rand_024 -1.641688 -1.100612 0.003419 -1.628950 0.190234 0.000465 772506143.657718 1.273491 5640542232.069682 
rand_025 -1.649711 -1.180202 0.001600 -1.628953 0.197541 0.001064 596556066.024979 1.297360 8582309205.353150 
rand_026 -1.656821 -1.107743 0.002565 -1.628917 0.197496 0.000335 2847955185.284208 1.553399 7190007302.644424 
rand_027 -1.685887 -1.135350 0.009673 -1.628931 0.198802 0.000569 165515700.665236 0.670472 6713477091.307517 
rand_028 -1.659389 -1.144865 0.003795 -1.628945 0.191838 0.001102 694738572.260275 1.221584 7034390785.253336 
rand_029 -1.661208 -1.145436 0.004592 -1.628909 0.206058 0.002070 623661171.849792 1.342862 8095687241.282948 
rand_030 -1.654890 -1.155998 0.013407 -1.628946 0.195620 0.001252 946640919.127803 1.434714 8085402124.753014 
rand_031 -1.669891 -1.142282 0.005634 -1.628990 0.188631 0.004274 198240745.214817 1.202341 6749168207.053287 
rand_032 -1.647975 -1.151595 0.005461 -1.628895 0.191819 0.000850 687632739.760368 1.176238 6977316882.764498 
rand_033 -1.667971 -1.126396 0.005064 -1.628953 0.189318 0.000688 1293196995.188706 1.566017 6980737238.008245 
rand_034 -1.650130 -1.118201 0.000005 -1.628950 0.196190 0.000275 1832260847.489300 1.021499 5598236484.074474 
rand_035 -1.641691 -1.135131 0.000643 -1.628950 0.195702 0.000700 353700102.166083 1.039675 6032890895.141535 
rand_036 -1.672296 -1.100006 0.008961 -1.628929 0.188599 0.001167 364139929.672313 1.082441 8189378547.976109 
rand_037 -1.677760 -1.140968 0.000221 -1.628938 0.199315 0.000194 4616588790.771757 1.327131 8287325404.302088 
rand_038 -1.649044 -1.136177 0.009523 -1.628904 0.197079 0.000270 2280570896.283019 1.464309 6382325603.093849 
rand_039 -1.690385 -1.139459 0.000804 -1.628887 0.197601 0.001112 797487897.732893 1.212998 8143349482.098797 
rand_040 -1.634432 -1.118028 0.003665 -1.628949 0.189601 0.000649 1764637639.039329 1.498153 7835765562.467697 
rand_041 -1.659748 -1.116009 0.002284 -1.628956 0.202040 0.001807 745952801.561200 1.550464 7426192653.321646 
rand_042 -1.662639 -1.120093 0.002958 -1.628945 0.189818 0.002100 1104137305.902101 1.650596 7734767873.711595 
rand_043 -1.647442 -1.132482 0.013008 -1.628919 0.190326 0.001800 831847526.945792 1.473825 7681923408.910116 
rand_044 -1.648869 -1.156812 0.000153 -1.628934 0.187528 0.001414 399214524.098426 1.002008 8081076298.823377 
rand_045 -1.659850 -1.136389 0.003665 -1.628945 0.196696 0.001228 921277659.045591 1.504801 6341123314.276297 
rand_046 -1.639792 -1.100437 0.006723 -1.628966 0.192205 0.000515 1394091680.891399 0.976236 7958045603.332266 
rand_047 -1.675465 -1.109735 0.003397 -1.628991 0.193929 0.000754 1210080536.738437 1.468947 6358494191.021089 
rand_048 -1.643616 -1.124119 0.002917 -1.628958 0.200148 0.001386 1023547394.864715 1.365815 6921224914.315120 
rand_049 -1.684808 -1.137689 0.008041 -1.628897 0.194127 0.000858 854157381.227311 0.863466 7969184041.329699 
rand_050 -1.648255 -1.130272 0.003225 -1.628919 0.191986 0.000630 1088131920.704361 1.659958 6691245731.649755 
rand_051 -1.667541 -1.137600 0.000818 -1.628936 0.188525 0.000516 1331931193.434823 1.262603 6755981194.102624 
rand_052 -1.690155 -1.106139 0.002968 -1.628911 0.190220 0.001202 726448842.205256 1.131030 8652725219.479937 
rand_053 -1.654097 -1.146779 0.008289 -1.628966 0.190693 0.000685 155188188.611269 0.691602 6172810565.123426 
rand_054 -1.660792 -1.111527 0.001698 -1.628929 0.187180 0.001285 881301980.500044 1.131658 9069844987.891905 
rand_055 -1.695483 -1.140584 0.000671 -1.628979 0.195911 0.000432 1561700370.852021 0.879243 8355921375.133986 
rand_056 -1.708614 -1.103581 0.000315 -1.628922 0.189393 0.001049 1069374007.193877 1.569584 7097506097.921084 
rand_057 -1.663502 -1.121464 0.008057 -1.628924 0.197389 0.000352 929307597.201544 0.982071 6803798422.467840 
rand_058 -1.622781 -1.144988 0.000694 -1.628923 0.198439 0.000886 427591735.550118 1.079522 6410762311.276470 
rand_059 -1.652617 -1.136186 0.007135 -1.628899 0.192466 0.000913 1199081819.463218 1.210098 8450806930.739187 
rand_060 -1.675371 -1.115767 0.002105 -1.628910 0.198461 0.000620 569898910.304484 0.677575 7705647017.261229 
rand_061 -1.635117 -1.139983 0.004185 -1.628964 0.193516 0.000529 1019405327.668165 1.039991 6094302950.334878 
rand_062 -1.639134 -1.129557 0.001685 -1.628899 0.196661 0.000957 917981461.672856 1.606632 6578351118.819788 
rand_063 -1.630754 -1.140259 0.002920 -1.628937 0.191031 0.000341 2533175211.017230 0.892800 5633566140.848874 
rand_064 -1.644270 -1.094818 0.002580 -1.628984 0.201166 0.001565 996030676.533861 1.661553 6966029792.102883 
rand_065 -1.639624 -1.091379 0.002478 -1.628934 0.193275 0.002366 609557373.576582 1.451945 7614417840.016093 
rand_066 -1.643185 -1.100738 0.001728 -1.628914 0.197285 0.001350 369049074.069870 1.216977 7378663224.308131 
rand_067 -1.670983 -1.132487 0.001671 -1.628958 0.188596 0.001335 563429392.659091 1.274382 6524166506.785860 
rand_068 -1.697657 -1.138055 0.003099 -1.628895 0.189791 0.001472 761894715.200619 1.343018 7472372689.000492 
rand_069 -1.671986 -1.145583 0.005283 -1.628956 0.196094 0.000812 826636574.885340 1.190033 7386003385.015860 
rand_070 -1.634586 -1.099286 0.004532 -1.628944 0.193712 0.000149 3080483671.803329 0.865684 9232951091.092409 
rand_071 -1.668763 -1.111386 0.008407 -1.628949 0.195066 0.000705 243234855.629984 0.701087 7635079049.956388 
rand_072 -1.663346 -1.110425 0.001927 -1.628977 0.200067 0.001248 397591047.480253 1.083803 7659253000.610013 
rand_073 -1.686813 -1.134999 0.003365 -1.628958 0.190245 0.000755 720045455.557688 1.026555 7616560574.547183 
rand_074 -1.672675 -1.165158 0.004975 -1.628950 0.197762 0.000586 817728383.714800 0.929941 6750890636.641810 
rand_075 -1.660209 -1.160559 0.000569 -1.628935 0.189070 0.000514 2097608554.206170 1.936186 7286184084.292755 
rand_076 -1.648671 -1.128847 0.005919 -1.629012 0.199054 0.001083 415179891.778040 0.999250 5831656891.455744 
rand_077 -1.670549 -1.140453 0.002656 -1.628912 0.196629 0.000826 342080060.520395 0.814963 8211517509.005096 
rand_078 -1.672156 -1.142754 0.003754 -1.628912 0.185710 0.001411 189413189.154074 0.897886 7039937857.213507 
rand_079 -1.640630 -1.123097 0.006244 -1.628899 0.199430 0.002209 1393753019.018704 1.668316 11823551170.591715 
rand_080 -1.652519 -1.109727 0.002090 -1.628971 0.200019 0.002067 1249047711.231565 1.887981 6930475732.138699 
rand_081 -1.649681 -1.144025 0.007021 -1.628939 0.191289 0.000229 2287926507.057950 1.418986 7259406335.419507 
rand_082 -1.624849 -1.156112 0.003540 -1.628906 0.189116 0.001085 535767009.886007 1.250907 7184244179.834260 
rand_083 -1.671617 -1.143549 0.003440 -1.628903 0.197193 0.000534 1314968614.046782 1.614914 7382231388.383409 
rand_084 -1.661127 -1.150879 0.004908 -1.628891 0.194149 0.001014 512272946.564084 1.115518 8822953444.273556 
rand_085 -1.647323 -1.118143 0.008831 -1.628928 0.191385 0.002204 996240131.570918 1.772642 8818844236.050243 
rand_086 -1.680045 -1.130082 0.004430 -1.628933 0.197223 0.001022 729627782.196281 1.370194 6419093879.042982 
rand_087 -1.654732 -1.092390 0.003869 -1.628973 0.202286 0.000717 1112067774.433228 1.224541 6446341026.089064 
rand_088 -1.659489 -1.115306 0.003485 -1.628902 0.189284 0.000882 731177918.928814 1.115254 10946243044.223686 
rand_089 -1.596122 -1.093723 0.001396 -1.628943 0.199107 0.001694 857168839.792618 1.412361 6671792874.955226 
rand_090 -1.657703 -1.158078 0.000977 -1.628930 0.190207 0.000894 391824979.882496 0.909423 8036877999.072072 
rand_091 -1.633390 -1.195057 0.002021 -1.628932 0.187036 0.001144 2411459869.923343 1.647866 8311894325.635286 
rand_092 -1.640911 -1.125140 0.008412 -1.628996 0.199200 0.000343 3018997495.960065 1.534940 6564284352.910672 
rand_093 -1.686601 -1.127536 0.007541 -1.628953 0.197253 0.001114 1433983653.041279 1.581922 6083468250.892050 
rand_094 -1.695623 -1.132456 0.005904 -1.628919 0.196757 0.000991 647032431.209290 1.141137 5753705425.416499 
rand_095 -1.654319 -1.128084 0.002062 -1.628932 0.193062 0.000558 921104552.781972 1.249910 7070092375.251505 
rand_096 -1.631081 -1.152481 0.004492 -1.628919 0.191831 0.000196 1083049246.180451 0.738699 6752965993.299170 
rand_097 -1.653378 -1.118736 0.006911 -1.628910 0.198963 0.000579 1243548116.239342 1.332853 7077072808.792749 
rand_098 -1.658186 -1.115276 0.002056 -1.628953 0.197364 0.000329 2731544702.278310 1.280259 7760976170.445866 
rand_099 -1.666534 -1.153995 0.000777 -1.628945 0.188289 0.000840 952567288.180291 1.291332 7037524991.256612 
rand_100 -1.690451 -1.137073 0.005877 -1.628935 0.192327 0.001712 267371022.424487 1.108834 8570846594.349458 
rand_101 -1.682092 -1.135837 0.005555 -1.628910 0.189434 0.001295 1168328158.160791 1.419765 9182005323.497847 
rand_102 -1.697313 -1.143416 0.004212 -1.628937 0.198410 0.001357 258486619.371368 1.184676 6287887663.319623 
rand_103 -1.685370 -1.153222 0.007798 -1.628979 0.201343 0.000531 923250872.590770 1.044765 7763414596.968242 
rand_104 -1.672098 -1.129750 0.003794 -1.628936 0.189600 0.000552 986346277.728102 1.286655 6948092073.273242 
rand_105 -1.642152 -1.124784 0.000968 -1.628911 0.191018 0.001515 997422941.444397 1.487006 7053869705.450002 
rand_106 -1.670237 -1.142204 0.001597 -1.628894 0.202870 0.000792 1624317243.408072 1.625311 6882995704.078157 
rand_107 -1.654121 -1.151816 0.007515 -1.628923 0.196670 0.000628 1046113585.349272 1.185173 6889855141.790270 
rand_108 -1.656890 -1.121789 0.006876 -1.628971 0.188574 0.000912 466337825.871419 1.143524 8050578580.930058 
rand_109 -1.648522 -1.145346 0.000396 -1.628942 0.191307 0.001368 1783148529.904339 2.006253 7594631429.528919 
rand_110 -1.683801 -1.136184 0.000506 -1.628918 0.187020 0.001252 697169972.718129 1.332797 6932427441.722727 
rand_111 -1.635639 -1.138722 0.007944 -1.628908 0.195608 0.000730 2260455192.088623 1.631638 7625698099.864348 
rand_112 -1.692365 -1.105086 0.005245 -1.628917 0.195400 0.000573 2499538225.192135 1.464346 8522570881.818027 
rand_113 -1.670300 -1.144429 0.006213 -1.628938 0.193219 0.000570 1035210902.969531 1.374696 8484466023.255912 
rand_114 -1.660481 -1.095489 0.002248 -1.628908 0.193430 0.002155 431693008.708740 1.384614 7213509674.462024 
rand_115 -1.642517 -1.114954 0.002097 -1.628948 0.189746 0.001463 650127233.144602 1.442981 7739187417.612560 
rand_116 -1.628276 -1.093582 0.004075 -1.628926 0.196355 0.000992 679150892.434516 1.315260 7290049779.313005 
rand_117 -1.642335 -1.116707 0.003080 -1.628911 0.201609 0.000376 1887131222.425713 1.404291 7903031867.170238 
rand_118 -1.627434 -1.134421 0.000942 -1.628915 0.193072 0.001319 376928027.072887 1.239582 8439027293.699793 
rand_119 -1.679071 -1.148347 0.003790 -1.628915 0.186995 0.001349 1038073528.969569 1.740858 5785302831.459411 
rand_120 -1.632621 -1.137108 0.001210 -1.628916 0.198705 0.001241 1089000584.276638 1.550226 6531954500.712285 
rand_121 -1.636571 -1.100254 0.017121 -1.628959 0.191716 0.001046 916417815.501698 1.382426 7346810428.198427 
rand_122 -1.715114 -1.130959 0.003560 -1.628931 0.190594 0.000771 867975506.142067 1.232139 7122942564.297410 
rand_123 -1.665071 -1.116782 0.002994 -1.628956 0.187736 0.000402 1262238775.651181 0.941251 5595471746.862967 
rand_124 -1.646153 -1.125861 0.010647 -1.628939 0.186554 0.000625 2445959974.267560 1.345919 6751047666.541841 
rand_125 -1.671855 -1.125007 0.004433 -1.628963 0.195882 0.001339 768015928.833158 1.167459 7035630410.624275 
rand_126 -1.684974 -1.124237 0.002602 -1.628922 0.194884 0.001032 528072131.157729 1.131117 7861393175.098965 
rand_127 -1.611374 -1.120093 0.000760 -1.628984 0.200578 0.000473 479998859.786915 1.001935 6881441068.129544 
rand_128 -1.657446 -1.146282 0.005671 -1.628914 0.202249 0.000766 281077163.585898 0.818477 6117021549.165442 
rand_129 -1.656817 -1.135498 0.001018 -1.628931 0.192761 0.001122 635159590.290867 1.016786 7463625468.956573 
rand_130 -1.690107 -1.123814 0.005445 -1.628880 0.191469 0.001307 302736723.136268 0.901619 7585380778.056262 
rand_131 -1.674084 -1.126730 0.005148 -1.628937 0.190285 0.001174 380873819.869949 1.132714 7988101098.659006 
rand_132 -1.680650 -1.139224 0.006270 -1.628937 0.187023 0.001564 1317856940.318278 1.843864 7480675615.837379 
rand_133 -1.635184 -1.121668 0.005216 -1.628913 0.190008 0.000569 1144538610.889277 1.127793 8491649611.496362 
rand_134 -1.648393 -1.145423 0.002132 -1.628935 0.197698 0.002689 370030941.858246 1.237395 6899155486.946979 
rand_135 -1.673123 -1.154460 0.006672 -1.628924 0.194106 0.002502 239603914.808194 1.072488 6135763392.164511 
rand_136 -1.647108 -1.124100 0.007212 -1.628904 0.191482 0.000599 1731325823.044542 1.810282 7395023879.050353 
rand_137 -1.665831 -1.153970 0.008860 -1.628938 0.197601 0.001045 592058384.822179 1.129048 8359472151.346954 
rand_138 -1.654607 -1.124398 0.003553 -1.628899 0.194739 0.000789 1322941760.400898 1.373090 8115751700.022358 
rand_139 -1.654715 -1.169094 0.006087 -1.628976 0.189891 0.001447 947326325.360312 1.310273 8959667070.375603 
rand_140 -1.650334 -1.144500 0.010803 -1.628888 0.197622 0.000892 1202219194.009058 1.389541 7558089751.925567 
rand_141 -1.653108 -1.136552 0.003893 -1.628979 0.201181 0.001602 805806462.588804 1.422467 7519196582.802074 
rand_142 -1.650316 -1.162133 0.004742 -1.628894 0.195213 0.000735 1366810606.338249 1.343714 7091937296.230136 
rand_143 -1.631116 -1.137453 0.001299 -1.628981 0.198953 0.001445 210718655.068788 0.886986 6492000214.976759 
rand_144 -1.645267 -1.106300 0.003446 -1.628878 0.195268 0.001017 414452880.831086 1.032402 8036940007.825559 
rand_145 -1.667749 -1.155406 0.006549 -1.628927 0.193489 0.000704 448147609.028540 0.841456 7445287587.747810 
rand_146 -1.662253 -1.136907 0.002604 -1.628957 0.202113 0.000988 925188596.644347 1.229114 8440624304.804580 
rand_147 -1.631706 -1.095947 0.000273 -1.628881 0.192281 0.001558 743587950.188311 1.319280 6813607067.996382 
rand_148 -1.657414 -1.151237 0.004422 -1.628960 0.203120 0.000266 2482979864.665631 1.450786 8006641133.240022 
rand_149 -1.668602 -1.102056 0.001445 -1.628937 0.188734 0.000765 1863484937.010346 1.567246 9607583199.424559 
rand_150 -1.674516 -1.135580 0.005528 -1.628861 0.198458 0.002426 849873241.289523 1.673522 8082209760.014703 
rand_151 -1.653720 -1.127962 0.001500 -1.628920 0.187180 0.001045 916577530.146457 1.635727 6326832688.617819 
rand_152 -1.679662 -1.104170 0.001138 -1.628986 0.204017 0.001376 332451136.381227 0.993577 6756616570.799893 
rand_153 -1.630450 -1.139702 0.006368 -1.628938 0.195615 0.002678 377931714.643718 1.277972 7548030549.831686 
rand_154 -1.683870 -1.117379 0.003357 -1.628941 0.193906 0.001247 1281948068.699605 1.884460 7083194580.629538 
rand_155 -1.626004 -1.112308 0.013549 -1.628926 0.197835 0.003161 346182549.799465 1.382856 7856147250.489491 
rand_156 -1.666560 -1.143016 0.003549 -1.628932 0.194444 0.001030 608416136.541916 1.427011 6632611967.589046 
rand_157 -1.684765 -1.145229 0.004346 -1.628916 0.197986 0.000384 1507769526.487343 1.337635 7452673975.053154 
rand_158 -1.655649 -1.134572 0.001194 -1.628972 0.195722 0.001023 1496876173.646726 1.568232 7744720849.907090 
rand_159 -1.681920 -1.133946 0.002407 -1.628946 0.188855 0.000933 1215803798.395656 1.563419 6947509568.576938 
rand_160 -1.659209 -1.151579 0.002932 -1.628923 0.194626 0.000386 2257395012.616660 1.494930 7974225622.238971 
rand_161 -1.673284 -1.142832 0.002624 -1.628952 0.197670 0.000602 792766067.303451 0.975232 7032866562.336312 
rand_162 -1.638263 -1.199338 0.007495 -1.628901 0.193414 0.001184 306849516.846567 0.864510 7775641685.210789 
rand_163 -1.656855 -1.136685 0.003431 -1.628951 0.188503 0.001574 392256128.349919 1.589475 5530892764.078071 
rand_164 -1.687336 -1.112112 0.000200 -1.628927 0.197609 0.002091 536886809.261139 1.456132 6781119589.296342 
rand_165 -1.673732 -1.163334 0.004432 -1.628934 0.198039 0.001246 470607411.235844 1.306881 6347865093.124263 
rand_166 -1.643786 -1.139263 0.002109 -1.628958 0.193748 0.000481 907415228.540768 1.155736 9391318287.458664 
rand_167 -1.630397 -1.081153 0.003356 -1.628929 0.196159 0.000985 1741466121.580528 1.659649 11913207541.073193 
rand_168 -1.661041 -1.130451 0.002031 -1.628966 0.186811 0.001158 946436590.346787 1.198729 6942552730.628695 
rand_169 -1.684021 -1.102864 0.004006 -1.628943 0.194521 0.000477 1080907774.835924 1.232075 6846629180.928960 
rand_170 -1.635757 -1.150238 0.003353 -1.628930 0.188350 0.000938 1102463770.438457 1.590862 6525112545.197307 
rand_171 -1.643887 -1.121024 0.004416 -1.628970 0.190780 0.001589 520018031.380405 1.165852 8154872283.493477 
rand_172 -1.629950 -1.153644 0.000886 -1.628914 0.194889 0.000582 631667547.558050 0.840078 7207695848.591416 
rand_173 -1.653325 -1.121979 0.004363 -1.628924 0.194575 0.000479 1244827875.846700 1.295241 6328851730.650909 
rand_174 -1.671974 -1.113155 0.003550 -1.628917 0.193719 0.001550 810133596.527855 1.577751 6591633823.856791 
rand_175 -1.648112 -1.117900 0.003583 -1.628931 0.196570 0.001498 551185402.603048 1.133106 6992651275.322186 
rand_176 -1.652494 -1.136899 0.003188 -1.628962 0.192768 0.001758 556315082.661184 1.543806 6919864673.236580 
rand_177 -1.673222 -1.124501 0.012020 -1.628931 0.191451 0.001133 178382366.908726 0.986278 7472502229.084808 
rand_178 -1.655431 -1.124310 0.007628 -1.628914 0.199589 0.001186 205122191.361424 0.987643 7765760989.881618 
rand_179 -1.664486 -1.116680 0.004272 -1.628963 0.193189 0.000872 2033551043.945100 1.714639 7787291759.914077 
rand_180 -1.642899 -1.132475 0.000586 -1.628961 0.200399 0.000376 1134874191.513312 0.948858 7231668439.112355 
rand_181 -1.648684 -1.111377 0.001850 -1.628938 0.197705 0.000862 1299952898.648231 0.955907 8103541350.647205 
rand_182 -1.684187 -1.101308 0.009712 -1.628941 0.200957 0.000927 1708279500.101367 1.908720 6841215312.293541 
rand_183 -1.686506 -1.136357 0.000735 -1.628931 0.192011 0.000507 993332103.166622 0.942509 7183107939.072472 
rand_184 -1.662066 -1.129071 0.002372 -1.628939 0.186392 0.000771 1992095301.045776 1.487985 7669529732.723734 
rand_185 -1.659245 -1.148096 0.002143 -1.628927 0.199087 0.003042 405043364.079425 1.613655 5924454684.643442 
rand_186 -1.642498 -1.123195 0.004570 -1.628898 0.194773 0.000868 1354804304.813489 1.416339 8265101271.264639 
rand_187 -1.648194 -1.123067 0.001256 -1.628916 0.196305 0.001023 693078852.731995 0.967044 7319634061.007675 
rand_188 -1.626450 -1.128840 0.003783 -1.628929 0.189481 0.000703 982971020.965046 1.073380 8293628822.370803 
rand_189 -1.670745 -1.127332 0.001348 -1.628961 0.191117 0.001495 442999937.631783 1.174329 5836212809.473138 
rand_190 -1.672059 -1.091563 0.008470 -1.628950 0.196946 0.000389 1051683691.000676 1.189885 5466931871.926057 
rand_191 -1.682076 -1.187734 0.000227 -1.628908 0.192182 0.001543 991802713.203782 1.748923 6877912276.448745 
rand_192 -1.642764 -1.139933 0.007083 -1.628944 0.196938 0.001359 1078900693.134282 1.356468 7910306172.841971 
rand_193 -1.659500 -1.136874 0.000644 -1.628957 0.191103 0.000733 2295298658.280351 1.756074 10513850558.095572 
rand_194 -1.702633 -1.100862 0.006051 -1.628874 0.194916 0.000902 975716543.690800 1.445511 7797882366.256033 
rand_195 -1.655350 -1.120494 0.000167 -1.628890 0.193258 0.000938 760337156.211536 1.210606 7596575194.707381 
rand_196 -1.653883 -1.120006 0.011670 -1.628934 0.182639 0.000865 387379382.711915 0.761302 8519801869.742231 
rand_197 -1.663320 -1.104803 0.004862 -1.628960 0.196976 0.001015 1015705897.766641 1.218080 7330218406.707481 
rand_198 -1.653177 -1.133599 0.006984 -1.628911 0.188349 0.000669 811085255.169253 1.021855 6790079519.493392 
rand_199 -1.688065 -1.116953 0.001580 -1.628944 0.185483 0.001631 911662699.194191 1.278473 7312999767.797926 
rand_200 -1.622256 -1.140615 0.006193 -1.628907 0.201865 0.000545 1199289056.984121 1.315937 6713179139.249917 
rand_201 -1.651254 -1.151066 0.006060 -1.628944 0.190986 0.000278 995494506.124980 0.627923 5404639686.714276 
rand_202 -1.700795 -1.094117 0.004492 -1.628887 0.199152 0.000364 1314048380.960051 1.413774 6779839507.047076 
rand_203 -1.660136 -1.122619 0.004334 -1.628945 0.189422 0.001835 1221487313.195719 1.590548 7816160891.676026 
rand_204 -1.650645 -1.117107 0.007754 -1.628867 0.197024 0.001508 1136094090.592449 1.767022 7574473717.844552 
rand_205 -1.685597 -1.151603 0.000431 -1.628926 0.189037 0.000623 1312538318.766016 1.100636 7778395012.000741 
rand_206 -1.647727 -1.119793 0.005171 -1.628894 0.195161 0.000830 364298550.994078 1.082800 7288203465.636747 
rand_207 -1.621339 -1.094435 0.014777 -1.628946 0.195538 0.000500 1311889495.576119 1.476659 6825648311.414929 
rand_208 -1.674820 -1.135549 0.004644 -1.628966 0.195322 0.000344 1694332422.703735 1.232437 7762516712.773778 
rand_209 -1.650146 -1.155116 0.003596 -1.628993 0.187397 0.001454 783479272.326878 1.296471 7635006063.931248 
rand_210 -1.655202 -1.126320 0.005779 -1.628897 0.197534 0.001002 1531458876.226161 1.727808 6759810163.318282 
rand_211 -1.637729 -1.150718 0.005523 -1.628929 0.191523 0.001467 397975738.480859 1.188097 4763845310.714623 
rand_212 -1.662503 -1.161156 0.001780 -1.628965 0.194471 0.000655 908582726.982108 1.103198 6969258705.551756 
rand_213 -1.684534 -1.144695 0.003617 -1.628895 0.199360 0.000444 1604792835.088632 1.310956 8886034898.264996 
rand_214 -1.639204 -1.139852 0.009041 -1.628900 0.194052 0.000799 1536782308.672167 1.610809 5798123350.985325 
rand_215 -1.683167 -1.149745 0.005574 -1.628894 0.196256 0.000445 983842618.086087 1.010414 7081273690.802787 
rand_216 -1.618396 -1.103471 0.007038 -1.628967 0.195923 0.000456 3394350104.451408 1.880210 5786545942.721392 
rand_217 -1.647102 -1.092208 0.009654 -1.628897 0.196739 0.000748 585869155.934190 1.119580 6498118080.105257 
rand_218 -1.673775 -1.117638 0.003972 -1.628921 0.190067 0.002587 299205933.589545 1.431659 6945560798.600045 
rand_219 -1.634501 -1.122316 0.000291 -1.628892 0.185500 0.001406 802255415.989826 1.458276 8170029298.582080 
rand_220 -1.660211 -1.132841 0.005188 -1.628916 0.190087 0.001887 1257512817.761395 1.720236 8154240342.412921 
rand_221 -1.665092 -1.147927 0.006340 -1.628926 0.188952 0.000751 1334612717.284174 1.385487 7695033414.385781 
rand_222 -1.675660 -1.097942 0.008677 -1.628897 0.192766 0.002163 601054361.884977 1.660630 7109255161.465421 
rand_223 -1.703198 -1.131257 0.007417 -1.628908 0.195644 0.000614 872869730.962674 1.009395 6903455133.741483 
rand_224 -1.646099 -1.139252 0.009219 -1.628902 0.204984 0.001355 692329981.526938 1.387484 7114057066.951067 
rand_225 -1.697447 -1.109705 0.005316 -1.628944 0.191906 0.002240 181238570.662693 1.264590 6841009800.903710 
rand_226 -1.678246 -1.131472 0.006226 -1.628936 0.199360 0.000568 2074071727.031341 1.260131 8263025207.453328 
rand_227 -1.650045 -1.110454 0.006065 -1.628978 0.197298 0.001796 562740480.991265 1.351312 7756997517.619708 
rand_228 -1.671516 -1.138195 0.012195 -1.628946 0.196043 0.001216 792457664.033429 1.126737 6639044769.096395 
rand_229 -1.656386 -1.109647 0.007347 -1.628910 0.196600 0.001161 807813679.716685 1.485784 6433436127.560191 
rand_230 -1.687915 -1.110405 0.009067 -1.628916 0.193104 0.000798 287352672.695944 0.733586 6936791512.664550 
rand_231 -1.668015 -1.103503 0.000787 -1.628957 0.189466 0.001757 138883708.532192 0.713982 8989251494.119390 
rand_232 -1.656242 -1.144188 0.005116 -1.628896 0.188702 0.000324 1067836549.117285 1.086621 7373877542.145295 
rand_233 -1.681884 -1.131661 0.006731 -1.628851 0.191915 0.000614 926478416.436761 1.331758 6773396705.601263 
rand_234 -1.621214 -1.091045 0.002205 -1.628955 0.193734 0.001013 929761283.743187 1.321771 6766094296.486262 
rand_235 -1.674661 -1.134928 0.006809 -1.628937 0.187998 0.003271 335835410.232965 1.271341 6400725807.057055 
rand_236 -1.628296 -1.113779 0.008759 -1.628948 0.190875 0.001921 533722937.491586 1.523952 5869363929.073380 
rand_237 -1.663860 -1.084189 0.007570 -1.628934 0.191201 0.001555 322873886.206737 1.193202 7082260987.421422 
rand_238 -1.696075 -1.166981 0.011514 -1.628924 0.196670 0.000568 1749774142.753154 1.421055 7625191386.457350 
rand_239 -1.686149 -1.135591 0.007031 -1.628950 0.194990 0.000515 312128046.324078 0.779084 6765640193.908425 
rand_240 -1.655950 -1.129963 0.000841 -1.628938 0.187472 0.000955 292181444.326289 0.754836 6614535549.490245 
rand_241 -1.636246 -1.165978 0.008159 -1.628929 0.194109 0.000734 984269326.283471 1.215307 6193296587.399698 
rand_242 -1.619295 -1.139119 0.000608 -1.628918 0.190997 0.000708 1910793698.066190 1.703130 8406898527.200978 
rand_243 -1.657051 -1.149428 0.003394 -1.628891 0.191230 0.000677 1059598197.947407 1.236602 5593089519.418613 
rand_244 -1.687077 -1.112846 0.006482 -1.628931 0.193236 0.001135 1441307212.792849 1.467934 7599823137.227287 
rand_245 -1.653595 -1.164653 0.004901 -1.628946 0.195178 0.002245 532556768.926167 1.430306 7080015306.207938 
rand_246 -1.678980 -1.092214 0.008621 -1.628912 0.196117 0.000655 1177620949.244335 1.432584 9419935221.264338 
rand_247 -1.650980 -1.116202 0.013308 -1.628920 0.188405 0.000565 1346048308.034268 1.437251 6586455013.865653 
rand_248 -1.681654 -1.151076 0.009804 -1.628936 0.198628 0.001235 554971862.876839 1.234706 7056772514.365436 
rand_249 -1.708060 -1.109472 0.001702 -1.628918 0.192498 0.001183 603888271.629972 1.414415 6618667620.217029 
rand_250 -1.629712 -1.118060 0.004358 -1.628941 0.189353 0.001317 517307636.553464 1.173843 8186432105.063460 
rand_251 -1.665208 -1.130775 0.001146 -1.628945 0.193367 0.000325 972899231.732922 1.020574 6332691176.578601 
rand_252 -1.658858 -1.144429 0.002743 -1.628982 0.193289 0.001135 956357616.627593 1.556346 7205701010.983281 
rand_253 -1.637076 -1.119047 0.006251 -1.628940 0.190826 0.000620 834387595.077781 1.086821 6797475335.483147 
rand_254 -1.616787 -1.127542 0.005703 -1.628979 0.191191 0.000417 1762418242.047750 1.556183 6955587071.390204 
rand_255 -1.643438 -1.143785 0.004074 -1.628948 0.196832 0.002003 838300123.166628 1.714613 6902683873.190800 
rand_256 -1.657631 -1.156865 0.003663 -1.628915 0.191861 0.001699 1389810568.984199 1.674721 8249245856.842375 
rand_257 -1.649354 -1.147012 0.002132 -1.628972 0.189359 0.001102 1533429076.338139 1.490231 8828853205.779354 
rand_258 -1.666780 -1.140066 0.008841 -1.628936 0.197804 0.000627 1019813710.953083 0.905491 7964056399.017756 
rand_259 -1.659169 -1.106750 0.009908 -1.628929 0.198093 0.000391 2527061402.238913 1.329376 8518013352.516597 
rand_260 -1.656668 -1.112785 0.007252 -1.628937 0.198291 0.001445 613578836.277550 1.536134 6081472922.259658 
rand_261 -1.678092 -1.139001 0.005514 -1.628944 0.194450 0.000999 736566482.297323 1.203052 8162860412.395025 
rand_262 -1.659513 -1.138224 0.001974 -1.628922 0.190363 0.000537 1589915005.554547 1.511886 7406097977.909509 
rand_263 -1.651557 -1.110173 0.003877 -1.628918 0.201273 0.001188 806915154.000844 1.133768 7875395629.953222 
rand_264 -1.648109 -1.124653 0.004078 -1.628931 0.196084 0.000625 1393727946.873684 1.352002 6853220137.113449 
rand_265 -1.649942 -1.124932 0.003381 -1.628942 0.192811 0.001427 913862725.875689 1.574437 6702934428.718481 
rand_266 -1.690798 -1.144068 0.003146 -1.628908 0.194570 0.000586 1506852079.081739 1.373865 8185985521.699939 
rand_267 -1.631727 -1.132468 0.007521 -1.628966 0.191342 0.002723 602416953.483094 1.639654 7059810557.406604 
rand_268 -1.633636 -1.129915 0.001002 -1.628912 0.186289 0.000840 578610064.863886 1.237213 7154257952.803344 
rand_269 -1.662211 -1.131824 0.007848 -1.628920 0.188231 0.000637 1102933090.191154 1.283799 6761963487.052267 
rand_270 -1.649523 -1.115319 0.007037 -1.628926 0.188211 0.000599 553116295.748344 1.060479 7050807512.330518 
rand_271 -1.664981 -1.114693 0.003528 -1.628931 0.193417 0.001497 234740315.233758 1.110115 7050150614.810329 
rand_272 -1.642705 -1.148379 0.001492 -1.628982 0.187580 0.001581 1033205668.612139 1.907307 5999187550.967464 
rand_273 -1.678728 -1.140004 0.003252 -1.628894 0.194216 0.000324 2900878710.951334 1.392199 8187770491.019667 
rand_274 -1.629123 -1.143747 0.005572 -1.628908 0.200541 0.000479 3541414682.250726 1.355584 8362578969.668995 
rand_275 -1.643849 -1.102229 0.004947 -1.628957 0.190580 0.000465 2619117967.972207 1.241330 7604885308.338863 
rand_276 -1.643315 -1.084930 0.010097 -1.628911 0.190827 0.001257 351940094.427564 1.114127 7712918573.023623 
rand_277 -1.662416 -1.139272 0.005738 -1.628926 0.194919 0.001259 459756859.914692 1.059285 6817866528.139211 
rand_278 -1.692490 -1.133342 0.002187 -1.628947 0.192927 0.000938 251724451.787785 0.941094 7855172112.575270 
rand_279 -1.639670 -1.113154 0.004608 -1.628899 0.190516 0.002089 661886496.614649 1.551039 6952414267.151686 
rand_280 -1.691730 -1.144144 0.001601 -1.628943 0.193013 0.001003 718746870.143693 1.137815 7884223805.314807 
rand_281 -1.639393 -1.112702 0.001975 -1.628894 0.195405 0.001604 771488754.238498 1.661834 5095129052.082683 
rand_282 -1.677759 -1.130417 0.002516 -1.628917 0.202537 0.000678 205788747.292239 0.885299 7154052910.146442 
rand_283 -1.696502 -1.164875 0.011735 -1.628905 0.196443 0.000320 811338220.982477 0.958084 6766354799.835690 
rand_284 -1.659977 -1.156009 0.002563 -1.628915 0.194454 0.000233 2692949683.681624 1.123241 6631607206.630525 
rand_285 -1.632796 -1.136757 0.005940 -1.628917 0.191486 0.001433 434136605.050762 1.184082 5395982469.865742 
rand_286 -1.682209 -1.105541 0.000263 -1.628925 0.189388 0.002170 483056867.755275 1.460750 5845086556.948679 
rand_287 -1.623222 -1.147851 0.001672 -1.628951 0.197148 0.002156 158033579.692761 1.120180 7009492015.909266 
rand_288 -1.644895 -1.140682 0.003815 -1.628929 0.200519 0.001125 313959870.718663 1.298105 6809960501.433364 
rand_289 -1.656395 -1.125778 0.002027 -1.628906 0.194429 0.001299 811634644.061187 1.452790 7291250548.211421 
rand_290 -1.670019 -1.163375 0.003572 -1.628912 0.197952 0.000881 1564543020.827884 1.196721 7742919467.812032 
rand_291 -1.668416 -1.124029 0.004137 -1.628917 0.197686 0.000873 1126337501.205814 1.303328 6931904751.087209 
rand_292 -1.650106 -1.160875 0.005808 -1.628988 0.188806 0.001821 302841002.321259 1.102456 4900917586.440301 
rand_293 -1.640541 -1.118656 0.003518 -1.628937 0.196354 0.000701 542848964.425519 1.242907 6463624444.924593 
rand_294 -1.673650 -1.146176 0.006655 -1.628940 0.194806 0.000541 1054888373.177522 1.140915 6899379282.666430 
rand_295 -1.678550 -1.148841 0.006729 -1.628961 0.196807 0.000386 2593686105.079921 1.596071 7142734826.917543 
rand_296 -1.664918 -1.124544 0.004804 -1.628907 0.199291 0.001302 425371559.691862 1.031281 6526641668.701900 
rand_297 -1.627947 -1.114120 0.001320 -1.628986 0.193833 0.000627 828613139.834723 1.212873 7289966655.933276 
rand_298 -1.687988 -1.122475 0.004325 -1.628908 0.194103 0.001225 411272138.323993 1.347163 7765600125.696585 
rand_299 -1.633723 -1.125847 0.002394 -1.628895 0.200476 0.000630 367324412.014969 0.884135 5542484842.181157 
rand_300 -1.659028 -1.125564 0.007045 -1.628937 0.191714 0.000345 2228276889.991764 1.393960 7161392984.883683 
rand_301 -1.698013 -1.122354 0.001545 -1.628933 0.190420 0.000694 1401700990.911214 1.565648 7138967610.436118 
rand_302 -1.670618 -1.121039 0.003500 -1.628905 0.191013 0.000417 1681540160.894027 1.601324 6945281076.333004 
rand_303 -1.645978 -1.137886 0.002413 -1.628952 0.193284 0.000681 423742090.663089 0.884927 7388191189.467751 
rand_304 -1.618558 -1.116910 0.004313 -1.628913 0.193365 0.000916 1097778129.605968 1.302357 10034145219.162928 
rand_305 -1.690530 -1.145964 0.001602 -1.628956 0.191521 0.000994 1089214759.554475 1.315622 7226098087.301856 
rand_306 -1.724841 -1.108172 0.005166 -1.628964 0.192310 0.001320 569458801.115239 1.202648 5974988975.625816 
rand_307 -1.690120 -1.114351 0.006303 -1.628923 0.188478 0.000523 1401062788.283444 1.386931 7484706045.563977 
rand_308 -1.634000 -1.086382 0.000542 -1.628932 0.188634 0.000833 393065847.965186 0.994833 5931680221.668225 
rand_309 -1.701256 -1.119723 0.003183 -1.628977 0.197127 0.002145 1045617500.766760 1.629139 7059779955.345716 
rand_310 -1.625563 -1.111818 0.003774 -1.628893 0.201582 0.002687 269876716.914074 1.049876 8001067589.573953 
rand_311 -1.632059 -1.161211 0.004571 -1.628942 0.189168 0.000792 514017947.744566 0.791155 9508993293.548687 
rand_312 -1.655606 -1.111166 0.006309 -1.628917 0.193747 0.001675 1119569977.265678 1.715703 8550781439.359097 
rand_313 -1.674406 -1.106471 0.005770 -1.628888 0.188659 0.000953 869364259.527741 1.306284 8660732797.604519 
rand_314 -1.658729 -1.099906 0.001490 -1.628924 0.194239 0.002885 219745925.438885 1.119698 6051315934.458080 
rand_315 -1.645945 -1.127591 0.009640 -1.628897 0.191792 0.000924 271003081.537958 1.108564 7822732868.099568 
rand_316 -1.649455 -1.136838 0.006153 -1.628954 0.188233 0.001424 439901390.198968 0.933100 8352002984.911232 
rand_317 -1.619988 -1.151790 0.008844 -1.628893 0.192721 0.000913 990555684.609284 1.099935 7006922379.644588 
rand_318 -1.665982 -1.149961 0.004483 -1.628953 0.189893 0.000397 1252908437.945449 0.956339 8153270448.355987 
rand_319 -1.689919 -1.130512 0.004727 -1.628946 0.203525 0.000722 862851486.000980 1.547517 6447919888.034347 
rand_320 -1.693977 -1.165029 0.002572 -1.628970 0.195046 0.000844 1725087034.243051 1.535802 8812620829.352713 
rand_321 -1.698578 -1.145364 0.001226 -1.628924 0.192145 0.000618 1224492015.624965 1.273526 7359191335.696163 
rand_322 -1.655486 -1.128210 0.007073 -1.628914 0.196607 0.001006 944581639.122086 1.661003 6157510716.291876 
rand_323 -1.665390 -1.128656 0.004145 -1.628910 0.188735 0.000206 3443844548.068302 1.049390 8035324470.157089 
rand_324 -1.659249 -1.149388 0.002513 -1.628970 0.187887 0.000938 1450502636.573107 1.583604 6678479754.860373 
rand_325 -1.672352 -1.154677 0.004202 -1.628921 0.190914 0.001947 128688118.620981 0.760721 6419555523.174017 
rand_326 -1.685534 -1.151690 0.009462 -1.628920 0.191425 0.001045 1342618871.452713 1.626647 8546718399.692342 
rand_327 -1.645870 -1.134417 0.003519 -1.628914 0.199982 0.002159 474782270.343964 1.330708 6323884372.057260 
rand_328 -1.716650 -1.087404 0.006273 -1.628952 0.193854 0.000445 1175048724.418655 1.086892 8722690474.739229 
rand_329 -1.678437 -1.108793 0.003390 -1.628999 0.190240 0.000763 846227950.220622 1.098195 7973898288.202091 
rand_330 -1.641911 -1.125716 0.002227 -1.628912 0.190844 0.000550 1269418367.360358 1.469073 6857364134.820638 
rand_331 -1.680719 -1.118922 0.002058 -1.628935 0.195540 0.001029 804435262.643379 1.214918 6839885611.921406 
rand_332 -1.650991 -1.109683 0.005429 -1.628923 0.196697 0.000799 1035773865.768672 1.568221 6731860212.946712 
rand_333 -1.678406 -1.116488 0.002233 -1.628934 0.196269 0.000958 1077291312.770455 1.383166 7017628648.449781 
rand_334 -1.670484 -1.136164 0.001796 -1.628925 0.199157 0.000907 1467625301.147948 1.361480 7667729198.776029 
rand_335 -1.646777 -1.146912 0.008668 -1.628911 0.198034 0.001455 1327228693.827537 1.574520 9098350449.653772 
rand_336 -1.689391 -1.132505 0.000893 -1.628981 0.192883 0.002419 359707396.448715 1.294281 8401820417.838825 
rand_337 -1.642859 -1.109915 0.002843 -1.628900 0.198975 0.001451 861797437.202591 1.654233 6589680798.386928 
rand_338 -1.658944 -1.135408 0.006882 -1.628936 0.190910 0.001305 412704554.910459 1.284242 8004137700.806664 
rand_339 -1.631102 -1.152094 0.005638 -1.628887 0.193765 0.000921 1631519467.940580 1.710462 8390861183.508754 
rand_340 -1.655213 -1.164469 0.007257 -1.628943 0.193588 0.002057 540924849.361520 1.282244 6726005727.826451 
rand_341 -1.684598 -1.132421 0.011384 -1.628949 0.192510 0.000556 1001735711.169034 1.303800 6360234082.643080 
rand_342 -1.620256 -1.150513 0.010054 -1.628935 0.191541 0.000589 1785266527.956377 1.547507 8829078697.984905 
rand_343 -1.682677 -1.138730 0.004684 -1.628918 0.194117 0.000644 890412453.544924 0.815882 7994597322.786207 
rand_344 -1.665225 -1.100875 0.005195 -1.628938 0.193552 0.001285 269121081.401868 1.112180 7317394097.239825 
rand_345 -1.637980 -1.131077 0.004401 -1.628916 0.189258 0.001352 1132342917.242467 1.272219 6991046229.609448 
rand_346 -1.703238 -1.145009 0.007078 -1.628941 0.188291 0.000726 371621974.454423 0.931600 6083634694.724360 
rand_347 -1.626888 -1.123825 0.011527 -1.628930 0.192434 0.000892 490213611.486340 1.348431 6802487080.451605 
rand_348 -1.686470 -1.091581 0.004358 -1.628871 0.192390 0.001251 1204336938.295249 1.385320 10794696325.816568 
rand_349 -1.670465 -1.132414 0.005391 -1.628921 0.193679 0.001087 1042453806.233263 1.461158 8596106050.057581 
rand_350 -1.653356 -1.177111 0.010105 -1.628919 0.197835 0.000823 502832632.881168 1.096608 7524134682.953446 
rand_351 -1.660959 -1.116998 0.006221 -1.628971 0.190539 0.000651 1068614716.056888 1.597260 6247414760.672405 
rand_352 -1.641849 -1.123071 0.010963 -1.628894 0.183430 0.000822 990561470.926758 0.838979 7239922810.939422 
rand_353 -1.696819 -1.128198 0.004520 -1.628902 0.195110 0.000590 1319171729.166764 1.588319 7787679234.677448 
rand_354 -1.643269 -1.134384 0.002692 -1.628950 0.194925 0.000676 456521517.781779 0.945091 5916532927.167481 
rand_355 -1.641433 -1.146145 0.006442 -1.628903 0.197959 0.000397 1020767057.084363 0.953257 7545512758.863302 
rand_356 -1.636328 -1.099701 0.008552 -1.628922 0.195017 0.001104 728506531.994732 1.338438 6102665918.219320 
rand_357 -1.696562 -1.166766 0.004666 -1.628930 0.198376 0.002397 873339286.616523 1.497230 8456252568.684368 
rand_358 -1.693786 -1.136179 0.009031 -1.628896 0.199073 0.000339 827086217.229872 0.740240 7061016435.114832 
rand_359 -1.667875 -1.136647 0.002547 -1.628945 0.187410 0.001081 1378129915.361667 1.457424 7724855117.380672 
rand_360 -1.691299 -1.112931 0.005304 -1.628951 0.192813 0.000688 1447100476.885100 1.634801 6999568456.569448 
rand_361 -1.701491 -1.105287 0.002336 -1.628925 0.195722 0.001147 324360775.543594 1.097291 8577362417.094911 
rand_362 -1.668866 -1.134535 0.012856 -1.628917 0.194919 0.000589 1508731815.103664 1.365413 7444388594.715055 
rand_363 -1.654616 -1.126141 0.006521 -1.628905 0.188860 0.001528 920046037.908334 1.597081 7168135799.260194 
rand_364 -1.595623 -1.124440 0.002349 -1.628935 0.189453 0.000314 1145789335.552503 1.195077 7071875373.048275 
rand_365 -1.647380 -1.108933 0.010687 -1.628954 0.193951 0.000355 1414864687.409070 1.237048 7016959195.932734 
rand_366 -1.619698 -1.109345 0.000034 -1.628863 0.197027 0.001066 1943254556.896164 1.938785 8194086816.375599 
rand_367 -1.661015 -1.140768 0.003111 -1.628960 0.184213 0.000787 1563671397.389214 1.399813 6949879554.061614 
rand_368 -1.647130 -1.121242 0.004984 -1.628930 0.193853 0.000419 576672918.494460 0.965452 5782934318.002983 
rand_369 -1.663361 -1.122335 0.005321 -1.628910 0.197514 0.000429 1335183669.341501 1.198355 6911102866.668265 
rand_370 -1.598288 -1.132318 0.005048 -1.628900 0.194584 0.001478 894992683.585784 1.601313 7744535279.575716 
rand_371 -1.675769 -1.122524 0.002177 -1.628946 0.193500 0.000772 1137368883.936815 1.404686 6322504607.262512 
rand_372 -1.672649 -1.129596 0.005061 -1.628982 0.195160 0.000653 708542370.500021 1.141075 6821058486.023952 
rand_373 -1.641680 -1.126842 0.007589 -1.628947 0.203728 0.001995 1108475947.312626 1.802805 6827439302.004193 
rand_374 -1.655228 -1.157120 0.007471 -1.628908 0.194366 0.001598 181848061.889498 0.942475 9104147330.268301 
rand_375 -1.669756 -1.148359 0.005612 -1.628914 0.192379 0.002570 347473969.795516 1.557343 6617066184.362195 
rand_376 -1.637911 -1.113645 0.000353 -1.628913 0.193448 0.000571 1410728315.157769 1.311622 8108088472.910151 
rand_377 -1.660946 -1.154212 0.005159 -1.628912 0.193746 0.001011 902151166.372004 1.341635 6679201656.811420 
rand_378 -1.661109 -1.120598 0.004455 -1.628895 0.193818 0.000560 706012433.893161 1.074152 6236179797.078849 
rand_379 -1.654697 -1.131629 0.005145 -1.628952 0.191167 0.001339 1088015779.011627 1.598082 7051708004.695274 
rand_380 -1.699885 -1.109387 0.002457 -1.628963 0.194809 0.000707 1044805465.281874 1.388478 7567471332.373484 
rand_381 -1.696645 -1.117024 0.000314 -1.628921 0.182684 0.000670 1400749364.907948 1.188318 6983563908.351152 
rand_382 -1.635001 -1.139066 0.009236 -1.628959 0.187944 0.000689 959197906.124217 1.100264 7985424947.051126 
rand_383 -1.675570 -1.134465 0.002940 -1.628965 0.190069 0.000245 1578206396.299084 1.076418 6705308829.366961 
rand_384 -1.663058 -1.169711 0.003202 -1.628898 0.189746 0.000353 2006149770.100718 1.108081 7053498463.544746 
rand_385 -1.622914 -1.132608 0.005054 -1.628924 0.196533 0.001066 378742227.243165 0.715477 6957454999.328318 
rand_386 -1.662021 -1.155403 0.001419 -1.628930 0.191534 0.001128 477444225.059146 0.892156 8192586611.864019 
rand_387 -1.664832 -1.134374 0.000484 -1.628930 0.195204 0.001553 522555949.533492 1.203518 6679375094.370015 
rand_388 -1.639390 -1.142758 0.001156 -1.628934 0.195293 0.000831 854430219.771471 1.388850 4613729148.261769 
rand_389 -1.673760 -1.147533 0.002806 -1.628898 0.189218 0.003325 160749494.441082 1.029067 6788635218.555246 
rand_390 -1.632333 -1.106246 0.005497 -1.628972 0.192581 0.000474 1671546343.374017 0.913638 8376752463.721735 
rand_391 -1.639862 -1.155524 0.008481 -1.628973 0.191387 0.000980 580681557.436566 1.452691 4852754564.943952 
rand_392 -1.617902 -1.149261 0.007232 -1.628956 0.193000 0.004192 303212036.205672 1.188845 7975571285.419235 
rand_393 -1.675878 -1.143964 0.012249 -1.628923 0.193239 0.000932 861809883.495935 1.282839 7232451932.659318 
rand_394 -1.628560 -1.139622 0.005837 -1.628882 0.191713 0.000301 342802452.051036 0.591113 5685800311.524654 
rand_395 -1.647256 -1.147536 0.003633 -1.628908 0.194183 0.000905 360555200.466578 1.170869 5953749883.680936 
rand_396 -1.690483 -1.137183 0.001172 -1.628915 0.199489 0.000197 2179931535.597705 1.091531 6865627365.450615 
rand_397 -1.719712 -1.123957 0.001309 -1.628933 0.200293 0.001681 433316626.138761 1.365523 5959817012.378773 
rand_398 -1.678355 -1.116603 0.005276 -1.628967 0.190795 0.000235 1615208598.795731 0.854705 6746627370.931444 
rand_399 -1.653276 -1.117574 0.002348 -1.628917 0.197193 0.000218 2206615768.138441 1.251716 7277539325.429441 
rand_400 -1.649941 -1.168164 0.003998 -1.628876 0.187828 0.000748 489949830.915154 0.981666 6500226045.458602 
rand_401 -1.661359 -1.122396 0.002977 -1.628937 0.196876 0.000873 995481834.534266 1.601473 7567432588.358678 
rand_402 -1.661153 -1.121162 0.000055 -1.628946 0.193707 0.000330 1121159393.184415 1.217660 7290678597.700264 
rand_403 -1.662898 -1.143248 0.003817 -1.628937 0.190125 0.000211 3247920889.160690 1.035910 7675004296.789088 
rand_404 -1.636282 -1.096646 0.013457 -1.628915 0.192688 0.001575 1103729584.735783 1.273977 12330791426.177580 
rand_405 -1.693035 -1.108247 0.004670 -1.628928 0.191239 0.000809 646048920.736300 1.069434 6464340251.506743 
rand_406 -1.653829 -1.133660 0.002776 -1.628906 0.191024 0.000356 848381952.153005 1.174544 5977515481.871401 
rand_407 -1.678923 -1.141919 0.008092 -1.628932 0.202484 0.001154 602631910.245038 1.176487 7116538160.695253 
rand_408 -1.680850 -1.096971 0.005234 -1.628938 0.194294 0.000800 982454868.434313 1.313862 6828478968.826302 
rand_409 -1.632947 -1.130380 0.001104 -1.628925 0.189413 0.000884 2185525579.186161 1.677252 8254101959.549285 
rand_410 -1.682615 -1.128299 0.001128 -1.628946 0.194235 0.000613 1985918862.824648 1.462987 6188452034.442127 
rand_411 -1.663209 -1.128551 0.003589 -1.628884 0.196671 0.000187 3484304778.425915 1.133845 7365791279.950650 
rand_412 -1.614955 -1.083938 0.001670 -1.628909 0.203214 0.000640 1560997960.574510 1.484120 9434031719.639830 
rand_413 -1.640724 -1.134330 0.003755 -1.628961 0.197685 0.000431 1693959449.367092 1.447251 7831108286.532496 
rand_414 -1.670464 -1.130473 0.003198 -1.628951 0.190372 0.000903 389589023.500123 0.988023 6093465841.781717 
rand_415 -1.668565 -1.146621 0.007464 -1.628916 0.199899 0.000814 591204173.937474 1.133105 7226478691.836422 
rand_416 -1.688226 -1.137790 0.005529 -1.628926 0.196817 0.000422 941738941.813254 0.991158 5974443366.832742 
rand_417 -1.630085 -1.150628 0.001722 -1.628923 0.201781 0.000518 1323243863.458707 1.479047 7235308873.621802 
rand_418 -1.636739 -1.146215 0.004855 -1.628936 0.197213 0.001267 677655926.774742 1.237583 6441141857.802938 
rand_419 -1.644208 -1.166199 0.003902 -1.628919 0.196203 0.002092 510024870.761494 1.322881 6261780829.471232 
rand_420 -1.641673 -1.112370 0.003934 -1.628936 0.190066 0.000670 733379764.252450 1.148641 6667731734.849688 
rand_421 -1.677814 -1.126865 0.000387 -1.628916 0.189140 0.000555 1089873435.902725 1.550949 5385686815.792550 
rand_422 -1.695602 -1.125218 0.008822 -1.628910 0.182233 0.000545 1209762664.961802 1.357051 6338423403.564750 
rand_423 -1.647108 -1.131049 0.004123 -1.628888 0.197421 0.000780 654312458.156475 0.919727 8501402641.614801 
rand_424 -1.639563 -1.128565 0.000885 -1.628945 0.196024 0.000750 466613878.749443 1.059596 6228721357.552174 
rand_425 -1.623038 -1.097617 0.006694 -1.628931 0.186298 0.001261 337407256.715649 1.124479 6467426376.991166 
rand_426 -1.664620 -1.145375 0.000826 -1.628964 0.195930 0.000770 672994719.326352 1.042152 8833143341.491268 
rand_427 -1.667975 -1.124433 0.001790 -1.628882 0.200417 0.001664 487904144.992515 1.102822 7698499176.489639 
rand_428 -1.665503 -1.124540 0.005375 -1.628984 0.193377 0.000831 946670512.243445 1.006366 7643253000.984551 
rand_429 -1.644573 -1.107160 0.008055 -1.628886 0.195819 0.000700 2251708834.281157 1.603810 8904235738.819027 
rand_430 -1.666488 -1.121227 0.006770 -1.628928 0.184824 0.001037 1259901642.272232 1.214244 7026191912.057306 
rand_431 -1.661201 -1.120222 0.005986 -1.628920 0.189972 0.000740 416276690.484263 0.889907 7865625262.145687 
rand_432 -1.640886 -1.155165 0.006605 -1.628935 0.195127 0.000301 592885922.058744 0.806739 5768069984.220460 
rand_433 -1.674394 -1.146178 0.000760 -1.628930 0.194604 0.000873 1258893378.335621 1.414263 7326312524.141242 
rand_434 -1.628003 -1.153338 0.003429 -1.628915 0.190816 0.003370 510253130.543134 1.401563 7980159908.373772 
rand_435 -1.645439 -1.179517 0.000445 -1.628975 0.201731 0.001754 214928315.671918 1.134393 7906124176.371334 
rand_436 -1.702725 -1.122056 0.011209 -1.628949 0.191992 0.002027 201324521.654876 1.079071 6170735387.659258 
rand_437 -1.671853 -1.135233 0.007622 -1.628954 0.201591 0.001438 862441140.126356 1.635781 6194452858.905481 
rand_438 -1.706560 -1.122019 0.000834 -1.628919 0.188259 0.000578 2200552190.556164 1.241840 6692753311.829083 
rand_439 -1.664524 -1.129290 0.001628 -1.628931 0.192571 0.001106 500229662.641792 1.165122 7097071816.866742 
rand_440 -1.671461 -1.125191 0.004022 -1.628914 0.197675 0.000326 2826156702.483254 1.664877 8576037327.132992 
rand_441 -1.640798 -1.103238 0.001547 -1.628927 0.195339 0.001596 796512355.544139 1.634786 5533093450.532036 
rand_442 -1.680263 -1.129854 0.001165 -1.628902 0.194945 0.000648 1117728661.042411 1.122829 9678903242.623833 
rand_443 -1.651082 -1.116620 0.004680 -1.628951 0.199365 0.001264 1079415083.737593 1.724806 8829359697.543650 
rand_444 -1.646917 -1.136045 0.006676 -1.628929 0.195611 0.000849 907832228.598076 1.491152 7289953534.910048 
rand_445 -1.654085 -1.113504 0.007834 -1.628901 0.199568 0.000355 1059280850.827651 1.052355 7895830056.270988 
rand_446 -1.633777 -1.154793 0.002106 -1.628906 0.186466 0.000327 2570101758.815495 0.998273 8769846048.686672 
rand_447 -1.612429 -1.166751 0.007112 -1.628971 0.192255 0.000971 843561421.855173 0.906812 9734741927.609182 
rand_448 -1.657425 -1.087867 0.001006 -1.628959 0.200129 0.000636 694207630.236374 1.329309 6959246168.105228 
rand_449 -1.650681 -1.093274 0.003230 -1.628933 0.194970 0.000965 719530862.816603 1.202680 6835356093.834878 
rand_450 -1.680246 -1.168910 0.001793 -1.628937 0.186044 0.000788 1192118642.633338 1.367560 7302126696.992008 
rand_451 -1.683449 -1.130722 0.006805 -1.628933 0.188863 0.001013 503243792.996632 0.960015 8688756004.370300 
rand_452 -1.636222 -1.127002 0.000575 -1.628910 0.196405 0.001109 675517264.966470 1.670895 5876807800.445385 
rand_453 -1.639265 -1.115541 0.000540 -1.628923 0.192189 0.000943 1167405368.924064 1.526079 6931990858.021553 
rand_454 -1.683681 -1.095216 0.008254 -1.628922 0.191684 0.000655 488744128.031385 0.971424 6915712209.448850 
rand_455 -1.690089 -1.151228 0.003592 -1.628913 0.191267 0.002044 493092269.549304 1.309420 8055290767.260969 
rand_456 -1.674921 -1.150154 0.009520 -1.628902 0.196204 0.001454 1130504737.946735 1.782355 7295340147.285029 
rand_457 -1.663252 -1.130023 0.000130 -1.629014 0.193340 0.001102 1202788163.982860 1.392800 7517426295.416426 
rand_458 -1.669410 -1.149272 0.001855 -1.628941 0.194571 0.000528 1814954071.005324 1.313849 7676783024.873929 
rand_459 -1.656308 -1.184283 0.004647 -1.628955 0.193918 0.000287 2258277079.616025 1.060110 6674658247.535856 
rand_460 -1.638908 -1.134545 0.005544 -1.628918 0.195460 0.000814 376356056.473669 0.797300 9811440588.373808 
rand_461 -1.649372 -1.112849 0.006025 -1.628943 0.203530 0.001472 275502138.456342 0.980596 6180344324.176588 
rand_462 -1.647669 -1.130409 0.004548 -1.628929 0.188559 0.000636 1309108044.187722 1.668162 6864079599.163305 
rand_463 -1.716385 -1.117519 0.000948 -1.628908 0.194907 0.001538 150118490.980117 0.818685 6865591620.210287 
rand_464 -1.697120 -1.120380 0.001590 -1.628947 0.191296 0.000882 552964057.907730 1.228092 6631888483.077105 
rand_465 -1.678319 -1.150540 0.009156 -1.628921 0.195060 0.000474 1829621669.716101 1.321462 8388803218.232960 
rand_466 -1.674522 -1.128640 0.010185 -1.628889 0.189693 0.001226 233418184.354089 1.053228 7695058480.309809 
rand_467 -1.640684 -1.160503 0.000884 -1.628909 0.194045 0.000778 664159267.370654 1.204389 7505358158.734477 
rand_468 -1.680215 -1.140238 0.006062 -1.628974 0.193619 0.000517 2076374880.379505 1.555393 6787222200.152847 
rand_469 -1.644661 -1.128991 0.005841 -1.628939 0.193970 0.001061 1473703785.062389 1.686108 8784523086.257439 
rand_470 -1.678057 -1.130023 0.005343 -1.628921 0.199110 0.000633 926331428.236675 0.932470 7721388491.251845 
rand_471 -1.687620 -1.155819 0.003388 -1.628916 0.182039 0.000518 1261785111.834865 1.179655 8052436447.641059 
rand_472 -1.686552 -1.151780 0.007655 -1.628938 0.186733 0.000169 2237951632.501890 0.617658 7806480733.519257 
rand_473 -1.608060 -1.124181 0.000209 -1.628948 0.193720 0.001669 307008809.544886 0.821041 7279748743.781535 
rand_474 -1.678569 -1.113452 0.007696 -1.628929 0.192098 0.001089 873835045.472751 1.217744 8006135860.298743 
rand_475 -1.644107 -1.134139 0.006242 -1.628960 0.197732 0.001111 986950367.834027 1.391289 7942943432.828736 
rand_476 -1.695839 -1.135141 0.000061 -1.628901 0.190819 0.000635 1377134404.549110 1.319096 7100811713.828196 
rand_477 -1.627365 -1.111374 0.006637 -1.628881 0.199564 0.000502 1750895080.832593 1.236393 7154569651.335092 
rand_478 -1.651972 -1.145441 0.008447 -1.628920 0.196265 0.000425 959365013.326198 0.877237 7028146529.513654 
rand_479 -1.653698 -1.095459 0.003276 -1.628937 0.193158 0.001245 493758581.646658 1.022975 7485704519.131367 
rand_480 -1.650482 -1.156905 0.004811 -1.628906 0.189865 0.001297 611178946.493107 1.327773 6288755937.061569 
rand_481 -1.647948 -1.109030 0.007222 -1.628910 0.187000 0.000460 1502047696.816017 1.034630 7527383668.579375 
rand_482 -1.641391 -1.119217 0.000188 -1.628938 0.190638 0.000714 542826547.286066 1.057053 6198124155.387843 
rand_483 -1.673779 -1.081798 0.012653 -1.628932 0.190908 0.000615 2004478020.089267 1.444513 7715325541.923729 
rand_484 -1.675125 -1.152423 0.008094 -1.628947 0.191958 0.001308 770928442.116419 1.420294 6970461279.561376 
rand_485 -1.658868 -1.176680 0.005214 -1.628927 0.182914 0.001032 1271502238.451310 1.467980 11239907725.923454 
rand_486 -1.644258 -1.105011 0.002913 -1.628923 0.197210 0.001172 903625195.638673 1.462419 7421995318.255946 
rand_487 -1.661533 -1.159427 0.005093 -1.628952 0.201452 0.000612 1916777770.894315 1.322969 6167835124.679009 
rand_488 -1.642200 -1.117684 0.002320 -1.628960 0.190199 0.000578 807933494.773802 1.321089 6485961616.254122 
rand_489 -1.645790 -1.106357 0.011633 -1.628967 0.193633 0.000349 1176518122.756858 0.974429 7158256437.052289 
rand_490 -1.664991 -1.122405 0.007706 -1.628920 0.189944 0.000628 625394021.403027 1.399211 5301416431.173559 
rand_491 -1.700185 -1.125356 0.009086 -1.628931 0.199943 0.000757 1519326982.103993 1.461706 5651298389.946874 
rand_492 -1.671581 -1.121981 0.003181 -1.628933 0.199592 0.000875 369828276.275027 0.960645 7203756498.196239 
rand_493 -1.619916 -1.113252 0.001570 -1.628918 0.190155 0.001301 1201524196.740051 1.195987 8092361378.338179 
rand_494 -1.652179 -1.118259 0.000277 -1.628955 0.199586 0.001280 217777483.266510 0.862586 7715274711.303619 
rand_495 -1.674710 -1.154332 0.006407 -1.628960 0.191604 0.001398 176933906.171114 0.939928 7283259980.463124 
rand_496 -1.654235 -1.093500 0.000943 -1.628924 0.202757 0.000679 1581368777.810102 1.702840 8119300775.334578 
rand_497 -1.644437 -1.128978 0.002283 -1.628978 0.193841 0.000391 806134352.375793 1.220499 5778062701.463865 
rand_498 -1.674699 -1.119633 0.005306 -1.628938 0.198874 0.001350 1160115839.873308 1.777015 6643341817.438931 
rand_499 -1.631586 -1.115780 0.000338 -1.628864 0.190209 0.000569 969121590.179051 1.089294 7277292261.838648 
