trial b/dMass b/dRadius b/dEcc b/dOrbPeriod star/dMass star/dAge vpl/dStopTime 
rand_000 -1.640798 -1.112325 0.004446 -1.628904 0.188619 3961036.977715 7120941265.306135 
rand_001 -1.656501 -1.139061 0.003092 -1.628963 0.200487 3822372.529120 7411638375.252595 
rand_002 -1.668522 -1.113924 0.002977 -1.628929 0.195120 3491777.655115 6573435850.239326 
rand_003 -1.650763 -1.181322 0.004796 -1.628923 0.193336 4327183.412882 7541495748.823254 
rand_004 -1.632297 -1.123524 0.001492 -1.628974 0.191650 4455363.017162 6955713000.161855 
rand_005 -1.673265 -1.154690 0.001330 -1.628944 0.198860 5124517.984985 7294261612.350091 
rand_006 -1.639489 -1.112410 0.007746 -1.628958 0.193468 4517629.119917 7191051910.701647 
rand_007 -1.642267 -1.151601 0.001838 -1.628948 0.201411 4413274.132657 7359494259.375035 
rand_008 -1.663289 -1.145737 0.005476 -1.628903 0.198428 5162031.100669 6882881531.400681 
rand_009 -1.688063 -1.157570 0.001447 -1.628905 0.200704 4782496.139511 7467190075.504626 
rand_010 -1.678268 -1.152291 0.001363 -1.628936 0.193532 6175045.199156 7165547481.626184 
rand_011 -1.622113 -1.130784 0.005357 -1.628890 0.196920 6160629.926783 7534505578.872099 
rand_012 -1.624698 -1.137358 0.006058 -1.628937 0.195477 4409547.574205 7643694641.929532 
rand_013 -1.651233 -1.144654 0.001878 -1.628960 0.193178 3699219.552021 7035090658.157002 
rand_014 -1.603477 -1.161628 0.008853 -1.628914 0.189606 4716496.486685 7421616149.022846 
rand_015 -1.658136 -1.144832 0.000157 -1.628919 0.204938 4714591.138578 6751664166.419579 
rand_016 -1.688176 -1.108763 0.008337 -1.628935 0.191991 7061080.527340 6408076466.948669 
rand_017 -1.692757 -1.127113 0.007910 -1.628937 0.197728 4948474.772991 6581520792.680155 
rand_018 -1.688618 -1.122413 0.004306 -1.628933 0.199700 4725484.265959 6412807242.116778 
rand_019 -1.649976 -1.102320 0.012704 -1.628917 0.191171 3002528.070235 6942456346.052786 
rand_020 -1.671092 -1.111962 0.003920 -1.628917 0.188201 5661800.505126 6629578874.545341 
rand_021 -1.673714 -1.105096 0.005114 -1.628913 0.196467 4758048.121209 7829790719.229871 
rand_022 -1.660228 -1.126336 0.010852 -1.628938 0.192414 5900885.222569 7113348803.970876 
rand_023 -1.618066 -1.141806 0.010607 -1.628936 0.190856 6464196.081880 6836465801.393690 
rand_024 -1.616586 -1.128066 0.002756 -1.628931 0.192002 4074807.262166 6637816863.978661 
rand_025 -1.652127 -1.127819 0.000629 -1.628953 0.196155 5918317.784429 7069023968.176624 
rand_026 -1.638788 -1.170209 0.003866 -1.628960 0.187481 5673048.791154 7098247385.885604 
rand_027 -1.640308 -1.136917 0.002022 -1.628899 0.193617 4536143.463570 7396137814.658208 
rand_028 -1.649592 -1.108526 0.005251 -1.628931 0.188912 3942836.276486 7138072491.825700 
rand_029 -1.685134 -1.169872 0.001459 -1.628954 0.201051 3959217.733951 6683606325.577190 
rand_030 -1.645947 -1.165061 0.008101 -1.628947 0.193834 4500481.852809 7105109291.738819 
rand_031 -1.671827 -1.150914 0.008815 -1.628945 0.200059 5077255.332298 7353460669.687848 
rand_032 -1.674956 -1.142508 0.004556 -1.628917 0.199148 6115852.646063 6871246022.665637 
rand_033 -1.647790 -1.134020 0.005572 -1.628894 0.194936 6215895.270953 6750643711.492486 
rand_034 -1.620171 -1.093065 0.000894 -1.628942 0.197674 4708894.232602 6796887518.095301 
rand_035 -1.650968 -1.115726 0.002079 -1.628983 0.197260 3540311.315178 7306123473.963567 
rand_036 -1.666020 -1.124934 0.002847 -1.628922 0.199282 4144035.825944 7321012539.968242 
rand_037 -1.665631 -1.133680 0.006641 -1.628971 0.194076 4743553.836546 7151668339.443062 
rand_038 -1.643767 -1.131861 0.008068 -1.628942 0.195727 4426059.058280 7692760941.750206 
rand_039 -1.664818 -1.112100 0.005042 -1.628890 0.189631 6374939.800872 6851710109.590719 
rand_040 -1.664401 -1.106088 0.009752 -1.628969 0.190519 4445735.402873 7167560862.658697 
rand_041 -1.673479 -1.144795 0.005225 -1.628949 0.197482 3019525.739007 6948042448.394280 
rand_042 -1.672766 -1.121671 0.002985 -1.628961 0.196864 6050509.270408 6699468096.593417 
rand_043 -1.634892 -1.126754 0.007828 -1.628969 0.190177 5661190.564984 6660324813.261228 
rand_044 -1.656421 -1.108406 0.004589 -1.628947 0.194735 4043788.104920 7218278276.990710 
rand_045 -1.672008 -1.101030 0.004971 -1.628938 0.188512 4897265.035181 6979398286.720274 
rand_046 -1.657869 -1.122822 0.002703 -1.628900 0.187692 4138567.305814 7598953280.765673 
rand_047 -1.647750 -1.133314 0.003526 -1.628945 0.195568 6820097.593188 6699129531.084401 
rand_048 -1.681454 -1.161579 0.001415 -1.628917 0.191378 3288989.278058 7247978876.304090 
rand_049 -1.650132 -1.152571 0.006191 -1.628885 0.195713 4004447.361665 6906555314.102349 
rand_050 -1.645758 -1.125697 0.004667 -1.628878 0.192433 4535450.756441 7724507421.770185 
rand_051 -1.619663 -1.106189 0.008905 -1.628947 0.191181 5470233.615963 6972306039.825683 
rand_052 -1.650114 -1.096117 0.002331 -1.628889 0.200352 6064553.133187 7100413270.999491 
rand_053 -1.692362 -1.173883 0.005039 -1.628916 0.197914 5938151.171469 7752693732.918202 
rand_054 -1.644806 -1.138871 0.007346 -1.628897 0.191746 5535377.315572 6921274874.486311 
rand_055 -1.653344 -1.125381 0.000937 -1.628961 0.200795 3165669.653184 7454957982.842881 
rand_056 -1.656653 -1.112560 0.004570 -1.628941 0.189709 4288222.133724 6748925343.370419 
rand_057 -1.632030 -1.138047 0.005475 -1.628920 0.189658 5411529.781553 6550029960.197171 
rand_058 -1.649261 -1.136011 0.011823 -1.628971 0.189978 5531438.045728 7014624275.611664 
rand_059 -1.643127 -1.126721 0.001116 -1.628949 0.191800 4192317.638531 7525576114.668032 
rand_060 -1.675876 -1.167895 0.007884 -1.628964 0.190322 4435383.603642 7747419697.845559 
rand_061 -1.649066 -1.137839 0.002363 -1.628942 0.193355 4683578.832759 6742229404.410421 
rand_062 -1.670254 -1.138785 0.008159 -1.628937 0.190383 6393616.566016 6934250777.037331 
rand_063 -1.670275 -1.122775 0.001607 -1.628856 0.191929 5092083.459526 6688135869.141666 
rand_064 -1.668856 -1.121228 0.005666 -1.628924 0.194143 3918245.665821 6071882201.371900 
rand_065 -1.691421 -1.142893 0.013587 -1.628970 0.198371 4124377.434026 7269560693.110312 
rand_066 -1.666848 -1.130303 0.007411 -1.628927 0.196076 4883789.097951 7030073028.094137 
rand_067 -1.662804 -1.128659 0.007060 -1.629000 0.200247 3543275.936988 7334103779.848601 
rand_068 -1.675445 -1.135723 0.008180 -1.628910 0.194035 3936292.869679 7013037968.545970 
rand_069 -1.624236 -1.109583 0.001243 -1.628908 0.193579 5211793.313645 7077508785.554778 
rand_070 -1.658980 -1.133629 0.009479 -1.628970 0.201511 5140553.138327 7307365170.734885 
rand_071 -1.668189 -1.087143 0.003976 -1.628919 0.198456 6408783.073993 7007525721.730614 
rand_072 -1.675214 -1.146133 0.006528 -1.628938 0.199329 4003878.158234 7148930035.787514 
rand_073 -1.629290 -1.114955 0.004591 -1.628952 0.204466 5163471.668674 6870611042.814366 
rand_074 -1.673877 -1.108175 0.006769 -1.628891 0.190162 6504138.981818 7641948994.965368 
rand_075 -1.657712 -1.152418 0.002535 -1.628944 0.186663 6039585.487789 7308173102.535438 
rand_076 -1.643182 -1.119901 0.007137 -1.628923 0.196082 6628419.086852 6969704388.684331 
rand_077 -1.687034 -1.102301 0.007488 -1.628940 0.194919 3421285.824956 6790790898.060452 
rand_078 -1.666888 -1.118090 0.001490 -1.628894 0.190238 5660269.048819 6978363215.800210 
rand_079 -1.654814 -1.175505 0.001339 -1.628938 0.195782 3736262.199444 7297296353.486136 
rand_080 -1.662152 -1.113369 0.003345 -1.628949 0.193584 7439490.497725 6886756525.443432 
rand_081 -1.650489 -1.120452 0.002049 -1.628931 0.195865 5972841.740449 7375437198.104452 
rand_082 -1.658292 -1.119713 0.005254 -1.628966 0.197666 5790645.855749 7411728234.536750 
rand_083 -1.641730 -1.135396 0.004125 -1.628879 0.198216 4320952.427580 6999732654.115034 
rand_084 -1.684635 -1.149453 0.001871 -1.628891 0.197635 5348287.080638 7775016434.434555 
rand_085 -1.649050 -1.096999 0.004004 -1.628937 0.182504 5464091.000195 7395240795.342989 
rand_086 -1.660384 -1.105020 0.003921 -1.628952 0.198010 4342428.116431 6903579050.855792 
rand_087 -1.658269 -1.104903 0.001193 -1.628944 0.189798 5078693.112304 7006140854.562734 
rand_088 -1.651806 -1.134628 0.011480 -1.628962 0.194252 2434217.907827 6904758037.451598 
rand_089 -1.686006 -1.124939 0.001794 -1.628947 0.196135 6900381.089665 7897263048.339877 
rand_090 -1.666530 -1.117334 0.003891 -1.628946 0.199152 5582744.782113 6656402521.786116 
rand_091 -1.636792 -1.125146 0.001042 -1.628964 0.192896 4516839.312122 6439502349.882465 
rand_092 -1.679450 -1.127462 0.006838 -1.628901 0.194891 5788861.996550 7791355255.836473 
rand_093 -1.656115 -1.113609 0.008995 -1.628934 0.193064 3235999.740845 7068917273.758389 
rand_094 -1.656241 -1.144374 0.004538 -1.628917 0.194507 6030497.146327 7015885614.808431 
rand_095 -1.654413 -1.099675 0.005289 -1.628940 0.193736 4865376.288343 7506650046.908031 
rand_096 -1.716559 -1.128949 0.001018 -1.628961 0.197910 3197895.247177 7439422608.855642 
rand_097 -1.625314 -1.145638 0.000297 -1.628945 0.201147 5007858.412794 7222771498.955837 
rand_098 -1.681442 -1.147237 0.006321 -1.628948 0.187551 5927453.348325 7364613723.392594 
rand_099 -1.627972 -1.163694 0.004873 -1.628905 0.199615 5770502.012330 6834938587.545827 
rand_100 -1.681827 -1.119078 0.002267 -1.628896 0.199127 5029703.864286 6918173721.230577 
rand_101 -1.650318 -1.145151 0.004661 -1.628966 0.196244 5052436.487948 7265582643.683731 
rand_102 -1.669899 -1.127816 0.002170 -1.628935 0.209258 3827302.372540 6843324827.592035 
rand_103 -1.678734 -1.125124 0.000110 -1.628932 0.193312 4941411.411766 7447613029.482424 
rand_104 -1.599196 -1.183715 0.007332 -1.628946 0.191614 5482233.180365 7564353528.349133 
rand_105 -1.665612 -1.135138 0.000586 -1.628941 0.205910 6381286.013159 7041170883.178474 
rand_106 -1.692784 -1.089499 0.008495 -1.628931 0.186232 3706393.593965 7225231895.130055 
rand_107 -1.627011 -1.116351 0.010379 -1.628964 0.187094 4486427.004554 6715583927.693296 
rand_108 -1.640739 -1.124219 0.010950 -1.628927 0.198243 5443368.393814 7266720779.450961 
rand_109 -1.624144 -1.137424 0.002488 -1.628922 0.195751 2928694.231891 7443382176.154294 
rand_110 -1.690792 -1.187004 0.006459 -1.628964 0.188451 4548029.687158 7172133407.649111 
rand_111 -1.680750 -1.127994 0.005633 -1.628893 0.198352 6644290.717343 7681099878.625919 
rand_112 -1.651406 -1.125640 0.005748 -1.628934 0.192964 3673869.899379 7029663736.276597 
rand_113 -1.668372 -1.149630 0.001276 -1.628894 0.185603 5558231.912993 7758314514.074364 
rand_114 -1.673503 -1.147721 0.004102 -1.628926 0.197583 5084867.028822 7422468345.260954 
rand_115 -1.643933 -1.140700 0.004029 -1.628931 0.199141 5101262.291019 6506111456.500625 
rand_116 -1.688110 -1.125614 0.005036 -1.628904 0.188425 5482706.790121 7709676923.875132 
rand_117 -1.687588 -1.162913 0.003600 -1.628923 0.187581 4444608.770590 6632748960.536710 
rand_118 -1.653248 -1.168704 0.004339 -1.628965 0.182513 4781945.993788 6288698740.293389 
rand_119 -1.682486 -1.115636 0.000958 -1.628929 0.194012 4938121.629060 7147893856.818034 
rand_120 -1.670657 -1.140668 0.000417 -1.628919 0.192146 5784670.604705 7068658321.108815 
rand_121 -1.655154 -1.104801 0.006796 -1.628949 0.191599 5544928.508082 7331598330.731626 
rand_122 -1.675580 -1.151138 0.002711 -1.628897 0.199367 5121821.402026 6494224745.823714 
rand_123 -1.679754 -1.133569 0.000602 -1.628938 0.192094 4245418.393786 7489858876.991611 
rand_124 -1.630555 -1.107490 0.012815 -1.628926 0.188160 4132320.712653 6469925833.206288 
rand_125 -1.664907 -1.105790 0.012094 -1.628933 0.193880 3742114.733969 6821694633.820759 
rand_126 -1.645035 -1.128714 0.007492 -1.628906 0.195772 4268347.586760 6101106948.157504 
rand_127 -1.673417 -1.153409 0.002051 -1.628909 0.189149 5330297.371462 7994291203.152838 
rand_128 -1.663652 -1.166926 0.009071 -1.628934 0.188817 6338370.992130 7401476533.533781 
rand_129 -1.655246 -1.131972 0.007800 -1.628954 0.199273 5145269.237050 6785517102.612519 
rand_130 -1.659817 -1.111954 0.002424 -1.628964 0.186789 4278341.539729 7179710050.743217 
rand_131 -1.654606 -1.145809 0.003730 -1.628941 0.189890 4993741.748881 7508375654.733369 
rand_132 -1.610844 -1.114985 0.005800 -1.628929 0.190357 4389719.991093 7512873893.676435 
rand_133 -1.638056 -1.162765 0.004397 -1.628936 0.193863 5716836.878116 6889012500.091553 
rand_134 -1.647069 -1.129446 0.006594 -1.628938 0.197090 3745414.615976 6521093353.028295 
rand_135 -1.634451 -1.113271 0.009486 -1.628952 0.195917 5878485.070793 6511148284.832178 
rand_136 -1.669731 -1.110722 0.004532 -1.628972 0.194357 5624502.769994 7207237618.141012 
rand_137 -1.622096 -1.124658 0.000964 -1.628934 0.203990 4279253.778573 6603378358.682629 
rand_138 -1.694182 -1.138877 0.005807 -1.628960 0.192913 4251380.152867 6925558393.918171 
rand_139 -1.647841 -1.143651 0.000628 -1.628931 0.187049 4557945.263967 6878955951.468590 
rand_140 -1.628609 -1.163238 0.004973 -1.628924 0.196839 5511520.940108 6737928755.133883 
rand_141 -1.692626 -1.140330 0.002361 -1.628899 0.194107 4050336.487242 7134490857.784889 
rand_142 -1.657929 -1.100416 0.001831 -1.628945 0.194001 3559985.134769 7360942587.754632 
rand_143 -1.672091 -1.134028 0.010865 -1.628968 0.192793 4789733.609045 7597539413.697025 
rand_144 -1.690613 -1.128525 0.006974 -1.628940 0.195963 5735432.797581 7372706317.822778 
rand_145 -1.655044 -1.124606 0.002220 -1.628928 0.201142 3287050.879822 8022305208.666492 
rand_146 -1.667826 -1.137276 0.007573 -1.628899 0.201557 2491078.824629 6612194870.875680 
rand_147 -1.634332 -1.112767 0.002363 -1.628902 0.204414 5690260.642358 6778160412.675097 
rand_148 -1.661345 -1.126720 0.003993 -1.628937 0.197837 5129947.818736 7631301761.607208 
rand_149 -1.684569 -1.133577 0.006212 -1.628940 0.201381 4962525.261937 8189993722.730333 
rand_150 -1.663547 -1.144690 0.003077 -1.628966 0.197259 4732524.613506 7204328755.456045 
rand_151 -1.671137 -1.114871 0.005803 -1.628944 0.192719 5000147.921396 7229819719.822293 
rand_152 -1.626318 -1.126135 0.001729 -1.628920 0.203220 5706411.886243 6791254949.423104 
rand_153 -1.651498 -1.129698 0.010573 -1.628898 0.192322 6691028.493620 7918863592.306462 
rand_154 -1.659858 -1.130927 0.005888 -1.628915 0.193105 5490888.278488 6955793734.050862 
rand_155 -1.614955 -1.120855 0.003321 -1.628949 0.197177 4194639.941641 7450825205.664965 
rand_156 -1.652955 -1.149796 0.001545 -1.628970 0.195078 4707805.686460 6712623772.948496 
rand_157 -1.669727 -1.150751 0.002643 -1.628926 0.189293 5006812.118266 7044542869.669693 
rand_158 -1.667340 -1.122916 0.012532 -1.628942 0.200403 5351600.171197 7506344390.302241 
rand_159 -1.647644 -1.114150 0.001589 -1.628917 0.192292 5365936.455129 7159062171.174135 
rand_160 -1.677142 -1.160399 0.001989 -1.628954 0.200106 5226518.208342 6861887282.638437 
rand_161 -1.589206 -1.116989 0.009296 -1.628887 0.194755 6572255.705218 6438579732.544659 
rand_162 -1.653120 -1.104164 0.002361 -1.628944 0.194517 5606431.192671 6154689811.929513 
rand_163 -1.656235 -1.171899 0.003286 -1.628889 0.192306 3780322.452544 7033273253.243631 
rand_164 -1.701831 -1.143264 0.003702 -1.628913 0.197234 4975871.442042 7143358626.491115 
rand_165 -1.712297 -1.129374 0.004814 -1.628917 0.192149 6203521.817054 7401330352.959734 
rand_166 -1.674427 -1.081320 0.008043 -1.628960 0.209453 4470782.592153 7284838394.824989 
rand_167 -1.672320 -1.135825 0.005182 -1.628967 0.199292 4441526.355298 6471174953.259328 
rand_168 -1.676345 -1.137901 0.003243 -1.628937 0.199694 4864797.241703 7228545529.600969 
rand_169 -1.663739 -1.123881 0.000725 -1.628965 0.189092 4813439.001155 7294367107.988450 
rand_170 -1.705329 -1.147251 0.001841 -1.628905 0.198589 4683771.387322 6774849350.082157 
rand_171 -1.645920 -1.130027 0.002604 -1.628907 0.196459 4454302.375162 7465274293.223331 
rand_172 -1.661162 -1.133038 0.007746 -1.628921 0.191762 6251648.245877 6848906748.985989 
rand_173 -1.649508 -1.103399 0.002356 -1.628948 0.204291 5314766.423538 6526350732.798762 
rand_174 -1.653712 -1.130440 0.006892 -1.628907 0.188827 4039536.544632 7802107939.080617 
rand_175 -1.678068 -1.082299 0.001578 -1.628934 0.190694 3711461.964510 7289036213.301480 
rand_176 -1.651350 -1.156550 0.007145 -1.628952 0.194445 4742549.306248 6828552429.700186 
rand_177 -1.628781 -1.133253 0.004583 -1.628938 0.201379 5366719.430185 7749983491.162662 
rand_178 -1.676821 -1.129159 0.001843 -1.628933 0.192188 5257648.913319 7051368680.430268 
rand_179 -1.636919 -1.128369 0.002651 -1.628920 0.189303 5345690.216299 7047909142.065321 
rand_180 -1.630323 -1.157731 0.003818 -1.628900 0.191666 5749154.662242 7140615538.093516 
rand_181 -1.657162 -1.123702 0.004727 -1.628978 0.191612 4784672.103452 6738227005.456758 
rand_182 -1.663501 -1.163591 0.011516 -1.628884 0.195505 6409550.025972 7627292748.074626 
rand_183 -1.666183 -1.151206 0.003680 -1.628926 0.191564 4706701.033377 7007808876.381073 
rand_184 -1.657439 -1.144567 0.001839 -1.628923 0.191858 4241566.890328 7307046454.170712 
rand_185 -1.606216 -1.117880 0.001616 -1.628918 0.193728 2274041.632498 7129932542.808433 
rand_186 -1.674738 -1.116319 0.000820 -1.628925 0.188275 5848337.507923 6820262721.904852 
rand_187 -1.647653 -1.124315 0.003694 -1.628912 0.199126 3667335.458017 6894095443.428043 
rand_188 -1.651737 -1.139214 0.005671 -1.628848 0.193635 6337664.755605 7933783340.229059 
rand_189 -1.635792 -1.110579 0.004464 -1.628880 0.191254 2104949.455851 7078848456.492885 
rand_190 -1.660921 -1.137896 0.002160 -1.628934 0.195828 5155184.136797 7224193563.046830 
rand_191 -1.652082 -1.150013 0.005928 -1.628884 0.196312 3952350.554846 6793691284.102226 
rand_192 -1.678039 -1.113690 0.004059 -1.628911 0.193064 5477382.597346 6016796635.359937 
rand_193 -1.673114 -1.176131 0.006516 -1.628963 0.191772 4269559.888724 6532832115.836022 
rand_194 -1.661509 -1.129709 0.005417 -1.628964 0.195721 6415845.114925 7314620041.673980 
rand_195 -1.697606 -1.142296 0.002963 -1.628933 0.186341 3798163.497949 7329545238.467614 
rand_196 -1.668706 -1.117940 0.003603 -1.628900 0.195137 5163318.240806 7325619011.865098 
rand_197 -1.649461 -1.127134 0.011256 -1.628929 0.193734 5220941.916169 7416993990.741950 
rand_198 -1.632418 -1.131974 0.001076 -1.628900 0.198366 4344779.139731 7071774527.489055 
rand_199 -1.672229 -1.156108 0.008768 -1.628906 0.196450 5886057.449227 6905773433.827597 
rand_200 -1.661797 -1.128627 0.002424 -1.628918 0.197155 3741147.881365 6752111994.918176 
rand_201 -1.659373 -1.123541 0.004172 -1.628937 0.188386 5366994.088238 6504121625.186033 
rand_202 -1.672595 -1.137641 0.002297 -1.628944 0.202522 5719578.267905 7192480927.311642 
rand_203 -1.668440 -1.131006 0.005754 -1.628941 0.196286 4034061.410361 7000938804.134718 
rand_204 -1.642475 -1.115333 0.002965 -1.628910 0.187638 5921022.031402 6509973226.845455 
rand_205 -1.609246 -1.141857 0.002860 -1.628928 0.188483 4779241.602196 7509396486.098948 
rand_206 -1.653827 -1.159061 0.002734 -1.628930 0.194447 4230904.574030 8223615898.831823 
rand_207 -1.635702 -1.113706 0.006210 -1.628949 0.192076 4977119.560967 6703149803.310611 
rand_208 -1.690978 -1.120217 0.002484 -1.628900 0.201578 3959306.116413 6971138098.983920 
rand_209 -1.651927 -1.115775 0.001778 -1.628909 0.197335 4757542.752051 7291288203.920848 
rand_210 -1.624856 -1.142173 0.003071 -1.628857 0.193735 2996911.227238 7072959533.102868 
rand_211 -1.634816 -1.129954 0.009084 -1.628927 0.190704 5911659.362616 7208230256.226095 
rand_212 -1.664437 -1.124511 0.004391 -1.628884 0.190713 5835690.904749 6842813988.912875 
rand_213 -1.637337 -1.116809 0.002831 -1.628941 0.191367 7285242.385936 8146525410.607615 
rand_214 -1.652609 -1.121899 0.003486 -1.628970 0.191166 4805549.442244 6503254895.213032 
rand_215 -1.691588 -1.141588 0.008671 -1.628953 0.188417 5579461.755224 6627379668.528931 
rand_216 -1.678704 -1.128902 0.000250 -1.628909 0.192365 4877437.974413 6606637359.874833 
rand_217 -1.643649 -1.154266 0.007247 -1.628965 0.202229 5355864.041468 7328900817.711870 
rand_218 -1.665169 -1.126831 0.005104 -1.628936 0.193637 6770247.222461 7034151360.429174 
rand_219 -1.694512 -1.094688 0.009528 -1.628922 0.192030 5896168.122210 6833153057.603821 
rand_220 -1.654973 -1.166117 0.005470 -1.628908 0.193530 5408477.698383 7522759674.217454 
rand_221 -1.673926 -1.134577 0.000325 -1.628957 0.193186 3184838.692732 7149435694.349818 
rand_222 -1.722045 -1.134677 0.002765 -1.628909 0.195886 5390631.181996 7010353443.164227 
rand_223 -1.662612 -1.126947 0.002370 -1.628938 0.198716 3607249.034116 6717465875.364923 
rand_224 -1.700687 -1.136938 0.014753 -1.628906 0.191181 5398963.597760 6710927062.521130 
rand_225 -1.661734 -1.154260 0.004609 -1.628913 0.191958 5292622.296547 7208817406.558080 
rand_226 -1.662551 -1.123375 0.007037 -1.628943 0.189319 4001412.707469 7068525122.563866 
rand_227 -1.605997 -1.116987 0.001505 -1.628960 0.199380 4500557.516736 7480764738.234307 
rand_228 -1.646466 -1.103706 0.002459 -1.628905 0.202799 6135302.530604 7063682499.662977 
rand_229 -1.652757 -1.121600 0.006091 -1.628958 0.194123 6130326.399745 6600894907.841070 
rand_230 -1.630666 -1.110592 0.004353 -1.628929 0.197535 7036458.741627 6486129139.324976 
rand_231 -1.669514 -1.147526 0.006922 -1.628938 0.195564 3649002.610728 6608115093.280475 
rand_232 -1.669519 -1.142909 0.000502 -1.628956 0.191398 5648623.343418 7086520483.881556 
rand_233 -1.676920 -1.168413 0.000064 -1.628949 0.192358 5830207.019512 6582526476.688503 
rand_234 -1.633442 -1.112867 0.003770 -1.628937 0.195181 6181436.952303 6815388032.057549 
rand_235 -1.655641 -1.133441 0.001090 -1.628939 0.198049 6262066.603589 6896267944.818969 
rand_236 -1.675200 -1.123949 0.006389 -1.628930 0.191935 5722629.494866 6720803412.540273 
rand_237 -1.641892 -1.113953 0.002004 -1.628941 0.203834 6507375.589151 7031055960.762355 
rand_238 -1.687637 -1.110444 0.004758 -1.628902 0.190657 5159220.110879 6983193920.530349 
rand_239 -1.679612 -1.140641 0.002996 -1.628896 0.193064 4201892.116478 7605761326.787449 
rand_240 -1.666982 -1.143681 0.002604 -1.628953 0.196597 3390601.044491 7502708429.277800 
rand_241 -1.657643 -1.138711 0.005230 -1.628949 0.187886 3482731.340306 7573063975.049767 
rand_242 -1.652383 -1.151283 0.000173 -1.628927 0.191015 5473141.938210 7130740868.799857 
rand_243 -1.664997 -1.127065 0.010190 -1.628945 0.192822 3438432.467733 6882965384.967868 
rand_244 -1.654509 -1.109352 0.000010 -1.628939 0.195676 4992487.237891 7221791689.867816 
rand_245 -1.642350 -1.166920 0.004934 -1.628936 0.203138 4695340.900874 7403103904.743653 
rand_246 -1.624421 -1.137956 0.000717 -1.628957 0.194964 4381982.109681 7722985011.625278 
rand_247 -1.659095 -1.156984 0.005087 -1.628942 0.193267 5671490.119002 7056528045.628186 
rand_248 -1.621247 -1.146949 0.000277 -1.628963 0.196258 4652695.026284 7450894999.890558 
rand_249 -1.657138 -1.139410 0.008534 -1.628930 0.196805 4563429.374555 6735533548.365726 
rand_250 -1.666166 -1.104910 0.007806 -1.628865 0.193465 4917855.012896 7236899316.155749 
rand_251 -1.671689 -1.096486 0.004946 -1.628948 0.197210 4868325.252813 7552497325.607463 
rand_252 -1.689607 -1.115235 0.000346 -1.628960 0.195681 5159905.577453 6925664570.862543 
rand_253 -1.670607 -1.127979 0.006542 -1.628982 0.192228 6152484.266401 7026733111.433815 
rand_254 -1.642874 -1.127454 0.000854 -1.628940 0.193130 4772428.633326 6881948593.934612 
rand_255 -1.677645 -1.114996 0.005452 -1.628942 0.197542 5638210.392113 7045580315.716305 
rand_256 -1.677765 -1.114079 0.003880 -1.628944 0.198768 4444656.900829 7232058766.494818 
rand_257 -1.671477 -1.117537 0.008258 -1.628885 0.189839 4088557.919081 7365181016.305539 
rand_258 -1.645875 -1.109869 0.013016 -1.628928 0.198133 5123482.435993 7186808154.951411 
rand_259 -1.674820 -1.143034 0.004069 -1.628898 0.197016 4855844.495593 6865730791.649721 
rand_260 -1.705135 -1.133521 0.006787 -1.628905 0.191691 4296964.023298 6544785763.510205 
rand_261 -1.700360 -1.115279 0.011463 -1.628963 0.201437 5590190.856718 7443108928.926338 
rand_262 -1.680248 -1.139412 0.005334 -1.628904 0.200711 3245384.549895 8085985819.404511 
rand_263 -1.658775 -1.085056 0.008720 -1.628933 0.192930 5364064.921386 6852358968.731662 
rand_264 -1.666128 -1.116541 0.000717 -1.628968 0.192028 4624346.962033 6631555432.710172 
rand_265 -1.662865 -1.138063 0.005660 -1.628950 0.193029 4455937.574438 6653506489.215525 
rand_266 -1.628759 -1.095990 0.009325 -1.628900 0.194635 6681754.517075 6668388379.344309 
rand_267 -1.620207 -1.114386 0.009227 -1.628936 0.187390 6114338.579311 6653737476.922509 
rand_268 -1.684749 -1.144702 0.004835 -1.628943 0.191042 5564717.115032 7012420293.785508 
rand_269 -1.689507 -1.125859 0.002633 -1.628907 0.195068 4354172.715771 6715883917.364807 
rand_270 -1.635964 -1.146091 0.002947 -1.628895 0.199473 3274179.666941 7851821715.072592 
rand_271 -1.658366 -1.121442 0.014489 -1.628920 0.190577 6827531.443152 7453580448.738812 
rand_272 -1.659427 -1.151222 0.002825 -1.628940 0.188911 3644554.681392 7742155165.655272 
rand_273 -1.682814 -1.127301 0.002684 -1.628900 0.194799 6189264.384052 7139779772.563819 
rand_274 -1.690206 -1.131309 0.000958 -1.628981 0.190955 5279929.407021 7021515045.476109 
rand_275 -1.716621 -1.120902 0.007252 -1.628928 0.196795 4844918.187033 7152532169.244582 
rand_276 -1.657824 -1.117892 0.010745 -1.628903 0.193882 4941500.970447 7125731220.084939 
rand_277 -1.639897 -1.118026 0.005930 -1.628898 0.190298 5943116.834022 7178927788.683733 
rand_278 -1.647435 -1.126465 0.002812 -1.628883 0.194720 6648464.508981 6602620918.812760 
rand_279 -1.654065 -1.150205 0.000109 -1.628897 0.200620 6091185.094084 7528284563.084155 
rand_280 -1.682734 -1.125953 0.001276 -1.628922 0.189542 5382072.257468 6511334821.111947 
rand_281 -1.691791 -1.136190 0.004247 -1.628955 0.195478 7111504.313773 7318838634.902612 
rand_282 -1.644702 -1.098102 0.003160 -1.628937 0.191602 5687881.611662 7021291003.282186 
rand_283 -1.687545 -1.115990 0.006965 -1.628937 0.192792 4669298.968557 7029333041.360492 
rand_284 -1.679165 -1.164608 0.000054 -1.628953 0.192207 5870257.866334 6734705866.950626 
rand_285 -1.677785 -1.125197 0.002758 -1.629009 0.188290 5132344.321881 7051574028.441072 
rand_286 -1.660344 -1.081142 0.000362 -1.628930 0.199896 5473504.851530 7009348371.437074 
rand_287 -1.659029 -1.148219 0.004202 -1.628957 0.198804 6039206.972916 6815986527.102125 
rand_288 -1.641316 -1.118587 0.001101 -1.628926 0.186143 5500542.023347 7073505542.897518 
rand_289 -1.659172 -1.138460 0.004661 -1.628966 0.192258 5256254.028909 8939277537.189697 
rand_290 -1.662354 -1.097650 0.005849 -1.628969 0.193241 4463305.198015 7496184293.006283 
rand_291 -1.633676 -1.143310 0.005284 -1.628945 0.200745 7224251.200097 7075587942.844047 
rand_292 -1.674499 -1.132374 0.001183 -1.628906 0.186727 5365592.447765 7293584645.239919 
rand_293 -1.659458 -1.117523 0.008621 -1.628926 0.196517 4956006.923005 6425422072.973389 
rand_294 -1.683724 -1.156642 0.003881 -1.628915 0.189778 5792896.014254 6582840926.693252 
rand_295 -1.656489 -1.133255 0.007290 -1.628959 0.199004 6164762.678116 7392733941.621017 
rand_296 -1.641418 -1.119293 0.011474 -1.628928 0.196080 5185695.354860 7793202136.938385 
rand_297 -1.674428 -1.175548 0.009992 -1.628955 0.190342 4147911.040287 7266549479.520910 
rand_298 -1.621922 -1.112978 0.001584 -1.628899 0.192475 4569578.807562 6649376250.882175 
rand_299 -1.659293 -1.152583 0.008061 -1.628898 0.194407 3785059.262585 7493131826.786086 
rand_300 -1.647189 -1.153710 0.012858 -1.628946 0.187789 4808055.978444 7181582909.894485 
rand_301 -1.695420 -1.104548 0.011375 -1.628889 0.199296 5022356.056022 7047637062.675714 
rand_302 -1.627727 -1.141940 0.001009 -1.628936 0.189997 4814791.567823 7401541269.036706 
rand_303 -1.634906 -1.165291 0.001227 -1.628888 0.194368 6094499.488017 7521163829.803869 
rand_304 -1.705353 -1.125533 0.007104 -1.628963 0.192071 3774471.012594 7242278361.660769 
rand_305 -1.691738 -1.109460 0.007815 -1.628963 0.190234 5504472.563500 7866356769.764565 
rand_306 -1.641675 -1.146702 0.005668 -1.628916 0.192200 3943624.555460 7291620885.334219 
rand_307 -1.638241 -1.123905 0.004179 -1.628953 0.197618 6118721.823956 6975475170.893772 
rand_308 -1.702856 -1.129871 0.009575 -1.628920 0.189999 2973001.889030 6989623330.097828 
rand_309 -1.643171 -1.151020 0.001969 -1.628959 0.192053 5184841.116843 7481468335.725077 
rand_310 -1.675340 -1.147463 0.005023 -1.628965 0.202171 5973052.864599 7130433701.071114 
rand_311 -1.662335 -1.117477 0.003812 -1.628905 0.190785 5401375.469130 7853228218.560004 
rand_312 -1.664962 -1.113313 0.002766 -1.628875 0.194773 3912140.071879 6781994340.808225 
rand_313 -1.677639 -1.128084 0.005250 -1.628935 0.197634 5476895.632196 6584864164.133183 
rand_314 -1.665646 -1.188519 0.007115 -1.628914 0.194944 5150041.135938 7283248422.412955 
rand_315 -1.681287 -1.091346 0.008436 -1.628936 0.185513 3348321.274234 7690680674.391921 
rand_316 -1.674076 -1.095985 0.002545 -1.628914 0.196273 4165630.707587 7281580919.398012 
rand_317 -1.686898 -1.114927 0.003919 -1.629017 0.190773 4373402.039923 6942574034.053959 
rand_318 -1.631383 -1.150869 0.002288 -1.628947 0.196412 3657267.541844 7215093136.662419 
rand_319 -1.671741 -1.154972 0.008340 -1.628877 0.193763 5285006.755124 6531620278.636500 
rand_320 -1.637822 -1.131072 0.001903 -1.628920 0.193008 7244683.517719 7068526318.404361 
rand_321 -1.646926 -1.142354 0.002982 -1.628933 0.204413 4974869.436305 6915249494.969139 
rand_322 -1.634902 -1.106996 0.005420 -1.628915 0.193329 4305740.398750 6843529847.722286 
rand_323 -1.670407 -1.109966 0.001636 -1.628906 0.193727 4500062.255795 6475368112.740952 
rand_324 -1.664704 -1.159734 0.008719 -1.628989 0.195878 2769079.881591 7033363559.663366 
rand_325 -1.657675 -1.106443 0.002800 -1.628938 0.188364 3336696.125263 6927451033.460614 
rand_326 -1.688045 -1.134611 0.002215 -1.628965 0.193229 5601433.173488 8157009730.184345 
rand_327 -1.658283 -1.143561 0.001324 -1.628873 0.194551 4638961.123435 7585496028.147244 
rand_328 -1.667018 -1.131211 0.002764 -1.628972 0.195509 3376991.939185 7274640640.799006 
rand_329 -1.632738 -1.154005 0.002736 -1.628936 0.192491 5177388.303511 6309048067.627110 
rand_330 -1.627220 -1.105334 0.000882 -1.628914 0.188911 4719838.057526 6462372234.931700 
rand_331 -1.618397 -1.133388 0.002246 -1.628914 0.197369 5654573.059802 7444811464.362599 
rand_332 -1.701254 -1.108232 0.005388 -1.628960 0.198912 4261713.988539 8256392166.881708 
rand_333 -1.644051 -1.108522 0.008383 -1.628958 0.190728 7061867.445565 7415347043.022889 
rand_334 -1.667692 -1.141088 0.000704 -1.628952 0.199954 3656010.036145 7759783924.281844 
rand_335 -1.675731 -1.127777 0.007685 -1.628945 0.194112 4082822.158743 7615455560.785774 
rand_336 -1.625006 -1.144899 0.004917 -1.628943 0.190032 3271012.830426 6828343184.775224 
rand_337 -1.683265 -1.103957 0.007107 -1.628913 0.194345 4384827.998647 7289534066.999038 
rand_338 -1.655225 -1.139986 0.005165 -1.628947 0.188669 4887008.270575 6618795161.878366 
rand_339 -1.681692 -1.116751 0.004370 -1.628923 0.197375 5764538.088974 6969451191.158532 
rand_340 -1.715790 -1.110022 0.005570 -1.628949 0.195931 4845665.893660 6914296845.513580 
rand_341 -1.694569 -1.097244 0.000509 -1.628919 0.189503 5533961.872631 6912412676.799497 
rand_342 -1.713007 -1.108503 0.006953 -1.628923 0.188777 5781635.537321 7341678873.821667 
rand_343 -1.670057 -1.135595 0.000633 -1.628940 0.184202 4393026.211758 7057827386.578374 
rand_344 -1.689629 -1.100905 0.004207 -1.628954 0.192645 3749816.720558 6899860268.571418 
rand_345 -1.633410 -1.108719 0.006712 -1.628946 0.191749 5075967.582977 7214615473.487403 
rand_346 -1.646694 -1.158426 0.005390 -1.628952 0.193150 6066139.041183 7288589256.789978 
rand_347 -1.681196 -1.108033 0.005696 -1.628929 0.191219 6506849.694916 6776901043.375592 
rand_348 -1.683691 -1.121032 0.009463 -1.628909 0.199357 2975752.969646 8415062226.638204 
rand_349 -1.673239 -1.132615 0.004970 -1.628918 0.191152 3338114.705618 7383270324.140843 
rand_350 -1.668648 -1.132302 0.002329 -1.628909 0.200465 3476789.779471 7094809776.043843 
rand_351 -1.631903 -1.130578 0.010713 -1.628959 0.192179 6204196.067014 7418237795.767595 
rand_352 -1.672126 -1.137247 0.001128 -1.628932 0.191157 6171946.592236 6703362533.887205 
rand_353 -1.657748 -1.121691 0.000184 -1.628949 0.192432 4844015.578699 6807618369.183332 
rand_354 -1.672715 -1.108465 0.008231 -1.628930 0.192782 4976568.562083 6391304166.199223 
rand_355 -1.646916 -1.151133 0.000578 -1.628914 0.204910 5661025.499405 6439421878.939109 
rand_356 -1.643384 -1.167401 0.004037 -1.628943 0.186356 5417746.252227 7635679854.305775 
rand_357 -1.632686 -1.129057 0.000352 -1.628974 0.200207 6812231.490930 7394662376.582186 
rand_358 -1.638711 -1.109729 0.001495 -1.628958 0.196572 4604403.666517 7165587702.389451 
rand_359 -1.715588 -1.115836 0.003558 -1.628986 0.193541 5610350.463388 6679395417.567222 
rand_360 -1.694990 -1.139359 0.011067 -1.628930 0.188499 5046783.644005 7646897980.003162 
rand_361 -1.655208 -1.134849 0.001877 -1.628943 0.200930 6127030.934351 6892447287.683460 
rand_362 -1.654566 -1.167979 0.004932 -1.628947 0.187964 5617508.211698 7078850899.463697 
rand_363 -1.666497 -1.102708 0.005471 -1.628971 0.196007 4940092.080913 6906994382.026554 
rand_364 -1.637913 -1.139004 0.005021 -1.628947 0.190057 4482431.061606 7828158187.114347 
rand_365 -1.625405 -1.127256 0.002939 -1.628935 0.199725 4758399.696670 6914947949.407729 
rand_366 -1.675819 -1.135783 0.006749 -1.628937 0.190652 3815589.764633 7639447091.173407 
rand_367 -1.695815 -1.147037 0.004305 -1.628907 0.196533 5859070.915235 6984469755.530609 
rand_368 -1.649951 -1.141774 0.000290 -1.628954 0.192764 4495208.130852 6246575185.625802 
rand_369 -1.673933 -1.139447 0.002326 -1.628932 0.190325 5161215.378097 6837172602.195037 
rand_370 -1.709043 -1.142956 0.004667 -1.628901 0.187421 3473015.049839 7230446084.088155 
rand_371 -1.653401 -1.115816 0.003287 -1.628904 0.198973 5361873.807912 7091699908.609747 
rand_372 -1.649822 -1.115228 0.002453 -1.628906 0.196881 4504650.210432 7781290181.986020 
rand_373 -1.676253 -1.134901 0.002766 -1.628937 0.191220 7631618.013112 7312121139.489718 
rand_374 -1.663688 -1.127496 0.002447 -1.628934 0.192629 5662793.362098 7813934089.345618 
rand_375 -1.652734 -1.100259 0.001263 -1.628938 0.188249 2866446.331023 6941372454.673897 
rand_376 -1.626249 -1.161680 0.004961 -1.628913 0.190285 6211400.566812 6742053270.212245 
rand_377 -1.645849 -1.099249 0.002114 -1.628957 0.194802 5214370.179227 7040863141.022735 
rand_378 -1.694462 -1.097842 0.001240 -1.628913 0.189221 3426447.295736 7403249874.025458 
rand_379 -1.625899 -1.114207 0.004692 -1.628957 0.194278 3783749.425150 6524707712.615571 
rand_380 -1.620806 -1.121224 0.003446 -1.628914 0.197656 3946595.120117 7583136282.286145 
rand_381 -1.650293 -1.121188 0.003749 -1.628914 0.195291 6472291.041439 7641283874.273453 
rand_382 -1.634114 -1.159390 0.003348 -1.628908 0.188076 3697649.215346 7534347501.197191 
rand_383 -1.687859 -1.118268 0.001487 -1.628915 0.194368 5043957.057608 7127610797.047778 
rand_384 -1.659105 -1.107939 0.002191 -1.628919 0.202213 4106020.918937 7352118607.623482 
rand_385 -1.640377 -1.154943 0.004950 -1.628873 0.201298 4353327.841285 6867816736.418560 
rand_386 -1.654037 -1.150038 0.009053 -1.628967 0.193054 5415545.118257 7484918866.578864 
rand_387 -1.677081 -1.100715 0.001016 -1.628894 0.192216 5475025.565191 6914348749.813858 
rand_388 -1.683124 -1.134704 0.007833 -1.628883 0.198237 3854004.010420 6862858398.114242 
rand_389 -1.653360 -1.111747 0.007769 -1.628941 0.192498 2929542.885625 7062883842.657963 
rand_390 -1.642601 -1.149574 0.002396 -1.628905 0.187470 3716893.644642 7102763051.630991 
rand_391 -1.686358 -1.116630 0.004194 -1.628885 0.196791 4626697.399345 7720132706.317609 
rand_392 -1.672384 -1.117010 0.007879 -1.628932 0.190627 5569494.037581 6914551853.964989 
rand_393 -1.605970 -1.171422 0.000753 -1.628934 0.192423 5490550.479454 7445782601.893842 
rand_394 -1.645236 -1.114581 0.002081 -1.628953 0.194561 6447154.699106 6446362801.608561 
rand_395 -1.665715 -1.140828 0.010458 -1.628868 0.191642 5656842.544117 7652297113.477852 
rand_396 -1.637442 -1.123295 0.006340 -1.628897 0.197862 4251339.466440 6486114741.728498 
rand_397 -1.643017 -1.134926 0.000975 -1.628956 0.197795 5287597.614415 7672831469.802752 
rand_398 -1.654731 -1.110383 0.002308 -1.628910 0.197853 2982344.936875 7305634840.942313 
rand_399 -1.654249 -1.107565 0.003091 -1.628937 0.200548 5673264.576037 7839156270.012055 
rand_400 -1.675231 -1.101507 0.001402 -1.628971 0.194135 5666928.568471 7024573308.060433 
rand_401 -1.638317 -1.104483 0.002905 -1.628853 0.190933 3868071.100602 7421111441.289928 
rand_402 -1.678389 -1.108733 0.010927 -1.628954 0.189960 6800413.942094 6904345154.379599 
rand_403 -1.639948 -1.132662 0.007413 -1.628941 0.189526 5807214.831958 7148300468.224004 
rand_404 -1.638338 -1.133348 0.002495 -1.628936 0.187612 6326874.459666 7560759031.949909 
rand_405 -1.672993 -1.139517 0.008224 -1.628944 0.189534 6030284.616993 6905147456.186018 
rand_406 -1.698815 -1.144935 0.005585 -1.628933 0.196956 4352202.293212 6995275902.966863 
rand_407 -1.643522 -1.161224 0.006704 -1.628902 0.193761 4517352.149575 7032529276.105546 
rand_408 -1.642054 -1.117948 0.012755 -1.628938 0.197798 4119124.926516 6840976037.049679 
rand_409 -1.649985 -1.130531 0.004155 -1.628914 0.187919 2609191.295071 7284870473.032851 
rand_410 -1.693562 -1.126336 0.003354 -1.628927 0.192121 5622616.722105 7109485569.078205 
rand_411 -1.653129 -1.116022 0.003356 -1.628964 0.207905 6335804.609390 7796982657.581421 
rand_412 -1.619439 -1.129152 0.005995 -1.628917 0.200889 4913118.245295 6744462451.104557 
rand_413 -1.622204 -1.137314 0.006099 -1.628934 0.205628 8003853.089142 7148207339.445301 
rand_414 -1.631154 -1.133853 0.009113 -1.628980 0.203340 4412587.007061 6740590758.022141 
rand_415 -1.646552 -1.141853 0.002945 -1.628963 0.194137 3721163.211201 6773214254.632290 
rand_416 -1.648331 -1.109618 0.003034 -1.628910 0.195691 5386101.811413 6736209561.270058 
rand_417 -1.671425 -1.156911 0.007814 -1.628864 0.194976 5077719.184637 6627079656.049673 
rand_418 -1.621671 -1.121168 0.000770 -1.628927 0.191859 5881903.797966 7845694106.726746 
rand_419 -1.655484 -1.127775 0.002511 -1.629014 0.202010 5406367.785403 7897367478.103281 
rand_420 -1.633240 -1.157191 0.000100 -1.628919 0.199663 6277137.956691 7373098888.115692 
rand_421 -1.666634 -1.133727 0.005309 -1.628973 0.200351 3454127.959268 7235277575.160137 
rand_422 -1.645861 -1.117339 0.004998 -1.628943 0.188766 4980821.293598 6710502487.906767 
rand_423 -1.662495 -1.133831 0.001493 -1.628880 0.191035 4635294.589176 7146650665.965783 
rand_424 -1.694846 -1.145381 0.000867 -1.628950 0.195714 5892522.398067 7665293656.169860 
rand_425 -1.677369 -1.128936 0.003109 -1.628918 0.188875 4179703.609289 7627010604.253541 
rand_426 -1.669140 -1.158755 0.004454 -1.628932 0.194394 4017324.627095 7271427612.473377 
rand_427 -1.624913 -1.141227 0.008213 -1.628924 0.188260 4950025.192124 6968932305.086759 
rand_428 -1.685459 -1.152821 0.006786 -1.628976 0.188550 5234503.966056 6637695312.210945 
rand_429 -1.682691 -1.125057 0.006402 -1.628924 0.202024 5496681.786030 7273238139.118892 
rand_430 -1.676735 -1.108447 0.000326 -1.628897 0.206145 4084115.578920 6875971558.593166 
rand_431 -1.631999 -1.121351 0.010940 -1.628966 0.198948 5763623.873797 6976424929.802062 
rand_432 -1.663324 -1.095839 0.001706 -1.628897 0.191596 3790424.964188 7907257228.769649 
rand_433 -1.662681 -1.108942 0.000933 -1.628956 0.193960 4299876.860377 6830527910.226608 
rand_434 -1.641362 -1.147549 0.000326 -1.628905 0.196882 4899062.278695 7576419232.359985 
rand_435 -1.621730 -1.133997 0.000391 -1.628952 0.197994 6041923.441033 7146201748.435946 
rand_436 -1.614772 -1.121995 0.004929 -1.628960 0.194516 3728660.677723 6927721308.704982 
rand_437 -1.624267 -1.144599 0.011299 -1.628913 0.198378 5838467.536540 7473095838.424225 
rand_438 -1.664217 -1.120547 0.000769 -1.628919 0.195391 4972418.012676 6677838997.620208 
rand_439 -1.668697 -1.121791 0.010295 -1.628971 0.190291 5498076.451076 6623028139.759166 
rand_440 -1.663565 -1.124153 0.009163 -1.628904 0.196648 4307384.211240 7193116220.699730 
rand_441 -1.699801 -1.131712 0.004110 -1.628966 0.199970 4879655.588001 8073081374.300665 
rand_442 -1.692338 -1.149927 0.001851 -1.628943 0.196256 5358428.074669 8033732666.304752 
rand_443 -1.645690 -1.121854 0.006553 -1.628925 0.190442 6817435.720116 7012451366.809609 
rand_444 -1.695231 -1.128459 0.005314 -1.628952 0.195074 3560300.410219 7102308824.794335 
rand_445 -1.684077 -1.144849 0.000993 -1.628908 0.191491 4362266.456947 6743279853.137039 
rand_446 -1.655610 -1.128826 0.001832 -1.628915 0.189753 4461802.905410 7661722760.696753 
rand_447 -1.684351 -1.137161 0.004889 -1.628931 0.189737 5210641.800638 7796282543.187649 
rand_448 -1.672900 -1.120080 0.001734 -1.628993 0.190741 3487658.916632 7009693684.143526 
rand_449 -1.672536 -1.119934 0.005793 -1.628897 0.195912 3636240.463609 6917425657.404713 
rand_450 -1.715637 -1.140528 0.004831 -1.628929 0.201208 6911337.900232 7262848641.856864 
rand_451 -1.661346 -1.130979 0.000459 -1.628944 0.199015 4811616.304225 6762261278.288661 
rand_452 -1.668527 -1.139550 0.002172 -1.628928 0.196458 4553546.736719 7333500168.179907 
rand_453 -1.665270 -1.101121 0.006444 -1.628903 0.198583 7556250.368755 6265831999.531319 
rand_454 -1.691902 -1.136602 0.006355 -1.628922 0.200596 4507288.966543 7159227829.259981 
rand_455 -1.679769 -1.124131 0.004444 -1.628924 0.200474 4539939.733177 7094804413.873160 
rand_456 -1.670103 -1.093835 0.008721 -1.628974 0.194170 5103667.114470 6776738591.330161 
rand_457 -1.685134 -1.180361 0.006992 -1.628977 0.191897 5834550.682315 7253916831.046358 
rand_458 -1.671931 -1.117116 0.004942 -1.628937 0.203754 3389058.425591 7996170517.497602 
rand_459 -1.603088 -1.119741 0.003391 -1.628915 0.197368 6915815.321254 7475741387.330148 
rand_460 -1.652324 -1.142261 0.006991 -1.628900 0.199224 5917672.969570 6819532398.751247 
rand_461 -1.670246 -1.157527 0.002120 -1.628890 0.188956 5633276.021601 6855918216.707521 
rand_462 -1.662374 -1.138905 0.006558 -1.628871 0.201766 4405287.452365 6970042340.189631 
rand_463 -1.631967 -1.135404 0.003998 -1.628937 0.190985 4882008.567187 7017990244.619172 
rand_464 -1.674413 -1.123330 0.003304 -1.628919 0.191789 5723732.950673 6418920231.687082 
rand_465 -1.653976 -1.157479 0.004110 -1.628925 0.190128 4442861.021706 7172709559.926573 
rand_466 -1.629265 -1.149356 0.003754 -1.628946 0.194221 6004902.014408 7026323904.426065 
rand_467 -1.661103 -1.139466 0.001507 -1.628900 0.194871 5158670.767323 6884803455.626619 
rand_468 -1.665189 -1.089528 0.009418 -1.628907 0.193631 3471288.104342 7213907836.596519 
rand_469 -1.625403 -1.137521 0.006307 -1.628935 0.194662 4023063.005349 7510705742.561419 
rand_470 -1.636433 -1.146067 0.002833 -1.628955 0.189329 4406492.456769 6998727693.191394 
rand_471 -1.647780 -1.114145 0.006310 -1.628963 0.197552 4767365.063405 6857150446.450295 
rand_472 -1.662369 -1.162573 0.003499 -1.628949 0.203721 4853696.707064 7290983310.124766 
rand_473 -1.686712 -1.147441 0.003676 -1.628922 0.191029 4402212.603044 6748531400.149847 
rand_474 -1.613231 -1.169667 0.004540 -1.628947 0.190606 4313558.428529 7370193723.240286 
rand_475 -1.634540 -1.131837 0.004602 -1.628926 0.193554 4840557.322833 7512034873.504045 
rand_476 -1.661873 -1.141563 0.006430 -1.628940 0.193277 4800570.131546 7404267871.329865 
rand_477 -1.632434 -1.103426 0.005630 -1.628937 0.188891 3669707.097161 6774419738.758478 
rand_478 -1.636803 -1.125990 0.004203 -1.628921 0.187523 5086841.805267 7125288444.635452 
rand_479 -1.674020 -1.131275 0.000567 -1.628935 0.200163 5563747.847297 7146699703.837838 
rand_480 -1.666387 -1.150046 0.000824 -1.628961 0.185914 5267463.845640 7275178266.632204 
rand_481 -1.642065 -1.135231 0.006057 -1.628944 0.194510 4558053.939860 7490363061.366670 
rand_482 -1.680171 -1.111599 0.002246 -1.628912 0.189223 5314539.971923 6592551663.587316 
rand_483 -1.644152 -1.149107 0.001618 -1.628923 0.200408 5364664.281016 7351073039.033360 
rand_484 -1.665227 -1.112665 0.002169 -1.628929 0.188080 5475103.384265 7712795759.628222 
rand_485 -1.677354 -1.152872 0.012115 -1.628936 0.190508 5485130.845810 6933015856.392653 
rand_486 -1.681473 -1.134388 0.004515 -1.628954 0.188233 5470640.223639 8168063189.545218 
rand_487 -1.665176 -1.115541 0.003365 -1.628970 0.190833 3614499.837501 7899096075.823630 
rand_488 -1.652985 -1.117698 0.004204 -1.628923 0.189256 4521577.021979 6658099587.519561 
rand_489 -1.673530 -1.147440 0.000685 -1.628936 0.197005 4059585.965186 7171588821.009092 
rand_490 -1.668221 -1.141725 0.002603 -1.628924 0.196647 3422684.358515 6785427277.515115 
rand_491 -1.655792 -1.131607 0.005927 -1.628906 0.208157 3083182.250669 7198687703.382355 
rand_492 -1.593458 -1.095008 0.005370 -1.628959 0.184927 6440824.663994 7518965053.278859 
rand_493 -1.652470 -1.095885 0.008146 -1.629015 0.198081 4684308.270566 7856611798.866850 
rand_494 -1.650516 -1.107172 0.001871 -1.628916 0.192651 6517654.621588 6474381819.609953 
rand_495 -1.660028 -1.112369 0.006982 -1.628895 0.197892 6286498.064012 6463937511.446723 
rand_496 -1.611416 -1.157110 0.004368 -1.628935 0.193313 4294201.607000 7044628665.981523 
rand_497 -1.705373 -1.105584 0.002434 -1.628933 0.199206 5646971.758615 7019264597.189029 
rand_498 -1.685066 -1.151551 0.011512 -1.628942 0.203812 6155225.445996 6931330746.480607 
rand_499 -1.679207 -1.149549 0.002566 -1.628916 0.190827 4884294.387233 7295741901.953914 
